-0.45817,-0.11103,-0.023541,0.014526,-0.37784,-0.16303,0.31376,0.37351,0.19957,0.21785,0.2435,-0.035315,-0.25321,0.23741,0.24185,0.094721,0.14459,0.6136,0.50442,0.60391,0.4215,0.36648,0.27333,0.16692,0.036982,0.16336,0.63675,1.0641,1.8127,2.1305,1.6917,1.7434,1.5367,0.92006,1.0066,1.3355,0.77207,1.3564,1.0276,0.57653,0.57888,0.66453,0.49106,-0.4113,-0.43725,-0.25897,-0.04556,0.078964,0.40796,0.77811,0.67738,0.42192,0.38026,1.1766,1.1389,1.0022,1.0081,0.34628,0.87992,0.70089,-0.18451,-0.12254,0.46553,0.51574,-0.21424,0.33962,0.42877,1.1752,1.1128,0.43958,0.49415,1.0082,1.3109,0.57242,0.61351,0.9274,0.91817,0.19313,0.17238,-0.20754,0.568,0.12438,0.4776,0.76953,0.8128,0.68897,0.96816,0.97041,1.3635,0.99999,1.1879,1.1144,1.2616,0.30973,0.21859,0.0055592,0.47391,0.52599,0.14574,0.73217,1.5525,1.6596,1.7674,1.7434,1.516,1.1042,0.59847,0.53442,0.28716,0.5256,0.13523,0.15735,0.18093,0.58439,0.041688,-0.062813,0.35289,-0.058757,0.4126,0.42352,-0.060065,0.59844,0.89291,0.59877,0.70164,0.46001,0.73687,0.43517,0.60496,0.85651,0.98643,1.2835,1.0583,1.2873,1.3383,1.1938,1.2983,1.6338,1.002,1.2039,1.0081,0.75294,0.11433,0.059268,-0.19274,-0.2151,-0.043371,0.20756,0.27963,0.37724,0.02209,-0.033949,0.47012,0.75067,0.21094,-0.063878,0.4972,0.4802,0.7731,0.54722,0.51293,0.15181,-0.13134,-0.45045,-0.57077,-0.64056,0.09799,0.15508,-0.11362,0.45544,0.43885,1.0698,0.76155,1.0409,1.1808,1.3576,0.69399,0.32396,0.54776,0.71637,0.58315,0.62253,0.38784,1.1399,0.63002,0.60886,0.83648,0.50506,0.60066,0.10219,-0.15854,-0.24019,-0.16583,-0.5985,-1.3385,-1.2801,-0.32598,-1.0948,-0.5376,-0.44418,0.0098528,-0.10952,-0.6693,-0.64022,-0.83647,-0.73545,-1.3132,-0.91534,-0.74879,-0.52233,-0.48366,-0.474,-0.43663,-0.019988,-0.55386,-0.64785,-0.94941,-0.29774,0.45855,-0.22465,0.22074,0.37536,0.80333,0.54121,0.77376,0.16196,1.0879,0.50475,-0.29527,-0.22013,0.59549,0.016236,-0.1669,0.061035,0.18787,0.48434,-0.0049886,0.012184,0.098183,-0.14719,0.13423,-0.39466,-0.43028,0.096436,-0.25394,-0.40428,0.16633,0.31365,0.067851,0.20473,0.056852,0.29955,0.54875,0.56185,0.30288,1.2464,0.2757,0.49871,0.41912,0.44133,0.010944,-0.32962,-0.55228,-0.12198,0.13724,0.066241,0.050996,1.0132,1.1422,0.68382,0.55594,0.30372,0.47326,0.2637,0.032093,-0.015911,0.14252,0.25941,0.24841,-0.057958,0.13711,0.094178,0.231,-0.052718,-1.1092,-1.5947,-2.1849,-1.8674,-1.5368,-1.7558,-1.418,-1.1216,-0.031639,-0.3114,0.13968,0.80163,1.0483,0.7266,0.17729,-0.1449,-0.83902,-0.75592,-0.28045,-0.74897,-0.81725,-0.90136,-1.077,-0.66301,-0.96713,-0.96208,-0.72331,-0.86155,-0.29673,-0.63068,-0.55516,-0.12384,-0.18756,-0.61674,-0.66109,-0.64179,-0.52376,-0.92576,-1.4677,-1.8304,-2.0887,-2.6085,-3.2174,-3.8918,-3.3729,-3.5832,-3.4468,-3.9373,-3.3892,-2.6402,-1.9213,-0.8677,-0.61432,-0.031406,0.86421,0.25339,0.31715,0.12747,-0.12126,-0.50851,-0.46752,-0.66445,-0.94986,-1.2684,-1.3679,-1.1833,-1.3696,-1.0191,-0.47591,-0.12509,-0.19457,0.37567,-0.13169,1.2538,0.96121,0.67369,0.56013,1.4357,1.5547,1.6504,1.1995,1.3186,1.3097,1.1717,0.92903,1.2519,1.5498,1.0136,0.33345,0.43753,1.2829,1.0949,0.47738,0.82145,0.97095,0.98536,0.73723,0.42718,0.12868,0.91348,0.5621,0.51634,0.68035,0.669,1.1252,1.1731,0.44759,-0.033278,-0.12164,-0.079934,-1.1439,-1.4775,-1.3918,-1.1885,-1.8933,-1.2445,-1.1485,-0.33897,-0.32535,-0.37596,-0.50557,-0.48485,-0.23081,-0.79491,-1.0718,-0.65669,-0.3474,-0.52205,-0.18227,-0.45027,0.14727,-0.10809,0.20856,0.26367,0.99941,0.35835,0.40154,0.5091,1.0415,0.29,-0.080331,0.025062,0.67294,-0.2842,-0.22292,-0.23537,0.34694,0.58784,0.080921,-0.74369,-0.1987,-0.2841,-0.065829,-0.82394,-0.84869,-0.73724,-0.44185,-0.10536,-1.305,-0.54703,-0.061881,-0.38275,-0.4177,-0.20455,0.41868,0.49675,0.13535,-0.49611,-0.22479,0.10569,-0.31688,-0.27658,-0.24113,0.27631,0.22135,-0.1623,-0.11574,-0.51228,-0.62055,-0.84729,-0.84102,-1.6536,-1.4643,-1.4782,-1.2228,-0.72905,-0.72219,-0.28683,-0.07134,-0.14364,-0.12443,-0.098619,0.13565,0.077038,-0.49145,-1.2942,-1.3909,-0.49078,0.043317,-0.21056,-0.43824,-0.30482,-0.64996,0.14113,-1.093,-0.47497,-0.95063,-0.72566,-0.61865,-1.0896,-0.64373,-0.41735,-0.045342,-1.1113,-0.9521,-1.6879,-2.2094,-1.5466,-1.7208,-2.0001,-1.7983,-1.9187,-1.5063,-1.5763,-1.2086,-0.59091,-0.19981,-0.17545,-0.17783,-0.35913,-0.30103,0.10943,-0.4891,-0.77638,-1.1907,-0.94415,-1.6622,-2.1038,-2.1881,-2.3811,-2.659,-2.6552,-2.0659,-1.3604,-1.4714,-2.0851,-1.3284,-1.4465,-0.68225,-1.3088,-1.4064,-1.2236,-1.0472,-0.34415,-0.21788,-0.21794,0.10021,0.40164,0.20201,0.23936,0.12246,0.77682,0.55684,0.080249,-0.21214,-0.85878,-0.86382,-1.347,-2.4694,-2.5053,-2.6873,-3.1533,-3.2406,-2.4946,-2.8942,-2.4252,-1.2605,-1.705,-1.7373,-1.6938,-1.798,-1.9468,-1.8299,-0.59513,-0.3316,-0.096758,0.12351,0.30137,0.77977,-0.051556,-0.75607,-1.5669,-1.232,-1.3347,-1.2949,-1.7368,-1.1474,-0.38063,-0.32629,-0.17706,0.24503,0.94759,1.5548,1.7489,1.652,2.187,2.8115,2.6367,2.48,1.9554,2.2791,1.9113,0.73107,0.45548,0.086178,0.32949,-0.85172,-0.58745,-0.79674,-0.81877,-0.86074,-0.88431,-0.85578,-0.7848,-1.216,-1.4033,-1.3755,-0.66906,-0.1144,-0.51712,0.19098,0.10705,1.2374,0.18019,0.62105,1.4068,1.7447,2.2021,1.962,1.9978,1.6885,1.2343,0.8015,0.4058,0.47445,0.032152,-0.39834,-0.5483,-0.25549,-0.063811,0.28991,-0.34527,-0.066319,0.18341,0.25993,0.25528,0.27266,-0.23845,-0.44551,-0.32321,-0.17148,-1.0461,-1.2261,-0.87657,-0.60516,-0.49936,-0.39096,-0.11819,0.71382,1.2527,1.3934,1.1814,1.0004,0.62843,-0.002964,-1.0649,-0.99052,-1.4409,-1.0001,-1.2458,-1.2648,-1.1889,-0.91044,-0.084119,-0.10155,-0.26083,0.18368,1.4649,1.6035,1.2623,1.6634,2.502,2.7053,2.2778,2.0878,2.3342,2.3045,2.1313,1.6297,1.3427,0.61719,-0.30285,-2.1181,-2.4027,-2.9664,-2.1269,-1.5791,-0.97845,-0.52575,0.0013424,0.36529,0.38358,0.18587,0.060573,0.34225,0.71511,0.12277,0.16327,0.37076,0.73485,0.69459,0.30901,0.84972,0.84631,0.40894,0.45651,0.12916,-0.1173,0.26934,-0.51004,-0.32342,-0.26056,-0.33375,-0.63593,-0.41243,-0.81935,-0.29118,-0.3531,-0.27263,0.0594,-0.014449,1.0617,0.82006,0.58264,1.6591,1.8943,1.3856,0.95793,0.79612,1.8132,1.9049,0.9821,1.7131,1.4574,1.8612,0.99173,0.14429,0.55217,0.18807,0.31888,0.61694,0.26517,0.56506,0.44941,1.1359,1.149,1.3185,1.648,2.3958,2.2498,2.034,1.6731,1.4527,0.73557,-0.27642,-0.53093,-0.93517,-0.60269,-0.46017,-1.1769,-0.50948,-0.39781,-0.26704,-0.42423,-0.6778,-0.45777,-0.65986,-0.35245,-0.16038,-0.24304,-0.2011,0.21896,-0.37037,-1.5689,-2.4961,-2.8139,-2.2511,-2.3869,-1.9462,-1.457,-0.70191,-0.11269,0.093324,0.83968,1.034,1.0949,0.65335,0.46472,-0.090873,0.22889,0.0037801,-0.53461,-0.94904,-1.1798,-0.56517,-0.59607,-0.5942,-0.55991,0.47331,0.20093,0.11838,0.5485,1.5156,2.1901,2.1191,1.7107,1.859,1.575,0.21236,-1.3419,-1.9933,-2.137,-2.4924,-2.5261,-2.6062,-1.3068,-1.2843,-1.8002,-1.6596,-1.3781,-1.9574,-2.3712,-2.6224,-2.7697,-2.5687,-2.2636,-1.9115,-1.4451,-1.3812,-1.231,-1.1464,-0.2541,-0.20969,0.15181,0.46841,1.2936,1.6822,1.6352,2.0119,2.2997,2.2135,1.9513,1.7795,1.6522,0.90324,0.23959,-0.047546,0.1719,-0.013045,-0.39736,-0.7548,-0.60387,-0.66451,-1.095,-2.2505,-2.9944,-2.4649,-2.1008,-1.8571,-1.8206,-1.2985,-0.40412,-0.10569,-1.1334,-1.4761,-1.0638,-0.76033,-1.511,-1.2328,-0.60268,-0.038354,-0.4246,0.38534,1.2726,1.037,0.87149,0.68773,0.55289,0.84446,0.75903,0.80884,0.74168,0.87785,0.58661,0.46755,0.61805,0.99788,1.6129,0.92963,0.74637,0.5467,0.6505,1.0322,0.53318,0.74459,0.73593,1.3635,1.1493,0.71207,0.86353,1.2705,1.0615,0.19237,0.072674,-0.47216,-0.22387,-1.0946,-2.2646,-2.2693,-1.7618,-0.85593,-0.98945,-0.7374,-0.95544,-0.23526,-0.3021,-0.14996,0.13105,0.56428,1.2807,0.89282,1.0915,0.94073,1.0616,0.53924,0.41663,0.26392,0.32966,0.48635,-0.15901,-0.11768,-0.16135,0.25588,0.49032,0.61998,0.21134,0.20843,0.69517,0.023325,-0.96839,-0.30402,-0.28556,0.58274,0.20207,0.76043,1.4794,1.4876,0.93853,0.63961,0.51363,0.60536,0.25631,-0.20164,-0.25711,-0.78457,-0.33061,-0.85446,-0.78868,-0.86351,-0.018469,-0.36576,-0.47133,-0.19134,-0.16356,0.34843,-0.1033,0.057971,0.78551,1.7226,1.7604,1.2896,1.6487,2.2654,2.8626,1.8635,1.627,0.78135,0.70976,-0.3338,-0.93702,-0.86176,-0.58446,-0.064039,0.26071,-0.65262,-0.074238,-0.33617,0.57362,0.1943,0.011035,0.64616,1.2691,1.4255,1.7714,1.8249,2.2029,2.4399,1.3578,0.6122,0.37094,-0.026923,-0.78928,-0.37078,-0.90981,-0.75185,-0.43967,-0.58456,-0.37341,-0.6247,-1.0164,-1.4581,-1.7801,-1.9141,-1.9391,-1.9026,-1.9784,-1.8092,-1.5022,-1.0422,-0.62262,-1.2459,-1.4287,0.091886,0.74131,0.59478,1.2956,0.52117,1.1594,0.89438,0.26924,-0.16334,-0.48803,-0.45343,-0.75111,-1.6133,-2.6393,-3.0818,-4.1662,-3.4784,-4.7271,-4.5786,-3.4574,-2.7541,-2.3429,-2.2146,-2.0922,-0.88367,-1.0602,-0.98855,-0.65274,-0.18724,-1.024,-1.5239,-1.8521,-1.8666,-2.0949,-1.7502,-1.2153,-0.33857,0.78325,0.7882,0.91762,1.1888,0.47875,0.051765,0.48896,-0.1033,-0.41103,-0.015627,0.17662,0.29949,0.16747,0.72644,1.1173,1.5903,2.1544,2.3023,2.7436,3.5016,3.1736,2.0731,1.3387,0.79883,0.49279,-0.43707,-1.4167,-1.6032,-1.4528,-0.20472,-0.7495,-1.2554,-0.76851,-0.09985,0.14842,-0.012805,0.63227,0.6433,0.96584,0.50455,0.50013,-0.0074404,0.56194,1.1638,0.71062,0.22762,0.26539,-0.18387,0.14645,0.17478,0.21904,0.1532,0.17159,0.23703,0.16102,-0.7379,-0.69029,-0.74664,-0.17345,-0.059449,-0.4736,-0.22593,-0.17147,0.42018,0.21562,-0.11993,0.063597,-0.058657,0.12977,-0.58421,-0.65074,-0.90656,-0.33718,-0.018974,-0.34655,-0.074502,0.07565,0.57467,0.0097189,-0.11798,0.21281,0.14804,0.81399,0.64969,0.42346,0.31595,0.1183,0.56378,1.0016,0.88933,0.50267,0.73181,1.25,1.2052,1.1325,0.9856,0.90182,1.279,1.3232,1.1969,0.96436,1.0765,0.67119,0.84014,0.89963,-0.074757,-0.16944,-0.20146,0.34562,0.54106,0.58327,0.7241,0.87709,1.0582,1.1775,0.4781,0.28748,0.21705,0.31265,0.6036,-0.026383,-0.086785,-0.39026,-0.11032,0.042594,0.41853,-0.38447,-0.3176,-0.024693,0.29288,-0.14932,-0.35215
0.1963,0.31823,0.02477,-0.29215,0.16528,0.19503,0.31981,0.06151,0.60468,0.43066,0.84511,0.53728,0.83269,1.4943,0.87125,1.0934,0.90266,0.5943,0.03834,-0.38378,-0.21965,-0.38762,-0.51423,-0.2998,0.01964,0.093384,0.25661,-0.095327,-0.61461,-0.14163,-0.36146,-0.76599,-0.68026,0.14679,-0.31793,-0.45615,-0.63402,-0.42754,-0.77228,-0.80723,-0.58216,-0.54952,-0.86889,-1.0509,-0.40919,-0.2327,0.17805,0.50258,0.20258,1.1922,-0.075744,-0.39943,-0.78527,-0.96509,-1.2226,-0.99065,-1.0637,-0.67568,-0.096462,-0.20768,-0.51961,0.076095,0.49,0.9954,0.19994,0.0082156,-0.12341,-0.012569,0.060576,-0.017659,0.17849,-0.099921,0.11499,0.14178,0.20661,0.56736,0.70749,1.048,0.39988,1.1187,1.1142,0.62127,0.76705,1.1386,1.3318,0.80435,0.56967,0.13951,0.42191,0.05627,0.43457,0.19015,0.43764,0.33349,-0.53304,-1.1097,-0.14535,-0.50561,-0.43768,-0.46832,-0.73656,-1.0034,-1.0579,-0.76626,-0.55781,-0.029074,-0.57985,0.15851,0.83368,0.65837,0.68983,1.0476,1.4761,1.3635,1.1045,0.72351,0.75527,0.22734,0.70713,0.8845,0.096705,-0.16931,0.43924,0.048445,-0.12763,0.15035,0.53522,1.3491,1.1427,1.3036,1.4989,1.4761,1.2924,0.74481,0.74753,1.0295,0.48732,-0.18827,-0.35358,-0.019403,0.22628,0.55198,0.10509,0.65035,0.53225,0.69441,0.45972,0.34671,0.29406,0.68881,0.57708,0.85964,0.86689,1.0337,1.3727,1.1889,1.9487,1.68,2.0629,2.2765,2.4732,2.2534,1.7851,1.0579,0.28859,0.18551,0.74348,-0.034237,-0.3286,-0.57738,-0.14668,0.12461,0.26479,0.058362,0.81212,0.99979,0.80445,1.0465,1.1024,0.95112,1.2119,1.0042,-0.059735,-0.037927,-0.44181,-0.816,-0.14907,-0.47616,-0.45791,0.11283,-0.39211,-0.45317,0.21139,0.73985,0.65474,1.0058,1.384,0.32277,0.4615,-0.2897,-1.106,-0.73229,-1.2558,-1.12,-0.37787,-0.41002,-0.62265,-0.0077837,-0.5103,0.047077,-0.28199,0.3492,0.38755,0.74729,1.3389,1.4051,2.5299,2.2525,1.9739,1.6184,1.9514,0.84665,1.5767,0.45554,-0.46747,-1.7574,-1.5344,-1.0705,-1.1215,-1.4333,-0.94389,-0.53726,-0.80116,-0.47275,-0.38312,-0.098599,0.17285,-0.22552,-0.36381,-0.40496,-0.37328,-0.91617,-0.85551,-0.51389,-0.34623,-0.25676,-0.0075709,0.64571,0.69337,0.86733,0.065616,0.59143,0.14448,0.61424,-0.3296,0.52119,-0.1348,0.3965,-0.137,-0.02404,-0.7445,-0.74711,-0.82276,-1.3089,-0.36547,-0.59901,-0.79524,-0.38251,-0.066262,0.063607,0.51348,1.4522,1.7786,1.8367,1.7307,1.387,0.51151,0.4378,0.16871,-0.32203,-0.47181,-0.27608,0.69035,0.7364,1.3148,1.8094,2.4249,2.4824,2.8229,2.5182,1.9936,1.4141,1.0414,0.36067,-0.90567,-1.1335,-0.82519,-0.26109,0.2327,-0.0043796,-0.08117,0.33392,0.21999,-0.55261,-1.0841,-1.4497,-1.5318,-1.2707,-1.7195,-1.2995,-1.498,-0.8424,-0.056568,-0.039936,-0.060236,0.56109,0.63111,-0.049177,-0.82355,-1.3242,-1.058,-1.9878,-1.3809,-0.84423,-0.08305,0.03125,0.44824,1.1577,1.029,2.0447,1.9357,2.1551,1.7398,1.656,0.79079,-0.090761,-0.67777,-0.72795,-1.2328,-1.813,-1.1726,-0.29306,-0.3349,-0.04965,-0.52717,-0.3009,-0.42103,-0.29279,0.32117,0.16512,0.91412,0.47344,-0.17013,0.32144,-0.97717,-0.32923,-1.1302,-1.182,-1.3991,-1.8291,-1.6857,-1.0041,-1.5106,-1.6611,-1.4819,-1.7495,-1.3738,-1.7729,-1.6557,-1.7384,-0.79312,0.62134,0.74131,1.6126,2.1555,1.4551,0.29194,-0.57627,-0.45329,-1.8539,-2.1918,-1.9671,-1.8135,-1.8427,-1.8587,-1.0934,-1.5658,-1.1029,-0.93641,-0.60423,-0.22689,-0.12725,0.49794,0.91794,1.2452,1.23,1.4839,1.574,1.2784,0.12615,-0.16011,-0.52916,-1.2975,-1.2349,-1.2835,-1.0896,-1.2597,-1.5055,-1.5892,-1.3007,-1.3504,-1.4519,-1.792,-0.97067,-0.79894,-0.45906,-0.1807,-0.35891,0.31098,-0.1118,-0.18321,-0.19104,-0.059856,-0.10416,-0.66524,-0.80755,-0.6446,-0.46292,-0.79283,-0.5501,0.15575,0.46421,1.1726,0.65602,0.92926,0.98868,0.91645,1.2172,0.95732,0.63069,0.035903,0.28418,-0.37826,-0.1603,-0.63941,-0.25126,-1.1132,-0.73437,-1.4099,-1.2155,-1.8961,-1.2973,-1.617,-0.49729,-0.87965,-0.82516,-0.39271,-0.24581,-0.26009,-0.35163,0.39247,0.9158,1.2546,2.4252,2.8485,2.5527,2.5836,2.1656,2.271,1.5927,0.42458,0.24504,-0.69962,-0.88044,-1.4288,-1.2433,-1.5003,-1.3308,-1.1465,-1.3232,-1.1869,-1.4527,-1.4261,-1.3806,-0.91011,-1.184,-1.5456,-0.90572,-1.4557,-1.6428,-1.3423,-1.5226,-1.2558,-1.2357,-1.1341,-1.2126,-0.85407,-0.54094,0.30308,0.33938,1.0757,1.5481,1.5184,1.656,1.5104,1.9209,0.47811,0.0077964,-0.82975,-0.9109,-1.5006,-1.8919,-1.7786,-1.8395,-1.3749,-0.55356,-0.20702,-0.5265,0.06184,0.12901,0.11127,-0.74722,-0.19986,0.43155,-0.088041,-0.09304,0.35138,0.19622,-0.06162,-0.10435,0.55931,0.82183,0.5391,0.42334,0.13582,0.37083,0.54035,0.98523,1.187,1.5438,1.7691,2.3843,1.7991,1.6379,1.2196,0.71572,0.016471,-0.3506,-0.85597,-1.6265,-1.2144,-1.6879,-1.4703,-0.77237,-0.41349,0.58591,-0.2099,0.12969,0.17359,1.2151,0.55359,0.71034,0.47709,0.54474,0.04747,-0.63228,-1.4238,-1.5133,-2.3348,-1.9896,-1.5943,-1.538,-1.2192,-1.2576,-0.384,-0.11549,-0.18026,-0.041483,-0.19266,-0.096662,-0.43303,-0.69459,0.60432,0.37444,0.12485,-0.26326,-0.0012567,-0.37758,-0.73334,-0.84801,-0.71278,-0.46935,-0.58415,-0.51937,-0.39953,-0.10804,-0.40456,-0.31291,-0.83397,-1.5221,-1.7558,-1.2275,-1.7822,-1.8652,-1.8758,-1.7511,-1.7902,-0.95923,-0.77868,-0.56257,-0.33979,0.41608,1.1408,0.99109,1.5612,1.5265,1.9849,-0.57358,0.5511,0.21253,0.033222,0.030458,0.25848,1.0374,1.1398,1.5091,1.1799,1.251,0.84412,0.52557,0.18725,0.054601,-0.25707,-0.46232,-0.73155,-0.91767,-1.5175,-1.5329,-1.6981,-2.0688,-1.475,-0.91096,-0.40425,0.41948,0.76629,2.0179,1.6595,1.8265,1.4426,1.2465,0.61393,0.36584,-0.36056,-1.4252,-1.5756,-1.8306,-1.7383,-1.346,-0.79486,-0.69588,-0.29636,-0.1193,-0.017013,-0.056782,-0.50535,-0.41883,-0.55458,-0.32021,-0.35248,-0.30712,0.32467,1.3563,1.2783,0.24766,0.35122,-0.31463,-0.66126,-0.66736,-0.77862,-1.2722,-1.7687,-1.8118,-1.4771,-1.3367,-0.65576,-0.18214,0.69212,1.2698,1.2964,2.0514,2.5669,2.3267,3.0058,2.7932,2.4471,1.9225,1.5652,1.0585,0.21975,-0.35602,-1.2153,-1.0393,-0.7501,-0.84344,-1.4161,-0.93309,-0.90487,-0.65065,-1.0609,-1.4714,-1.1826,-1.3531,-0.60246,-0.92371,-1.3078,-0.39102,0.17881,-0.46128,-0.51748,-0.44284,-0.90346,0.042511,-0.48314,0.12301,0.86273,1.3261,0.49094,0.31856,0.29752,-0.33666,0.29312,-0.26507,-0.48678,-0.21137,0.49743,0.88387,1.311,1.4283,2.3962,2.4033,2.4735,2.4891,2.5868,2.6669,2.536,2.7703,2.3292,2.0724,1.2072,0.36165,-0.041063,-0.50204,-0.76478,-1.3327,-2.1852,-1.758,-1.6812,-1.2803,-1.519,-2.1835,-1.7882,-1.515,-1.7119,-1.8548,-1.8573,-1.8315,-1.6409,-1.8176,-1.6041,-1.1921,-1.7434,-1.4495,-1.7323,-1.1846,-1.0879,-0.64059,-0.035793,0.29928,1.9293,2.4871,3.2815,3.1412,2.6893,1.996,1.7848,0.63189,-0.40432,-0.78063,-1.4285,-1.4239,-1.6474,-2.154,-2.0527,-1.4824,-1.4213,-1.7246,-0.73612,-0.016185,0.79251,0.9263,1.0583,1.4246,1.5106,1.4913,0.94557,0.57705,0.40967,0.0618,-0.63491,-0.11275,-0.54252,-0.47803,0.71239,0.31266,0.13801,0.15453,0.40619,0.21205,-0.45894,-0.43466,-0.569,-0.9217,-0.65265,-0.96602,-0.88614,-0.32788,0.50442,0.75702,1.5972,1.977,1.8531,2.1176,1.7708,2.0696,1.9804,1.9928,1.4447,1.412,1.1723,0.4888,0.1661,-0.16993,-0.46504,-0.51705,-0.41359,-1.1619,-1.1109,-0.88373,-0.9135,-1.8373,-1.7709,-1.9672,-2.045,-2.0529,-2.299,-1.7314,-1.194,-0.70377,-1.4093,-0.49451,-0.051848,0.49351,0.17633,-0.36381,-0.4541,-0.85597,-1.1511,-1.139,-0.9597,-0.45877,-0.062507,-0.35476,-0.26277,-0.39344,-0.34926,-0.85141,-1.3339,-0.75973,-1.3033,-1.6147,-1.5859,-0.80375,-0.32091,-0.62373,-0.40063,-0.66501,-0.68377,-0.96827,-1.5382,-1.2003,-1.3558,-1.1058,-0.554,-0.73045,0.35909,1.6438,1.2305,2.1634,2.4847,2.7225,2.4607,1.936,0.22595,-0.43306,-1.3459,-1.449,-1.746,-2.165,-2.4203,-1.9288,-1.7626,-1.2354,-0.88784,-0.6986,0.078414,0.13039,0.72932,0.97781,0.98914,0.96476,0.39541,0.41245,0.28129,-0.1159,-0.6617,-1.2711,-1.2266,-1.1168,-1.6169,-2.2308,-2.1146,-1.6508,-1.7189,-1.8305,-2.0628,-2.2043,-2.2056,-1.674,-2.064,-1.7552,-1.6473,-1.2642,0.11387,0.72823,2.2275,2.8932,2.7683,2.302,1.5361,0.27229,-0.23859,-1.5051,-1.5113,-1.4166,-1.3063,-1.0006,-1.5039,-1.452,-1.6464,-0.7416,-0.92655,-0.23499,0.40364,0.35585,0.64184,0.97907,0.82047,0.11679,-0.33657,-0.82255,-0.93167,-0.75063,-0.36256,-0.62338,-0.86922,-0.73675,-0.52814,-1.1636,-1.7828,-2.0463,-1.3911,-1.6277,-0.71317,-0.72942,0.063336,-0.17079,1.1952,1.1039,1.1576,1.0673,0.79386,1.3624,0.90058,1.1976,1.1304,1.0235,0.89587,0.78034,0.1441,0.24652,-0.060416,0.46592,-0.1895,0.19377,-0.28631,-0.79525,-1.1082,-1.4655,-0.93848,-1.2681,-1.6042,-1.6082,-1.5258,-0.83309,-0.57306,0.1156,0.37293,0.63042,0.96463,0.77048,1.2286,0.77803,0.72143,0.41986,1.0009,0.90246,0.095203,-0.18853,-0.89219,-1.5913,-1.9658,-1.403,-1.459,-2.3019,-2.234,-2.0957,-1.7894,-1.7375,-0.96978,-0.12016,0.045163,0.43878,1.1759,1.3289,2.0505,2.4171,2.0777,2.342,2.3577,1.4041,0.66508,-0.76176,-1.4156,-2.5462,-1.4419,-1.5345,-1.656,-0.97735,-0.42784,-0.51461,-1.1159,-1.3073,-2.0887,-1.3476,-1.48,-2.0434,-1.1517,-0.53936,-0.36057,0.51855,0.33744,0.9398,1.3996,1.3359,1.3219,1.4407,1.7033,1.3819,1.3439,0.60381,-0.21793,-0.40746,-0.87866,-1.2584,-1.8696,-1.6865,-1.3395,-1.1333,-0.52994,0.34479,0.64924,1.3117,2.2662,1.65,2.1741,2.1278,2.3687,2.1537,1.9137,0.7828,0.69954,0.7168,0.20832,-0.59704,-0.31142,-0.6712,0.31493,0.73094,1.1235,1.3681,1.5682,1.5997,1.7781,1.2546,0.73572,0.61649,0.349,0.19822,0.093464,-0.069877,-0.90091,-0.47655,-0.43789,-1.0158,-1.1772,-1.4247,-1.4292,-1.2366,-1.4668,-1.0931,-1.3619,-0.77057,-0.37798,-0.32137,-0.25979,-0.33884,0.46512,0.31264,0.60204,0.31858,0.62948,1.1065,0.58463,0.016975,0.62366,0.86308,0.55396,0.44908,1.1337,0.78776,0.80805,0.87849,1.2128,0.97605,1.2019,1.3306,1.9598,1.9837,2.2614,2.2236,2.2282,2.442,2.6164,2.6265,2.6339,2.6051,2.2735,2.2535,2.1652,2.0833,2.0229,1.8323,1.3941,0.85141,0.53679,-0.10627,-0.30255,-0.38038,-0.78317,-0.72912,-0.28737,-0.72921,0.15308,0.51723,0.63591,0.94924,0.80976,1.2167,1.3702,0.99047,0.75652,0.44258,0.94965,0.47289,-0.055293
-0.55671,-0.96507,-0.28657,-0.066404,-0.30195,-0.44172,-0.96069,-0.75876,-0.07406,-0.35037,-0.72178,-0.036967,-0.3998,-0.98793,-0.8035,-0.49347,0.25479,-0.81706,-0.75415,-0.38093,-0.23047,-0.32412,-0.78435,-1.1435,0.30159,-0.3076,0.093668,-1.5007,0.46369,0.20077,-0.3169,0.28038,-0.61833,0.25634,0.20322,1.421,-0.38358,0.55893,-0.22548,0.48399,-0.36637,1.3069,0.96837,0.34278,-0.95149,0.97216,0.55434,0.99467,-0.01068,0.43506,0.73524,0.45493,1.164,-0.65445,0.70582,0.61883,1.4517,0.041334,1.2316,1.0278,0.48109,-0.68314,0.71015,0.72894,0.78957,-0.64006,0.051997,0.68633,0.46915,0.19881,0.094324,0.47459,-0.068952,1.1673,-0.33111,1.5057,0.7883,0.99296,-0.47101,1.6994,1.0581,0.7516,0.74658,-0.053431,1.2262,0.047165,0.85885,-0.059199,-0.042546,0.62015,1.1839,1.1583,-0.36475,0.57128,0.050209,0.19606,-0.016065,-0.28849,0.41206,1.1233,-0.018973,0.087255,-0.2574,0.24399,0.57384,0.49758,0.41816,0.99046,0.36453,-0.204,0.2493,0.27212,-0.42019,-1.1771,0.76367,0.83707,0.23596,-0.12423,0.014204,0.1496,0.11024,-0.46719,0.62069,0.19265,0.99883,-0.18053,-0.27276,0.39555,-0.32923,0.59736,-0.39251,1.0279,-0.34394,0.85275,-0.20576,0.60972,0.23896,0.6281,-0.25128,0.78558,0.61144,0.72964,0.082904,0.30844,0.39506,0.58986,0.061985,-0.24135,0.65341,0.17136,0.74988,0.33347,0.51329,0.44388,0.8411,-0.41226,1.0264,0.5315,0.56982,-0.37001,0.51512,0.94778,0.38843,-0.018293,1.5634,0.41401,1.19,-0.64827,1.0103,1.104,1.0332,-0.20685,0.19144,0.36908,-0.62727,0.51128,-0.21634,0.35606,0.48007,0.96532,0.076282,1.1304,1.4819,0.80531,-0.095607,0.25513,1.0744,0.34279,0.87563,-0.1161,0.28323,0.27625,0.3599,-0.68801,0.21928,0.43037,0.35595,-0.056722,-0.37564,0.33258,0.49364,0.73915,-0.68069,0.13491,1.0711,1.0494,-0.54028,0.36544,-0.067043,0.18257,-0.61845,0.24077,-0.07987,-0.41307,-0.046712,-0.0021834,0.36594,-0.25579,-0.71128,0.77815,0.12152,-0.054541,-1.1799,0.52952,0.45599,0.25774,-0.41413,0.33224,0.8731,0.51925,-0.28869,0.37986,-0.0036816,0.63071,-0.39673,-0.62419,-0.34264,-0.4344,-0.44268,0.23749,-0.28558,0.62032,-1.2963,0.35773,0.21611,0.01824,0.22028,0.53222,-0.033073,0.81331,0.052719,-0.74468,0.029677,-0.61149,0.13276,-0.56149,1.1947,0.64172,0.201,-0.76301,-0.43149,0.16927,0.36862,0.6488,-0.87461,1.0164,0.15027,0.66001,-1.1875,0.63201,0.41518,0.02173,-1.1779,0.75707,-0.082512,0.29521,-0.85806,-0.33971,-0.10389,0.37188,-1.022,0.19258,-0.024486,0.10445,-0.54855,0.45174,-0.21327,-0.050891,0.39584,0.49598,-0.14248,-0.66521,-1.291,0.42641,-0.31016,0.27486,0.0019709,0.30553,0.2353,0.82546,-0.87104,1.0561,0.39465,0.90295,-0.060538,1.0688,0.60704,0.29544,-0.50861,0.27545,0.12729,0.4719,-0.4828,2.066,-0.85886,0.745,-1.3346,-0.15108,-1.1392,-0.043314,-0.52414,-0.18296,-0.42244,0.32523,-0.35261,-0.80812,-0.32748,0.31795,-0.29931,0.058843,-0.11507,0.47726,-0.61479,0.12552,-0.35745,0.10121,-1.0417,-0.071347,0.096869,0.32949,-0.90648,-0.0037853,-0.093104,0.016275,-0.36071,0.65474,-0.25009,-0.18619,-0.41841,0.64481,0.0096554,0.33697,0.13249,-0.44195,-0.10107,-0.75294,-0.20091,-0.94682,-0.34966,-0.33316,0.38713,-0.63074,-0.22301,-0.41397,-0.43877,-0.74682,-0.94648,-0.74444,-0.39999,-0.56911,-0.6356,0.28166,0.19244,-0.65561,-0.83004,0.14907,-0.23665,-0.57112,-1.6389,-0.38426,-0.26863,0.054856,-0.86533,-0.54001,0.2358,-0.14568,-1.5688,-0.72586,-0.4761,0.17192,-1.1929,0.14154,-0.10374,-0.27174,-0.83076,-0.045415,-0.38437,-0.59408,-0.28132,-0.77169,-0.034148,-0.80358,-0.016586,-0.46615,0.35191,0.073992,0.39635,-1.1279,1.0263,0.029735,-0.77083,1.0039,-0.89859,0.23876,0.19523,-0.05458,-0.090605,-0.93461,-0.42028,0.43841,-0.75146,-0.2013,-0.11463,-0.38348,0.31138,0.11479,0.81738,-0.92629,0.20979,-0.30801,0.27793,-0.54384,0.30146,-0.0042071,-0.56966,-0.99639,-0.19576,-0.1133,-0.5268,-0.26976,0.4453,-0.81528,-1.0811,-0.59912,-1.3132,-0.28379,0.12608,-0.0059847,-0.26647,0.26984,0.2472,-0.21536,-0.1954,-0.62831,-0.0021714,-0.31571,-0.083885,-1.1244,-0.24143,-0.069311,-0.50608,-1.2745,-0.42987,-0.39383,0.25873,-0.84898,-0.18555,0.12625,-0.75512,-0.5509,-1.5341,-0.26089,-0.87076,-0.2299,-0.68793,-0.52496,0.14988,0.4679,-0.66171,0.45166,-0.22903,-0.20497,-0.40961,-0.39098,0.18283,-0.52152,-0.22731,-1.412,-0.23714,-0.56273,-0.34377,-1.1056,-0.094258,-0.26382,-0.49547,-1.0021,-0.74958,0.025584,-0.40378,-0.8958,-0.29244,-0.49205,-0.44757,-0.2276,-0.75641,-0.21058,-0.42407,-0.50325,-0.69328,-0.77513,-0.059865,-1.1221,-0.2666,-0.83013,-1.1859,-0.95459,0.70428,-0.77253,-0.14066,-0.67254,0.014079,-0.26689,-1.2538,0.26148,0.21432,0.53937,-0.44086,0.77026,-0.043872,0.45505,-0.564,-0.22896,-0.15509,0.052314,0.14128,0.33788,0.86008,0.39755,0.24529,0.58942,-0.32883,-0.18617,0.34653,-1.4184,-0.25007,-1.0743,-1.5141,-0.64512,-1.7817,-0.15022,-0.35809,-0.40311,-1.6019,-0.52877,-0.14862,-0.36978,0.29179,-0.87824,-0.4115,-0.57765,-1.4116,0.48591,0.21341,-0.54086,-0.70262,0.30368,-0.15232,-0.60677,-0.19514,-0.64437,0.07957,-0.65078,-0.53404,-0.20559,-1.0355,0.21637,-0.37461,0.094442,-0.086871,0.3724,-0.1688,-0.21599,-0.50838,-0.79949,-0.073873,-0.1386,0.26348,-0.44404,0.4456,-0.1001,-0.29858,0.18309,-0.3794,0.65807,-0.61926,-0.032463,-0.086511,-1.1433,-0.40898,-0.98964,-0.09887,-0.80054,0.21682,-0.085762,0.26135,-0.42406,0.36542,0.34546,-0.25969,0.12493,-0.02821,-0.51507,-0.42467,0.37608,-1.6794,0.05312,-0.36396,0.14605,-0.10602,-0.11162,0.44173,-0.81856,-0.12447,-0.47619,-0.17427,0.18416,-0.16231,0.046895,-0.01103,0.36476,-0.23749,-0.25728,0.015785,0.18692,0.5239,-0.092833,0.21556,-0.22675,0.11817,-0.54742,0.11697,-0.52277,-0.4012,-0.16788,0.015571,-0.26625,-0.0061667,-0.33474,0.14262,-1.1456,-0.74544,0.060848,-0.028785,-0.15043,0.0061579,-0.2692,0.12596,-0.71528,0.70265,-0.54845,0.70198,-0.0024817,0.051029,0.10687,0.33179,0.40822,-0.55288,0.66587,-0.24483,0.77021,-0.43315,0.61526,1.1184,0.33538,0.67881,-0.1745,0.19652,-0.079598,-0.09088,0.32498,-0.30672,0.58059,0.24382,-0.33983,0.99453,-0.51964,0.74434,-0.77916,0.82323,0.85511,0.45537,-0.32442,1.0269,0.23058,0.14544,0.12641,0.021901,0.25813,-0.1999,-0.056678,-0.46074,0.56325,0.53572,1.5826,0.19148,0.1486,0.067469,0.46835,0.27792,0.12076,0.87275,-0.11117,0.64586,0.44723,-0.19136,0.52788,0.3022,0.25964,-0.42701,0.22733,0.26672,0.51985,0.37535,-0.78507,0.096628,-0.19186,-0.31078,0.48818,-0.15943,0.58983,-1.0086,0.48744,-0.13343,-0.40928,-0.087417,0.11648,-0.2578,0.31342,0.68169,0.06086,0.13639,-0.24983,0.58569,-0.11926,0.136,0.13578,-0.25401,0.44329,0.17159,0.25787,-0.4855,0.38471,0.42441,0.72393,0.73571,-0.18441,0.72676,0.039731,0.60119,0.37918,-0.16444,0.53284,-0.20915,0.23748,-0.095749,-0.83387,0.29452,-0.091032,-0.052948,-0.64702,0.41567,-0.32726,0.25558,-0.87292,1.0068,0.05684,0.39235,-0.49412,0.25763,0.82813,0.31316,0.29453,-0.76535,0.34335,-0.1463,-0.33128,0.24012,-0.73977,0.18074,-0.64066,0.30523,-0.35672,-0.055529,0.23794,0.50053,-0.44427,0.92738,1.174,1.6788,-0.46346,1.1805,0.71255,-0.059644,0.21606,0.23091,-0.077495,-0.4473,-1.3399,-0.37396,-0.30835,-0.53455,-0.66875,0.149,0.69151,1.056,0.13478,0.42581,0.6327,-0.14205,0.75584,-0.64327,0.88539,0.25333,0.74672,-0.11231,0.10988,0.57473,0.42628,0.013073,0.61336,0.10728,0.025546,-0.72604,0.93788,-0.010677,-0.20237,-0.51815,-0.28179,-0.026365,-0.63873,-0.0028969,-0.35838,0.11343,-0.16185,0.61572,-0.22338,-0.079589,0.46025,-0.027725,0.81038,-1.0204,0.16372,-0.45842,0.23522,0.39792,-0.13787,1.2251,-0.37306,0.46099,0.50316,0.2195,0.86848,-0.23336,0.31248,1.6011,-0.33406,0.42317,0.080431,0.77439,-0.73345,0.12427,0.39213,-0.080106,0.52013,-0.14045,-0.063258,0.38414,0.20466,-0.53805,0.62987,0.070592,-0.17662,-0.46329,0.21522,0.1575,-0.23544,0.5134,0.086122,0.61166,0.34746,0.3091,0.42564,0.0156,0.76928,-0.066796,1.1306,0.43232,-0.38674,-0.13384,-0.20231,-0.60523,-0.19062,-0.39228,-0.55705,0.64831,-0.84647,-0.014911,-0.015673,-0.083186,-0.57168,0.41677,0.11918,0.72256,-1.2882,0.80961,-0.24617,0.51599,-0.5345,0.31365,0.46206,-0.28015,-0.4324,-0.22274,-0.066089,-1.0807,0.022732,-0.41303,-0.23783,-0.10329,0.51377,-0.19457,0.46574,0.016882,-0.10717,0.6052,-0.16399,0.063951,0.17031,0.31914,0.63606,0.54786,0.3473,0.55193,0.96051,-0.74267,0.73789,-0.25797,-0.21277,-0.29493,-0.92555,-0.35397,-0.057606,-0.26115,0.56839,-0.16165,-0.18556,0.68173,0.076312,1.0341,0.016446,0.98376,0.62264,-0.55233,-0.075043,0.21952,0.43835,-0.87208,-0.053008,-0.72519,-0.20738,-0.10137,-0.21727,0.071989,0.116,0.84304,-0.092847,0.21644,-0.21347,-0.22258,0.25129,-0.13998,0.9764,-0.36267,0.073441,0.79247,0.2451,1.1204,-0.25914,1.1781,0.011605,0.16777,-0.84267,0.14771,0.21807,-0.2152,0.1473,-0.55856,-0.42446,-0.32132,-0.72295,0.019195,-0.61591,0.34768,-0.43199,-0.069217,0.57918,-0.59384,0.055498,-0.072664,0.21754,0.64526,0.2209,-0.12257,0.069768,0.31051,-0.2764,0.54409,-0.10717,0.78398,-0.70294,0.95446,1.1205,-0.45959,0.35861,0.042119,0.19545,-0.2917,-0.2202,0.59547,-0.58814,0.1866,-0.29474,0.37545,0.73861,-0.27396,0.59694,0.081262,0.77714,-0.47429,0.87277,0.8912,1.152,-1.1666,0.69872,-0.29107,-0.079788,0.37414,-1.0259,-0.12082,0.039295,-0.20938,0.31511,-0.87398,-0.092693,0.082912,0.88353,-0.45315,-0.98991,-0.037692,-0.082916,0.29462,0.31682,-0.68125,0.080497,0.22799,1.2517,-0.69519,0.45701,0.45813,0.40476,-0.49252,0.6537,0.54345,-0.20669,-0.0019331,-0.43327,-0.022014,-0.23632,-0.38516,0.079005,-0.53762,0.080377,-0.561,-0.39526,-0.36043,0.20648,0.083919,0.32343,0.075605,0.93579,0.17725,0.8123,-0.45876,0.57811,0.54341,0.74384,0.79783,-0.21647,0.29996,-0.41249,-0.13932,-1.3309,-0.020785,0.34349,0.97399,0.17089,0.58422,0.13889,0.20026,0.34116,0.26497,0.2454,0.43608,-0.53478,0.12664,-0.42959,-0.25385,0.14091,-0.31878,0.73986,-0.39094,0.90523,-0.040132,-0.053489,0.071786,0.28772,0.15341,-0.06001,0.59158,0.61161,0.041475,-0.16358,0.46689,0.59644,0.3324,-2.6669e-05,-0.57747,0.083326,-0.41302,-0.12437,-0.40282,0.19324,-0.088244,0.55021,-0.66611,0.38923,-0.25253,0.3063,-0.56405,0.39891,-0.031033,-0.17457,-0.94362,0.4579,0.065725,-0.0091572,-0.56663,0.1158,0.076287,-0.22142,-0.57807,0.011995,-0.10328,-0.37675,-0.025511,-0.53933,-0.64073,0.078427,0.092655,-0.28123,0.27387,-0.18317,0.18066,0.39886,-0.38199,-0.31266,-0.025373,-0.31853,-0.20376,0.0075977,0.40985,-0.72909,-0.072593,-0.031649,0.5579,0.36374,0.45776,0.078016,0.57835,-0.3317,0.30252,-0.21043,-0.051374,-0.39658,-0.25533
-0.46102,-0.84096,-0.8226,0.13354,-0.4751,-0.78204,-0.11393,-0.26189,0.5946,-0.32486,0.31561,0.59155,0.32618,-0.055104,0.1036,0.50135,0.056986,-0.40572,-0.56907,-0.20436,-0.37461,-0.36705,-0.5285,-0.16378,-0.19648,-0.30638,-1.3199,-1.9399,-1.6589,-1.518,-1.351,-2.5292,-1.1409,-1.353,-1.4111,-1.656,-1.8827,-1.0539,-1.4941,-1.4701,-0.60779,-0.74335,-1.6298,-0.7972,-1.3094,-2.2092,-1.9989,-1.462,-2.0901,-1.7314,-1.7558,-1.3045,-1.4154,-1.9799,-2.0408,-1.4863,-2.0934,-1.4406,-2.1423,-1.6909,-1.1849,-1.4741,-1.8645,-1.3881,-0.19728,-0.53256,-0.081376,-0.54067,-0.64194,-0.50042,-0.34297,-0.82902,-0.34997,-0.17138,-0.46474,-0.48713,-0.10384,-0.04908,-0.0080839,-0.71452,0.61501,-0.054499,-0.29318,-0.10666,-0.12314,-0.14905,-0.29641,-0.76598,-0.51474,-0.81127,0.097568,-0.24409,0.074518,-0.26851,-0.29851,-0.47531,-0.76588,-0.54725,-1.1858,-1.7954,-1.5606,-2.081,-1.9646,-2.0223,-2.3973,-1.3111,-0.9654,-1.2779,-1.1246,-0.88818,-0.21845,-0.4365,-0.60693,-0.33295,-0.48743,0.12351,0.00069587,0.16109,-0.31645,-0.12611,-0.015022,-0.0036235,0.13482,0.32892,0.30988,0.30145,0.35151,0.4549,0.84589,0.83905,1.0136,0.27585,0.43575,0.86352,0.037133,0.38734,-0.051782,0.086015,0.11517,-0.031648,-0.44649,0.77992,-0.063608,0.012811,-0.24011,0.052125,1.2421,0.98092,1.0343,0.49431,0.44487,0.19448,0.60499,0.63137,-0.07583,0.053617,0.1519,-0.010946,0.5883,0.014569,0.69024,0.70718,0.2043,0.13066,-0.07987,0.65929,0.76504,0.27634,1.3825,1.0541,0.82872,1.5707,1.8631,1.9729,1.2108,0.80213,0.62771,1.4272,1.8144,0.7765,0.62338,0.69739,0.50106,0.052483,-0.83262,-0.71215,-0.8387,-1.4591,-1.2145,-0.79713,-1.248,-1.8569,-1.1462,-1.0809,-1.1951,-1.5561,-0.95241,-0.9756,-0.42935,-1.8195,-0.66622,-1.1618,-0.14905,-0.15498,-0.32883,-0.47044,-0.0002617,0.61393,0.45367,0.56058,1.5123,1.7857,1.7414,1.1055,0.80923,1.0474,1.0891,0.95151,0.53374,0.66796,0.47439,0.052006,0.30218,0.12441,-0.28521,0.11658,-0.43372,-0.56707,-0.65938,-0.22482,0.31643,0.28402,0.31362,0.22369,1.7636,0.8073,1.0357,1.2905,1.3844,-0.089278,-0.18988,-0.75226,-0.66314,-1.2489,-1.744,-1.4433,-2.0645,-1.5318,-1.2555,-1.1106,-1.2409,-1.3743,-1.0753,-1.9339,-1.7774,-1.5329,-1.2363,-0.97666,-2.2323,-1.4559,-0.90527,-1.5295,-1.6806,-1.144,-1.2301,-1.2676,0.28435,0.017997,0.52249,0.62283,0.72263,0.13456,1.1351,1.1546,1.0806,1.67,1.2165,2.0279,1.3059,1.572,1.4055,1.145,0.86134,1.8192,1.9144,1.9933,1.7095,1.3291,1.8515,2.0569,2.0533,2.1427,2.338,0.94532,-1.0455,-1.6293,-0.97564,-1.3552,-1.5248,-1.3262,-1.3187,-1.5957,-1.3416,-1.64,-1.8025,-1.3545,-0.67619,-1.0214,-0.62545,-0.15529,-0.4755,-0.22568,0.086366,0.10982,-0.10593,1.6994,1.4609,0.94834,1.1124,0.31915,0.43881,0.6216,1.1504,1.0324,1.2434,2.2434,1.427,1.5831,2.657,1.5632,1.6224,1.4238,2.2611,1.6468,1.4772,1.4817,0.56031,0.61083,-0.32417,-0.005544,-0.72513,-1.1344,-0.65441,-0.38029,-0.29503,-0.058297,-0.27075,-0.1634,0.97291,0.66461,1.0467,2.1899,1.4504,1.8604,1.9175,2.3498,1.2189,0.27699,0.21265,-0.70609,-0.75023,-1.7062,-1.5005,-0.82607,-0.62017,-1.2161,-0.67332,-0.34319,0.13138,-0.14352,-0.1049,0.79353,1.3816,1.2806,0.9835,2.0033,1.3347,0.5057,0.43281,-0.8857,-0.36129,-0.77957,-0.92559,-1.7799,-1.9109,-0.7695,-0.40366,0.512,0.15875,0.2773,1.0813,0.8144,1.3565,1.6195,1.242,1.3604,1.2952,1.7645,1.5266,1.0938,0.7113,0.11794,-0.34569,-0.66619,-1.0953,-1.9433,-1.5648,-1.9311,-2.0484,-1.8653,-1.7926,-1.2862,-0.026486,-0.30306,-0.8222,-0.76371,-0.25084,-0.337,-1.1528,-0.063602,-0.24842,-0.66785,-0.85874,-0.016792,-0.52819,0.045399,0.14386,0.042121,0.70117,0.34822,0.51903,0.44861,0.94664,1.5019,1.2557,1.0628,0.98948,0.32482,0.38254,0.61319,0.16825,0.21218,0.34868,-0.39469,0.42802,0.073767,-0.18573,0.41133,0.47459,0.018171,-0.12204,0.2628,0.023132,0.8687,0.24288,0.2483,0.6562,0.27684,-0.20035,0.3084,1.1876,1.2145,0.511,0.43783,0.8072,0.81575,1.1635,1.2559,1.0906,1.0631,1.209,1.0151,0.45354,-0.23739,-1.0934,-1.6068,-2.0216,-2.492,-2.338,-1.2944,-2.1252,-2.4202,-1.7449,-1.0924,-1.3061,-0.84533,-0.39915,-1.0649,-0.77547,-0.89844,-0.58243,-0.91831,-0.038839,-0.22145,0.28821,0.41534,1.1033,0.85263,0.33309,1.1274,0.95515,1.1606,1.7387,1.2642,2.0782,1.6356,2.1023,1.7201,1.3958,0.66249,0.77572,0.67075,0.30556,0.24459,-0.34597,0.40677,0.82179,1.0625,0.45125,-0.5239,-1.5588,-1.6329,-1.9039,-1.7561,-0.96633,-1.4606,-0.95043,-1.0408,-0.7707,-0.91728,-1.6998,-1.3109,-1.7561,-1.2515,-1.3423,-0.72955,-1.1512,-0.72315,0.116,0.98395,0.71529,1.3117,0.7681,1.6566,1.397,1.5614,0.94244,0.80756,0.58364,-0.23781,0.19627,0.28097,0.69716,0.63903,0.68807,0.76523,1.2027,1.521,0.8312,0.16285,0.13889,0.13202,0.69983,0.43092,0.29885,0.3919,-0.54943,-0.50674,-0.80251,-0.58918,-0.7064,-0.73698,-0.57476,0.621,0.98911,0.58632,0.84253,0.75722,1.2197,0.30259,0.85081,0.67462,1.4388,0.50523,0.49565,0.69762,0.59042,0.37422,-0.33949,0.14704,-0.37372,-0.26269,-0.24828,-0.59301,-1.3087,-0.97882,-0.71781,-0.45916,-0.57953,-1.0873,-0.74689,-0.89516,-1.7725,-0.99946,-0.9179,-0.70847,-1.2136,-1.3961,-1.2555,-0.851,-1.0608,-0.90603,-1.0749,-0.53672,-0.92973,-0.21059,-0.21694,0.73841,0.44811,0.64625,-0.033664,0.41403,0.76713,0.97543,1.2581,1.2034,0.69817,0.9008,0.8801,0.59053,0.3148,0.046602,-0.37869,0.18339,-0.072986,0.23016,0.068325,0.37214,0.89835,0.95999,0.61175,1.1626,1.3086,0.97642,0.91689,1.0556,1.2896,1.8026,1.5805,1.652,1.9945,2.0098,1.6214,1.3704,0.7382,1.2448,1.198,1.3035,1.8078,1.62,2.0885,2.1087,2.4663,1.9057,1.7158,0.43523,-0.050715,0.78648,0.87711,1.5492,1.1905,1.1212,0.49984,1.0207,1.0147,0.62986,0.040874,0.4763,-0.22706,0.15835,-0.27838,-0.26238,-0.11819,0.71786,1.1469,1.7974,1.4615,1.6214,1.2586,1.4605,2.0875,2.286,2.5783,2.311,2.3812,2.5066,2.8548,2.3421,0.92221,0.28008,-0.42184,-1.3471,-2.4382,-2.1405,-2.3392,-2.7417,-2.1801,-1.8527,-1.9605,-1.7124,-2.3859,-2.2538,-1.4561,-1.6331,-1.4877,-1.3606,-1.3499,-1.3823,-1.1126,-1.2055,-1.1726,-1.6012,-1.5867,-1.1453,-1.1168,-0.73739,-0.45134,0.38492,0.80719,1.0675,1.0034,1.4338,1.4917,1.5728,1.5252,1.7427,1.3423,1.6884,1.129,0.64447,0.49773,1.5771,1.3125,0.72866,1.0725,1.4065,1.6535,1.2271,0.70331,0.27125,-0.14169,-0.92368,-1.2856,-1.8925,-1.9131,-1.9881,-1.8102,-1.2163,-0.75609,-1.5767,-1.0855,-1.5336,-1.3587,-1.5671,-1.3541,-1.6667,-0.91474,-0.87901,-0.49034,-0.65236,-0.79418,-0.9959,-1.0047,-0.42834,-0.92689,-0.31729,0.85536,1.0126,1.0626,1.2802,1.0933,1.0015,2.0375,1.7345,1.8972,2.1241,1.3823,1.1538,1.3309,0.94332,0.57436,0.41621,0.20581,0.73792,0.031998,0.49158,0.079769,2.0247,1.0325,1.7363,1.9278,1.364,0.60723,1.8939,2.0713,2.1887,1.0929,1.2134,-0.044503,-0.63246,-1.3708,-1.3687,-2.0172,-2.3747,-1.2514,-1.4132,-0.41787,-0.88449,-0.4683,-0.66423,0.2669,0.11438,0.076022,-0.42115,0.1518,0.72124,0.089174,-0.00011034,0.30091,0.32281,0.7045,0.34645,1.0854,0.91807,1.2019,1.413,1.2216,1.6828,1.9005,1.8145,1.8631,1.9461,1.3126,0.92551,0.28559,-0.4696,-1.2057,-1.8481,-2.3785,-3.1169,-2.7954,-2.3066,-2.2943,-1.6518,-1.8602,-1.1524,-1.1211,-0.1526,-0.34754,-0.84842,-0.81352,0.15075,-0.16953,0.73385,-0.025953,0.049482,-0.37882,-0.23219,-0.76134,-0.11258,-0.92032,-0.56464,-0.094701,-0.18091,-0.3576,0.72049,0.71384,0.6197,-0.35335,0.2363,1.0414,1.3117,1.0832,1.2334,1.2993,1.3342,0.90851,1.5064,0.63516,0.47162,0.31651,0.27245,0.33528,0.24242,0.9432,0.98277,1.3527,1.536,1.7585,1.5972,0.82992,0.29563,0.070273,0.071899,-0.22847,-0.58691,-0.95585,-1.0428,-0.26129,0.17027,-0.79821,-0.65104,-0.18562,0.4376,0.90991,0.26418,0.37433,0.43968,0.2956,0.65243,-0.046187,0.86483,1.0059,0.22605,-0.23679,-0.71938,-1.3401,-1.8277,-1.4175,-1.7822,-1.9848,-1.5682,-1.6961,-1.962,-1.7081,-1.5854,-1.3245,-1.0851,-0.52289,-0.84669,0.20882,-0.079675,0.0067761,0.74114,0.4187,1.1971,1.5603,0.79727,0.23286,-0.45353,-0.27367,-0.16282,-0.51492,-0.42102,-0.76196,-0.88405,-0.95123,-1.2288,-0.64991,-0.54634,-0.24187,-0.37188,0.2901,1.0485,1.736,0.85455,1.095,0.3786,-0.029358,0.85965,0.40667,-0.046039,0.2937,0.52911,-0.085934,-0.047149,0.029175,-0.98029,-1.2779,-1.7573,-1.6339,-1.7242,-0.8796,-0.44658,-0.63,0.49556,0.6388,1.0921,1.4129,1.6997,1.8175,1.7573,2.0792,1.7837,1.8131,1.6623,1.9321,1.5858,2.1299,1.9705,1.2787,2.3165,2.1228,1.7821,1.2153,0.44238,0.058242,0.2687,-0.13252,-1.0781,-0.84207,-1.0785,-0.8244,-1.3099,-1.4223,-0.6397,-1.2217,-0.35064,-0.29216,0.12153,0.07296,0.84894,0.035594,0.55426,0.86084,0.74726,-0.22692,-0.36151,-1.4821,-1.9101,-1.9534,-1.7879,-1.8768,-1.9902,-1.2795,-1.386,-1.479,-1.692,-0.89111,-1.119,-0.23154,-0.06218,0.73842,-0.22581,0.28803,0.37995,0.06628,0.48683,1.0127,0.18749,-0.23662,0.55356,-0.38285,-0.87585,-0.87836,-0.17426,0.32653,0.55401,0.70729,0.57349,0.63352,0.65531,1.1575,0.16852,-0.6795,-0.68222,-1.1982,-0.7559,-0.29138,-0.56963,-0.022354,0.0035429,0.40144,0.10311,0.48749,0.94168,0.53723,0.63758,0.5953,0.24326,0.2792,-0.071068,-0.74359,-1.9434,-1.8856,-2.179,-2.4623,-1.8814,-1.4093,-1.1835,-1.2438,-0.85102,-0.10437,-0.56253,-0.1444,-0.082612,0.99361,0.94707,1.1443,0.46251,-0.11494,0.38936,-0.80326,-0.45209,-0.85126,-0.49105,-0.42306,-1.0714,-0.48482,-0.87175,-0.95757,-0.93532,-0.29606,-0.030911,-0.1766,-0.16003,-0.021861,-0.037626,-0.10625,-0.70817,-1.3927,-1.7653,-1.3249,-1.772,-1.7096,-1.7848,-1.4977,-1.3068,-1.434,-1.5581,-1.2798,-0.90929,-1.2825,-0.55219,-0.43185,-0.054,0.37332,0.26102,0.23605,0.40838,0.7119,-0.71864,-0.49161,-0.81595,-0.37354,-0.3838,-0.15139,-0.83239,-0.69512,-1.0258,-0.09775,-0.10393,-0.080155,-0.43747,-0.25572,0.17334,0.26117,0.62235,0.36023,0.35636,0.25558,0.80447,0.59491,0.30729,0.58031,1.0418,0.80744,0.53582,0.47957,0.86001,1.0311,0.8753,0.53101,0.48656,0.14263,-0.62689,-1.0062,-0.97517,-1.1164,-1.061,-0.51599,0.26357,-0.607,-0.81153,-0.72489,-0.50973,-0.48459,-0.37563,-0.64056,-0.32328,-0.508,-0.34182,-0.4164,-0.31567,-0.44558
1.3343,1.5246,1.0208,0.83975,0.69783,1.5802,0.90261,0.43122,0.81034,1.1944,0.86454,0.73507,1.4336,1.344,0.8517,0.83232,1.0544,0.38638,0.58309,0.4206,1.1786,0.62778,0.58386,0.82555,0.60476,0.93577,0.34161,-0.38655,0.76361,-0.1424,-0.9242,-0.17249,-0.71563,-0.048794,-1.303,-1.0028,-0.28921,-0.24253,-0.83453,0.10994,0.16482,-0.82586,-0.59053,-0.73633,-0.86781,-0.86052,-1.0533,-1.5446,-1.1914,-0.24847,-0.85771,-1.6412,-0.70298,-0.54639,-0.73856,-0.87245,-0.60804,-0.43812,-0.74326,-1.3389,-0.74849,-0.21136,-0.19386,0.14095,0.25417,0.67363,0.5419,0.9563,0.68038,0.55775,0.54206,0.27464,0.097306,0.019193,0.42358,0.69749,0.19756,0.28581,0.62006,0.67331,0.25876,0.15615,-0.07284,-0.71643,-0.002781,-0.36305,0.18123,0.17006,-0.10961,0.00019995,0.095091,0.21082,-0.092019,0.042362,0.26543,-0.37853,-0.42648,-0.92668,-1.4229,-0.53491,-1.3539,-1.5863,-1.9166,-1.0385,-0.51972,-0.65212,-0.76925,-0.61895,-0.028451,0.36499,0.17845,-0.22065,0.15285,0.30871,-0.093082,0.10433,0.10353,0.32104,0.31985,0.24899,-0.047379,0.65435,-0.026093,-0.45005,-0.76975,0.257,-0.054775,-0.20668,0.27265,1.2444,1.1705,0.98368,0.39963,0.63495,-0.16257,-0.16705,-1.1688,-1.2754,-1.1274,-1.1823,-1.1171,-0.93276,-1.0715,-1.2638,-1.1995,-0.84552,-0.5418,-0.90009,-0.33913,-0.33746,0.046052,0.21417,0.19861,-0.21802,-0.37177,0.61943,0.4805,0.092076,-0.16605,-0.5116,0.0054555,-0.38069,-0.20911,-0.69727,-0.45185,0.0031418,-0.51695,-0.26627,-0.098071,0.015975,1.0141,0.69607,0.58757,0.1914,0.75159,0.06091,-0.22687,0.38413,0.26977,0.57087,0.17004,-0.27732,-0.042801,-1.0992,-1.4033,-1.3411,-1.5779,-1.3075,-1.2198,-1.2331,-1.358,-0.70382,-0.56364,-0.99628,-1.371,-0.51218,-0.81443,-0.71209,-0.71704,-0.92209,-0.41484,-0.95829,-1.2668,-0.45932,-0.66895,-0.76222,-1.0912,-0.65732,-0.018273,-0.29121,0.22573,0.09618,1.0927,0.87539,1.0652,1.543,1.903,1.8017,1.2061,0.70199,1.2049,1.4963,1.3693,-0.017962,0.42501,0.83998,0.56591,-0.50526,0.012419,-0.023756,-0.020054,0.012266,-0.90009,0.35099,0.52683,0.25933,-0.72653,-0.60683,-1.228,-1.0397,-1.0813,-1.8918,-1.8128,-1.5451,-0.50725,-1.1388,0.041134,-0.54002,-0.46457,-0.64549,-0.2124,0.019063,-0.75349,-0.53825,0.21215,0.13885,-0.76351,-0.10303,0.015489,0.60714,-0.35157,-1.0079,-1.5423,-0.82945,-0.94496,-0.087328,1.1079,1.1391,0.90052,0.78421,1.3929,1.6886,1.9685,1.244,1.5628,1.977,1.887,0.8541,1.2175,1.0947,0.81231,0.55846,1.052,1.581,1.6382,1.5008,1.8244,1.4978,1.809,1.3988,2.0579,2.0887,0.91415,0.59642,-1.2942,-0.75954,-0.7493,-1.6045,-1.1354,-1.5252,-1.6819,-2.3436,-1.8757,-1.9871,-2.1273,-2.197,-1.5913,-0.96184,-0.83579,-1.0004,-0.44651,-0.41921,-0.18108,-0.94673,0.14008,0.50092,-0.45478,-0.036435,0.34167,0.67073,-0.16899,-0.24192,0.7573,1.372,1.288,0.99845,1.2398,2.0628,1.7065,2.1954,1.7351,1.7497,2.2922,1.9584,1.9334,1.4095,1.1454,0.55518,0.0033909,-0.41949,-0.83212,-0.61297,-1.3038,-0.73875,-0.67294,-0.66234,-0.27124,-0.080637,0.9871,0.83806,0.65798,1.2254,1.6224,0.96203,0.42138,-0.16021,0.36998,-0.78055,-0.25135,-0.8868,-1.0309,-0.83545,-1.7501,-1.9718,-0.32192,-0.6966,-1.0132,-1.0465,-1.0071,-0.49972,-0.16285,0.33179,0.48233,1.4024,1.6672,0.99989,0.22826,0.51207,0.1977,-0.66592,-0.62274,-1.2591,-0.96292,-1.0766,-0.89786,-0.81471,0.10691,0.42859,0.26943,1.1633,0.75549,1.0614,1.5216,1.8313,1.7354,1.4698,1.9852,1.5932,1.6984,1.202,0.91758,-0.034959,-0.32621,-1.3752,-1.3539,-0.73342,-1.1347,-1.5509,-1.3319,-0.82674,-1.2604,-1.2898,-1.1387,-1.0263,-0.54671,-0.032491,0.36038,0.98463,0.69466,0.27992,0.089301,0.34239,0.37712,-0.34349,-0.13966,-0.31403,-0.40301,0.072053,-0.14627,0.90106,1.3465,1.0566,1.118,1.339,1.5408,1.5975,1.2413,1.36,1.7763,1.9159,0.75819,1.1854,0.62579,0.2144,0.086097,-0.30092,-0.75179,-0.17878,-0.93027,-0.20186,-0.87868,0.11895,0.12021,-0.30536,-0.5086,-0.1656,-0.7174,0.11076,-0.25848,0.0071862,0.10445,0.57944,1.3738,1.4857,1.2443,1.6756,1.303,2.0039,2.0376,1.3762,0.52317,0.42817,0.54818,-0.55806,-0.53386,-0.60754,-0.91296,-1.2118,-0.73995,-1.3334,-0.96739,-1.3859,-1.1527,-1.3503,-1.1272,-0.14164,-0.26588,0.18533,-1.203,-0.88821,-0.3055,-0.11588,-1.1679,-0.28213,-0.32273,-0.28769,-0.41595,-0.44802,-0.1195,0.79586,1.1896,1.3849,1.2986,1.2622,1.9989,1.9585,2.0051,1.5646,1.1651,0.84684,1.3018,0.132,-0.31762,-0.35526,-0.061492,-0.69502,-0.51031,-0.72555,-0.17178,-0.25597,-0.35541,0.38467,-0.28236,-0.34434,-0.16277,-0.33305,-0.6944,-1.023,-1.0871,-1.398,-0.26799,-0.61523,-0.58809,-0.44858,0.16796,0.43,0.33041,0.15385,0.26571,1.1077,1.0704,1.1378,0.96546,1.0842,1.3499,1.3042,1.1438,0.39513,0.075359,-0.48851,-0.59668,-1.5835,-0.87634,-0.024879,0.52652,1.2265,0.12875,0.55726,1.4921,1.965,1.4021,1.4213,1.8428,2.0998,1.7044,0.96186,-0.07496,-0.14965,-0.82122,-1.8331,-1.656,-1.0878,-0.13981,-0.32058,-0.085482,0.85576,1.2662,0.61345,0.69177,0.46799,1.1162,0.9173,0.63533,0.93316,0.39429,0.49531,0.28706,-0.038818,0.16879,-0.095639,-0.16695,-0.11382,0.67495,0.077732,1.1052,0.41463,-0.13822,-0.22475,-1.008,-2.3425,-1.5609,-1.757,-1.3146,-0.91434,-0.72999,-0.53969,-0.88876,-0.47955,-0.88851,0.15892,0.15642,1.2223,0.71519,1.2501,1.8207,2.0623,1.5888,-0.2791,0.04605,-0.18524,0.082448,0.16641,0.033284,1.1434,-0.013863,-0.88615,-0.99022,-1.4818,-1.8379,-1.7305,-2.1464,-1.9403,-1.8606,-1.8475,-2.0261,-2.4239,-1.7592,-1.8254,-1.9457,-1.4699,-1.506,-0.92524,-0.59708,0.45207,0.46785,0.95634,0.73831,1.3023,1.2524,1.0543,0.51432,0.22241,-0.10654,-0.5602,-1.038,-0.99882,-0.54954,-0.70641,0.25281,0.024183,0.62355,0.58279,0.99674,0.39774,0.60454,-0.16726,-0.056052,-0.14107,-0.26665,0.3491,1.4899,1.9346,1.1937,1.0789,0.85154,0.15221,-0.4002,-0.83571,-0.88772,-1.3318,-1.2928,-1.7775,-1.5117,-1.2781,-0.72289,-0.40629,-0.20207,0.67561,0.98879,1.4676,1.7991,1.5768,2.1811,2.8112,2.35,2.0298,2.2245,3.1645,1.9527,0.59212,-0.25969,-1.1173,-1.2311,-2.3809,-2.2865,-2.8147,-2.6177,-2.2531,-2.2908,-2.2266,-2.55,-1.9103,-1.5879,-1.3667,-1.6487,-1.5276,-1.8702,-1.7521,-1.3987,-1.5182,-1.5631,-1.4922,-2.0062,-0.91637,-0.85923,-0.28266,-0.21369,-0.64276,0.017102,-0.45864,0.43944,0.41868,0.68603,0.54585,0.9298,0.78372,1.4527,1.3006,0.93571,1.1479,1.2068,1.1152,1.2743,1.2075,1.2617,1.2865,1.6128,1.6018,0.976,0.71606,0.19753,-0.21608,-1.2141,-2.0163,-2.5362,-2.3046,-1.6502,-2.1106,-1.2247,-1.7032,-1.5792,-1.666,-1.6346,-1.8776,-1.8844,-1.8552,-1.701,-1.5243,-0.95645,-1.4222,-1.0908,-1.1607,-1.1867,-1.0778,-0.65768,-0.89497,-0.66752,0.2471,0.23157,1.3421,1.1252,1.5271,1.7706,1.328,1.2556,0.3655,0.088486,-0.55914,-0.68477,-1.0907,-1.6394,-1.3347,-1.2423,-1.4588,-1.321,-0.88746,-0.22765,-0.02157,0.97983,0.65668,1.0023,1.2724,2.1672,1.7829,2.6207,3.2172,2.6917,2.046,0.67531,0.22578,0.88958,0.21158,-1.0923,-0.97285,-1.294,-1.4317,-0.74329,-1.8751,-1.414,-1.0388,-1.7608,-1.2284,-0.88202,0.18589,-0.54736,0.70595,0.75333,1.0898,1.1792,1.208,1.6875,1.738,1.7687,1.906,2.2012,2.3929,2.3402,2.7776,2.6911,2.6738,2.2784,2.1521,1.8662,1.339,0.48676,-0.52893,-1.0185,-1.5508,-2.4891,-3.2387,-2.8508,-3.4244,-2.9245,-3.0011,-2.6817,-1.9694,-1.5789,-1.4841,-0.7954,-0.11381,-0.17021,0.67569,0.51716,0.19575,0.35734,0.17783,-0.2445,0.051403,0.14863,0.39569,-0.053824,0.48036,0.29044,0.76258,0.28604,-0.2855,0.19369,-0.12672,-0.19551,-0.45163,-0.39633,0.022995,-0.47508,-0.43074,-0.24439,-0.4335,-0.80712,-1.1921,-1.0889,-0.82796,-1.2674,-0.56801,-0.84713,-0.84689,-0.56349,0.20813,0.74762,0.42758,1.1732,0.90266,0.52791,0.23045,0.017071,-0.41696,-1.0662,-1.1552,-1.4923,-0.96126,-1.0851,-1.2772,-2.0817,-0.59409,-0.15833,-0.72917,0.077474,-0.70895,0.24875,0.99482,1.1927,1.2171,0.95774,1.25,1.0837,0.5291,0.15778,-0.14837,-0.66062,-1.0986,-1.4218,-1.6818,-1.3484,-1.6941,-1.7547,-1.5678,-1.6265,-1.4227,-1.7654,-0.99429,-1.1487,-1.4682,-0.91165,-0.0021338,0.18045,0.17804,1.8387,2.3039,1.8015,1.8828,2.4773,0.64926,0.51137,-0.65793,-0.92199,-1.1174,-1.397,-1.2515,-1.5734,-1.3057,-0.41387,-0.58784,-0.48184,-0.21481,1.0166,0.89377,1.0383,1.6185,0.6106,1.4198,1.1256,0.12376,0.92492,0.38731,0.72366,0.43557,-0.46468,-0.22063,-0.96994,-1.2963,-1.8655,-1.4085,-0.74992,-1.6131,-0.91935,-0.41315,0.079278,-0.7325,-0.096777,-0.050313,0.078115,-0.3662,0.71601,0.46748,0.47578,1.3129,2.3106,1.5399,1.6968,1.7709,1.8576,1.3996,0.351,0.36276,-0.10742,-0.87436,-1.0031,-1.9616,-2.1332,-2.2892,-2.1355,-1.9539,-1.9335,-1.8078,-1.6042,-0.98423,-0.11182,0.25918,-0.30264,1.1436,0.86659,0.45236,1.0336,1.7524,1.8016,1.58,0.78612,0.42759,0.64693,0.36366,-1.0947,-1.5791,-2.1063,-2.1838,-2.8351,-2.6005,-2.7292,-3.0733,-2.4769,-2.4629,-2.7843,-1.9095,-1.0067,-0.23833,0.073971,-0.50137,0.98905,0.95679,0.8926,0.80351,1.2232,1.6025,0.83391,0.47776,-0.29758,-0.31433,-0.66027,-1.298,-1.5401,-1.2545,-1.3969,-1.2834,-1.1658,-0.914,-1.0532,-1.4274,-2.1791,-1.9079,-2.1762,0.041296,-0.50684,-0.32347,-0.13798,0.078454,0.24713,0.45062,0.80457,1.3945,1.76,2.1951,1.9614,1.5936,1.3856,0.97103,0.4328,-0.54289,-1.1361,-1.8835,-1.1625,-1.2575,-1.4528,-1.3217,-0.43707,0.75285,0.69122,0.31928,0.48019,1.4883,1.9014,1.6872,1.3565,1.865,1.8164,1.529,1.4631,0.74053,1.2272,0.66207,0.42396,0.8132,0.45812,0.69867,0.75537,0.60013,0.66992,0.73847,1.1584,1.2366,1.4362,1.2346,0.71595,0.85318,0.2135,-1.1889,-1.3314,-1.772,-2.2231,-2.2264,-2.2269,-2.3528,-2.044,-1.3807,-0.60684,-0.45791,-0.31109,-0.43998,0.34851,0.51696,0.90432,1.0296,1.4893,1.2651,0.82772,0.74614,0.32351,0.855,1.3142,1.4867,1.07,1.3865,1.0297,1.426,1.1739,0.60984,0.67901,1.1674,1.1881,1.2517,1.6953,1.1908,1.0765,1.5676,1.5667,1.6451,1.7525,0.99338,1.2794,1.5676,1.9543,1.8219,1.5194,1.7772,1.6657,2.507,2.0061,2.016,1.6277,0.98357,0.42904,-0.30379,-1.2617,-1.8798,-1.6428,-1.8639,-0.89075,-0.9341,-0.83681,-0.27765,-0.27801,0.043559,-0.19046,-0.25388,0.099916,0.13344,0.28079,-0.34166,-0.0498
-0.69691,-1.1926,-1.0637,-1.331,-1.5674,-1.6191,-1.3668,-1.1118,-1.3669,-1.5506,-1.1519,-1.5295,-1.2248,-1.3778,-1.1546,-1.1943,-1.1466,-0.97216,-1.375,-1.9945,-2.3285,-2.3375,-2.3571,-2.847,-2.5412,-2.292,-1.9341,-1.0911,-0.89056,-1.7634,-1.3179,-1.7388,-1.4796,-1.4253,-0.82906,-1.0516,-0.8875,-0.59911,-0.8019,-1.1515,-1.3357,-1.2981,-0.73241,-0.74925,-0.60021,-0.27681,-0.31323,-0.55056,-0.59189,-1.0444,-0.24296,-0.30851,-0.80537,0.010933,-0.45809,-0.69009,0.13804,-0.28702,-0.70452,-1.2753,-0.55164,0.16834,0.35481,0.22812,0.51573,0.73204,-0.011202,-0.21325,-0.65448,-0.71691,-0.52582,-0.69942,-0.78896,-0.55593,-0.61637,-0.71614,-0.5185,-0.77678,-1.1977,-1.6522,-1.2978,-1.285,-1.1411,-1.4426,-1.3699,-1.6606,-1.4437,-1.5528,-1.3277,-0.7086,-0.40928,-0.98418,-1.1428,-1.1164,-0.98426,-0.56715,-0.68918,-0.0086366,0.19827,-0.32885,-0.68674,0.21972,0.21485,-0.11051,-0.15738,0.28195,0.26753,0.645,-0.01785,-0.33206,-0.46059,-0.51662,-0.53113,-0.73891,-0.18074,0.95633,1.6759,2.3245,2.2259,2.7007,2.7551,2.019,1.8212,1.2583,-0.15943,-0.76873,-1.0607,-1.2562,-1.4561,-1.1853,-0.76691,-0.27859,-0.085026,-0.10248,0.0016756,-0.069232,-0.20042,-0.44485,-0.83359,-1.2881,-1.5493,-1.8327,-1.7849,-0.91081,-1.1886,-0.014313,-0.28418,0.043791,-0.36981,-0.08862,-0.45012,-0.80125,-0.71307,0.57368,0.91788,1.8428,1.1057,0.99231,1.17,1.0192,0.67311,0.42451,0.18104,-0.043299,-0.37119,-0.52285,-0.6795,-0.70222,-0.27251,-0.6904,-0.273,-0.35558,-0.90323,-1.0179,-0.75574,-0.75976,-0.21945,0.029428,0.8396,1.5198,1.886,3.128,3.5059,3.0484,2.4203,1.7861,1.3124,0.029604,0.1433,0.070634,0.062786,-0.0070834,-0.43458,0.0039608,-0.0020748,0.35172,0.90151,0.96825,0.23789,0.62664,0.0024685,-0.2035,-0.54306,-0.55714,-0.37347,-0.58891,-0.60608,-0.098293,-0.54002,-0.66225,-0.7407,-1.0313,-0.89208,-0.73667,-0.54252,0.3933,1.0936,1.4837,1.9233,1.7419,2.2009,1.9616,0.58341,1.0376,0.20216,-0.087591,-0.72997,-1.1337,-1.4193,-1.0544,-1.1594,-1.3964,-1.0044,-1.5027,-1.6677,-2.0824,-1.4049,-1.9492,-1.8987,-1.1936,-1.4484,-2.0089,-1.5536,-1.8329,-1.6957,-0.82781,-1.0652,-1.537,-1.2282,-1.4461,-1.6685,-1.3913,-1.394,0.20279,-0.27249,-0.34833,0.52579,-0.13805,-0.33794,-0.37659,-0.60375,-0.10497,-0.24686,-0.74739,-0.16062,-0.22231,0.12693,-0.53907,-0.0042643,0.42146,0.81724,0.66233,0.9007,1.7245,2.3639,3.0169,3.1174,2.8971,2.5545,2.2255,1.9319,1.2673,0.74856,1.3727,1.44,1.2403,1.3362,1.746,1.9164,2.1329,3.2089,3.3821,3.5284,2.476,1.8584,0.21052,-0.33157,-1.1925,-1.0721,-1.1098,-0.35771,-0.031796,1.0392,0.096902,0.54231,-0.085372,-0.6104,-1.084,-1.4393,-1.6035,-1.7474,-1.8443,-2.2229,-2.5503,-0.14848,0.76476,0.95588,0.89043,1.0563,1.1674,0.74344,0.26525,-0.032176,0.16254,0.34484,0.44144,0.93651,0.56774,1.4165,1.102,1.5782,1.5095,1.8214,1.9015,2.2184,2.2229,2.7246,1.335,0.36801,-0.60032,-0.38715,-1.1043,-1.1234,-1.2722,-1.0535,-1.1945,-1.6189,-0.49423,-0.55163,0.3278,1.4304,1.5314,1.4769,1.3082,1.2963,1.3422,-0.032235,-0.6855,-1.9623,-1.9125,-1.5973,-1.2174,-0.43846,-0.89517,-0.7131,-1.1268,-0.49004,-0.95869,-1.1663,-0.64811,-1.0567,-0.65631,-0.16007,1.3909,1.5113,1.6835,2.1933,2.524,1.6859,1.1952,0.21915,0.069748,-0.68363,-1.5329,-1.8014,-0.24791,0.44041,0.12887,-0.04604,0.37367,0.70034,0.8391,1.0382,1.9628,2.2068,2.2247,2.5385,2.4669,3.2835,3.4168,2.8344,2.0359,1.3241,0.36057,-0.028124,-0.67437,-0.64213,-0.46509,-0.23716,-0.50746,0.62139,-0.68391,-0.25916,-0.54796,-0.71414,-1.535,-0.96888,-0.49512,-0.31342,-0.08941,0.31936,0.74298,-0.036051,0.035745,-0.087354,-0.11923,-0.60871,-1.2833,-0.85127,-0.3893,-0.89881,-0.70659,-0.46265,0.31062,1.2639,1.6209,1.6727,2.4837,2.6333,2.1355,1.9878,1.0706,0.61997,1.4597,1.5715,1.4136,1.2222,1.4387,1.4439,0.69033,1.2524,0.40443,-1.2944,-2.1132,-1.8744,-1.7189,-0.99513,-0.12401,-0.58959,-0.25295,0.77554,0.82394,0.93846,1.0466,1.501,1.7125,1.8829,2.2199,2.3566,2.6989,2.1717,1.6669,1.2654,0.15816,-0.27894,-1.2072,-2.147,-1.7621,-1.6629,-1.0062,-0.80439,-1.2622,-0.68802,-1.3225,-0.6101,0.079385,0.48587,1.0027,1.6327,1.4809,0.94649,0.91155,-0.15975,-0.7294,-0.36452,-0.84068,-0.42993,-0.26441,0.092374,0.9309,0.67354,0.95575,1.7534,1.4092,2.2897,1.6106,2.0447,1.8903,1.4439,0.87395,-0.34925,-0.11581,-0.77529,-1.0767,-1.3574,-0.68649,-0.36776,1.4721,1.1484,0.39631,1.0217,0.93825,1.1173,-0.13448,-0.074019,-0.98494,-1.1271,-1.8009,-1.2077,-0.28022,-0.051092,-0.97646,-1.0186,-1.2737,-0.91677,-1.1011,-1.316,-0.67941,-0.1688,0.44921,0.66603,1.1926,1.3243,1.8295,2.0086,2.7251,2.8636,2.6517,2.3166,0.80716,0.28512,-0.32615,-0.92179,-0.22595,-0.30193,0.65053,1.3278,0.96501,0.38085,0.72845,0.26361,0.14666,1.1517,0.76276,1.3471,0.64275,1.0863,0.26685,0.65608,-0.47954,-0.6122,-1.5191,-1.8266,-0.96305,-0.57963,-0.095523,0.019391,0.26132,-0.22959,-0.18057,-0.28185,-0.24208,-0.43395,-0.45407,-0.25965,-0.29395,-0.37616,-0.11697,-0.50938,-0.23556,0.0358,0.24073,0.36,0.28199,-0.10851,0.5261,1.1241,1.1702,0.69815,0.6152,-0.04026,-0.51926,-0.98362,-1.0815,-0.85108,-0.56561,-0.94472,-1.6944,-1.4197,-1.3888,-1.0406,-1.5229,-1.2455,-0.15832,0.14482,0.62223,0.27519,1.3003,1.174,1.1609,1.3224,0.88341,0.73458,1.3407,1.2558,1.0448,1.5235,1.7094,1.3945,0.52502,0.38461,0.27159,0.070121,0.23673,-0.012208,0.58312,0.6158,0.35622,-0.95969,-1.205,-0.79553,-0.7493,-0.26357,0.50006,0.66634,0.5497,1.8188,1.8624,2.1113,2.4143,2.3353,1.8206,1.2714,1.0076,-0.036171,-0.77853,-1.0191,-1.2296,-0.94269,-0.46867,0.64763,0.71562,1.3866,1.5858,1.6626,1.814,1.6423,1.2193,1.4733,1.4865,1.3564,0.53793,1.3082,1.4361,2.1254,1.5597,1.462,1.3244,0.65196,0.41096,-0.41947,-0.78103,-1.051,-0.96999,-0.91349,-0.23621,0.30404,0.35184,0.10265,0.22993,0.79843,-0.14298,0.66229,0.75716,0.45165,1.3025,1.5632,1.0604,1.4488,1.2298,1.2481,0.68464,0.22947,-0.31685,-1.091,-0.85524,-1.2596,-1.1792,-1.9212,-1.3602,-2.055,-1.6372,-1.3239,-0.95473,0.06959,0.81107,0.98094,1.7121,2.476,3.0034,1.9264,2.2021,2.082,1.1983,0.54576,-0.24069,-1.0501,-1.2856,-1.2854,-1.6417,-1.7294,-1.4831,-1.5173,-1.8606,-1.5718,-1.6902,-1.475,-1.8411,-1.1891,-1.1085,-0.34849,0.035255,0.20166,-0.20153,-0.014422,0.34707,0.37914,0.34645,0.36125,0.35274,-0.15633,-0.0031564,-0.29793,0.094293,0.13152,0.062297,-0.87349,-1.2473,-0.99007,-1.4299,-0.95335,-1.1008,-1.2141,-2.2887,-1.7477,-1.8099,-1.479,-0.677,-0.55946,-0.57252,-1.0921,-1.7242,-1.4948,-1.387,-0.79653,-1.2367,-0.41496,0.78716,0.92847,1.2242,1.7186,1.9663,3.1055,2.6426,2.4565,2.2832,1.8478,1.18,0.68952,-0.21404,-0.92537,-1.5002,-1.1337,-2.4691,-2.2913,-1.8555,-1.1138,-0.20258,0.35151,0.95931,0.18919,0.2936,0.42959,0.98466,1.0102,1.4175,1.0925,0.045064,-0.71709,-1.5525,-1.7376,-2.9645,-2.4981,-1.9731,-1.896,-1.4627,-0.49795,-0.026773,0.30461,0.0031712,-0.18848,-0.46314,-0.89063,-0.984,-0.86059,-1.7671,-0.42332,-0.31092,0.41805,0.25373,0.4955,0.81478,0.80364,1.0197,1.1472,1.262,1.321,1.2358,0.89799,0.70384,0.14835,-0.31317,-0.63898,-1.0517,-1.0485,-0.52769,-0.4525,-0.5592,-0.21803,-0.56393,-0.80906,-0.43502,-1.2758,-0.83968,-0.62722,-0.89295,-1.7157,-1.4765,-0.88463,-0.99349,-0.94276,-0.46593,0.10426,1.0895,1.3174,1.0165,-0.059769,-0.15243,-0.79668,-0.78514,-0.028234,-0.2707,0.9399,1.7132,1.443,1.6878,1.267,0.56527,-0.33265,-1.0974,-0.79909,-1.5872,-1.9137,-2.2736,-2.1565,-2.0998,-2.6366,-2.3576,-2.0238,-1.8169,-1.8829,-1.9023,-1.6472,-0.99544,-0.90723,-0.95897,0.38792,-0.16759,0.15208,1.2671,1.3864,1.5247,1.9895,2.1003,1.9086,1.6422,1.0533,0.52435,0.28939,0.62668,0.7299,1.2173,2.1958,2.9657,2.449,2.6851,2.4487,2.112,1.9047,1.9754,2.6287,2.9819,3.0933,2.5732,2.0871,2.0386,1.7045,0.11867,-0.9321,-0.61545,-0.81018,-1.1111,-1.7439,-1.67,-1.4245,-1.2083,-1.8811,-2.1829,-2.3498,-2.0675,-1.8955,-1.5668,-1.0694,-0.003041,0.3213,0.12054,0.05158,0.57403,1.7653,1.9629,1.2296,0.40786,0.92244,0.46233,-0.49277,-0.067479,-1.1562,-0.83171,-1.1766,-1.4072,-1.1531,-0.67215,0.31416,0.41493,1.4736,1.5661,1.9901,1.4984,1.1685,0.60258,0.75171,-0.08964,-0.2089,-0.73099,0.20558,0.46731,1.2159,0.39672,0.70605,0.41694,0.17394,-0.71776,-0.70799,-1.2558,-1.2072,-0.55207,0.40191,0.35107,0.24389,1.0464,0.87541,1.088,1.3678,1.7096,1.9188,1.4905,1.8932,1.9835,1.8907,1.8738,0.50442,-0.045189,0.14356,-1.3496,-1.7746,-1.6133,-1.2561,-1.5592,-2.1371,-2.0814,-1.9895,-2.0648,-2.9204,-2.8109,-2.1484,-1.5533,-0.82332,-0.52858,-0.95278,-0.21352,0.21792,0.7001,0.76772,0.83069,0.81033,0.84561,0.79091,0.52176,0.43556,0.69878,0.054561,-0.43447,-1.2532,-1.3665,-1.2834,-1.4896,-1.9994,-1.5973,-0.99296,-0.79758,0.17331,0.43917,1.9064,2.2308,1.2216,1.3003,1.2895,1.6167,2.2002,1.9026,1.8009,1.0159,0.33677,-0.32615,-0.81204,-1.4327,-1.079,-0.90507,-1.3146,-1.4579,-1.9636,-1.4183,-2.1777,-2.8828,-2.2828,-2.2187,-2.0678,-1.4214,-0.88474,-0.79203,-0.10738,-0.096446,0.82195,1.0173,0.66808,0.96813,1.0303,1.1765,0.81149,1.2022,0.91643,0.41675,-0.026209,-0.43967,-1.1673,-1.4551,-1.9355,-2.7165,-1.9339,-1.1825,-0.89967,0.31691,0.76405,0.31839,0.96934,0.96736,1.3183,1.0099,1.8255,1.2303,1.726,1.4141,1.2889,1.7407,2.2847,1.8802,2.0865,2.144,2.3439,2.11,1.5569,1.451,1.0942,0.83879,1.2842,0.9589,0.70219,-0.02714,-0.3727,0.12999,-1.2515,-1.3349,-1.0308,-1.6343,-1.6681,-1.6768,-1.8005,-2.2929,-2.7186,-2.837,-2.8572,-2.8762,-2.4111,-2.2184,-1.2873,-1.4142,-0.81495,-0.90849,-1.0089,-1.0001,-1.2273,-1.1155,-1.307,-1.4396,-0.74965,-0.38843,-0.38059,0.43163,0.97196,0.75932,1.1792,0.79522,1.3786,0.995,1.5178,1.4056,1.1456,1.0773,1.0301,1.1399,1.2231,0.7779,0.87304,1.0494,0.57016,0.64613,0.74411,0.55886,0.20441,0.53576,0.80088,0.21578,0.4111,0.086665,-0.16323,-0.64991,-0.58201,-1.9221,-2.3112,-2.7876,-2.7002,-2.0122,-2.2972,-1.7716,-1.4257,-0.91972,-0.51041,-0.42062,-0.65358,-0.98539,-0.84136,-1.2168,-0.87061,-1.1235,-0.74438
-1.0396,-0.72651,-0.28497,-0.53663,-0.92652,-0.96784,0.17901,-0.3285,-0.48146,-0.34094,-0.41432,-0.72828,-0.86795,-0.63359,-0.40221,-0.56832,-0.92815,-0.96247,-0.78483,-0.63841,-1.1168,-1.3262,-1.1487,-1.4463,-1.6485,-1.6634,-0.60751,-0.95037,0.28209,-0.0095801,0.52382,0.20807,0.10878,-0.13546,0.43348,-0.38754,-0.175,-0.02534,-0.0022026,-0.97038,-1.1065,-0.67312,-0.6567,-0.92704,-0.93947,-0.92221,-0.65082,-0.51853,-1.3002,0.012425,-0.0018046,-0.013292,-0.34195,-0.019727,0.5871,0.32995,-0.043185,-0.83205,0.19371,-0.2324,-1.216,-0.4812,-0.03938,0.35021,-0.094516,0.047318,-0.025604,-0.063716,0.13813,-0.14454,-0.068998,-0.31147,0.22425,0.16852,-0.19312,0.76251,0.58321,1.0663,0.43495,0.49063,0.57658,0.22599,0.060611,-0.10015,0.16266,-0.37839,-0.94655,-0.45983,0.081046,-0.08812,-0.15052,-0.3963,0.1332,0.13118,-0.54535,-0.77603,-0.24367,0.34961,0.38265,0.52911,0.4881,0.96246,1.8039,1.6457,1.6536,1.2583,1.7305,1.1023,0.64854,0.45253,0.60127,0.37302,-0.21118,-0.23361,0.48022,0.76846,0.97934,0.90574,1.3942,1.7228,1.8775,1.485,1.7209,1.6437,1.1585,0.4695,0.96981,0.33199,-0.59082,-0.52327,-1.1132,-0.11881,0.14111,-0.15755,-0.074611,0.24674,0.3461,-0.16315,-0.60348,0.11022,-0.14699,-0.5048,-1.0287,-0.60102,-0.23151,0.33101,0.11584,-0.14036,-0.23293,0.097622,-0.15955,-0.40248,-0.80574,0.36233,0.15546,0.56408,1.3127,1.0291,1.2239,1.1699,1.3556,0.65834,0.84663,0.55601,0.5303,-0.43635,0.11179,-0.27349,-0.40238,-0.93288,-0.99466,0.14783,-0.14381,-0.60014,-0.32886,0.24726,0.17848,0.24606,1.096,1.778,2.1829,2.9742,3.1075,3.468,2.508,2.6839,1.8604,1.1961,1.356,0.39008,0.43252,0.095075,-0.092805,0.17524,-0.13301,-0.043924,0.58026,0.09443,0.47192,0.52762,0.68429,0.86782,0.94046,1.0264,0.85738,0.66701,0.51398,0.086052,0.05607,-0.1233,0.078399,-0.44133,-1.1584,-0.82215,-0.45872,0.0010675,-0.16871,0.39582,1.5089,1.5835,1.8716,1.6342,1.5113,1.9404,1.2374,-0.33669,-0.16883,-0.60505,-1.6417,-2.1985,-2.3293,-1.8625,-1.8972,-1.5508,-1.0416,-0.67146,-0.36973,-0.070719,0.031639,-0.18756,-0.11824,-0.33524,-0.7734,-0.6481,-0.87568,-0.93015,-0.69655,-0.55386,0.01935,-0.29122,-0.70511,0.21265,-0.014126,0.52848,-0.28077,0.53021,1.0098,1.082,0.19253,0.095989,-0.19272,-0.10934,-0.53926,-0.23779,-0.90855,-0.10026,-0.1601,-0.030619,0.025046,0.449,0.07506,-0.68538,-0.13018,0.97619,0.91747,1.0364,1.5945,2.2185,2.413,2.1529,2.4399,2.348,1.6897,1.3238,1.1965,0.63458,-0.14873,0.25703,0.4408,0.29089,0.17361,0.59876,1.3529,1.4692,1.6243,1.6036,1.0053,0.56238,0.16031,0.053877,-0.54749,-0.42489,0.66622,0.12252,-0.38809,-0.0028475,0.0088033,-0.53605,-0.75122,-0.86231,-1.0626,-1.7338,-1.9076,-2.4095,-1.3814,-0.65577,0.23859,0.26825,-0.40285,-0.11654,-0.57294,-0.74028,-1.3524,-1.1912,-0.63347,-1.1278,-0.35087,-0.66486,0.35263,-0.078032,-0.31248,0.087144,-0.29124,-0.2282,0.14746,0.59547,0.4298,0.87689,0.3261,-0.070196,-0.52574,-0.44833,-1.1463,-1.499,-1.7155,-1.7492,-2.1296,-2.0164,-1.8995,-0.86451,-0.51216,0.08314,0.57108,1.3118,1.7619,1.6676,1.0785,1.6199,0.9409,-0.55706,-0.84935,-0.19739,0.34555,0.22614,-0.47454,-0.80181,0.27251,-0.71198,-0.86516,-0.89594,0.13533,0.21902,-0.43111,0.18303,0.93789,1.8369,1.0949,1.1558,1.1795,1.3915,0.24684,-0.37554,-1.3377,-0.93452,-1.3684,-1.1035,-0.7343,-0.8012,-0.073,-0.028406,-0.059701,0.82924,0.32379,1.5045,0.81264,1.2673,1.0361,1.526,1.2476,1.9942,1.9896,2.0449,1.8906,1.2247,0.76587,0.12866,0.12224,0.0012151,0.34007,0.038686,0.22663,-0.51342,-0.94938,-1.3759,-0.71057,-0.84826,-1.4462,-1.932,-0.80584,-0.93202,-1.0922,-0.83726,-0.95012,-0.92305,-0.85723,-0.95798,-1.3326,-1.4825,-1.5437,-1.5333,-1.388,-0.81634,-0.21635,-0.65967,-0.42911,0.74902,1.3878,0.91457,1.7909,1.6986,1.9905,1.8629,1.3701,1.203,1.2579,1.8265,0.94986,1.0884,1.143,1.0057,0.69816,-0.029211,-0.96703,-1.1702,-1.4322,-1.8312,-1.6418,-1.043,-1.4319,-1.5694,-1.0875,-0.93759,-0.6195,-0.74069,0.0010393,-0.19263,0.12138,-0.019575,0.73992,1.1225,0.96808,0.79036,0.86304,0.26663,-0.3127,-0.7816,-1.4867,-1.6554,-1.666,-1.5561,-1.41,-0.51517,0.94114,0.19175,0.40251,-0.29592,0.35874,1.2229,0.44433,-0.4072,0.13865,-0.19954,-0.3062,-1.2178,-0.93835,-0.72464,-0.11124,-0.79869,-0.64631,-0.84653,-0.46381,-0.010608,-0.094464,-0.55419,0.10912,-0.032776,0.78241,0.61987,0.69521,1.1216,0.86,0.67352,-0.057201,-0.54629,-1.4919,-1.8805,-1.594,-0.54062,-0.65921,-0.219,0.32963,0.016794,-0.19091,-0.17466,-0.84935,-1.7334,-1.9531,-1.1127,-1.3577,-1.9056,-2.0417,-1.4517,-1.8146,-1.9438,-2.2918,-1.6461,-1.4464,-0.82571,-0.3837,0.36979,1.0632,1.6028,1.3962,1.4718,1.1994,1.531,1.9695,1.1048,0.71111,0.2727,-0.64892,-0.55281,-1.544,-1.2639,-1.7535,-1.138,-1.4661,-1.1125,-1.4662,-1.5445,-1.1097,-0.89085,-0.87505,-1.1152,-0.84176,-1.3785,-1.1251,-1.561,-1.0906,-1.6373,-0.91682,-1.556,-1.683,-1.2399,-1.8134,-1.9075,-1.6185,-1.164,-1.1277,-1.3163,-1.0704,-0.55485,-0.21737,0.086316,0.54256,0.82479,0.98981,1.2473,1.5615,1.6288,1.8953,1.8345,1.7037,1.2327,1.3586,0.79824,0.090806,0.42748,-0.06072,-0.024628,-1.0355,-1.2738,-0.98968,-1.4714,-0.94933,-0.8302,-0.97812,-1.5108,-1.8898,-2.0547,-1.693,-1.8622,-1.402,-0.83628,-0.090842,0.58735,0.88015,1.0267,0.76171,1.3013,1.8,1.6744,1.4717,1.1809,1.1004,0.68201,0.36359,0.18317,-0.33539,0.16742,-0.10386,-0.59413,-0.29664,0.15614,0.5418,-0.0692,-0.20583,-0.47446,-0.67691,-1.0433,-1.0576,-1.2243,-1.1089,-0.15934,0.4428,-0.02668,0.3141,-0.31831,0.61184,1.2087,1.1689,0.75414,1.1116,1.14,0.51805,0.003561,-0.56683,-0.81045,-0.68276,-1.4137,-1.1321,-0.72325,0.087834,0.18162,0.24364,0.017901,0.47347,0.49126,0.17979,0.24789,0.40825,0.58045,0.56339,0.12135,0.53409,0.71505,1.5865,1.137,0.79252,1.1598,1.2736,0.40309,-0.043498,-0.30718,-0.33785,-1.2196,-2.4845,-2.4458,-2.8169,-2.491,-1.5849,-0.9559,-0.21531,-0.22463,0.84723,1.116,1.6923,1.0446,1.8472,1.975,1.9366,1.3775,0.84299,0.98999,0.4795,0.35618,0.22416,0.56556,-0.16402,-0.26167,-0.54819,-0.92578,-0.83406,-0.74316,-0.70878,-0.47826,-0.015007,0.14599,0.28854,0.46045,0.61522,0.7263,0.47466,0.067717,0.47238,0.1969,0.54702,-0.0039647,0.18719,0.25332,-0.45005,-1.1545,-1.4165,-1.251,-1.8577,-2.821,-2.4737,-2.7107,-1.5269,-2.507,-2.0274,-1.2142,-0.87648,-0.8194,-0.10267,0.23937,0.37885,1.0698,1.2849,1.4538,1.6145,1.8334,2.3477,2.067,1.5496,1.2253,1.2772,0.53966,-0.11645,-0.41689,-0.041565,-0.25077,-0.42657,-1.1193,-1.2367,-1.2724,-0.9366,-1.2698,-0.84629,-1.036,-1.3536,-1.7241,-2.1349,-1.7858,-1.1349,-1.7902,-1.5201,-1.7592,-1.5011,-1.452,-0.79197,-0.45844,-0.19748,0.57754,1.2065,1.0895,1.3508,1.3439,1.4656,1.5058,1.2097,0.25175,0.26627,-0.13945,-0.56716,-0.90549,-1.5983,-1.7806,-2.2047,-0.65757,-0.95115,-1.1315,-0.17884,0.37232,0.71287,0.98268,1.5387,1.9318,2.2394,0.8071,0.26643,-0.11218,-0.20739,-1.2182,-2.1181,-1.6051,-0.92546,-1.3852,-1.4382,-0.80266,-1.0972,-0.9364,-1.911,-1.6978,-1.6702,-1.9899,-1.4608,-1.4255,-1.3386,-0.84315,-0.94666,-0.12645,-0.25788,-0.20754,-0.21159,0.52073,0.95643,1.2268,1.1113,1.65,1.7929,1.5148,1.3712,1.4033,1.4803,1.1447,1.2593,0.90819,0.12185,-0.45554,-0.72667,-0.1812,-0.46474,-0.68982,-0.64922,-0.84945,-1.1233,-1.6281,-1.8281,-1.8031,-1.8261,-0.48424,-0.95386,-0.43688,0.33029,0.2491,0.063166,-0.14832,-0.88846,-0.72093,0.31103,-0.23441,-0.20427,0.66922,1.0177,1.2885,1.248,0.96388,0.98771,0.33004,0.42646,-0.26209,-0.69575,-1.4266,-1.4642,-1.64,-1.6893,-1.9854,-2.0766,-2.0515,-1.8139,-1.5362,-1.7088,-1.1855,-1.2746,-1.0036,-0.95578,-1.0873,-1.0108,-0.4339,0.07378,0.89622,1.1417,1.5495,2.146,2.3321,2.2994,2.0017,1.9746,1.9393,1.4828,0.28591,0.38814,0.36161,0.68481,0.049797,0.52998,0.69721,1.1943,1.2632,1.2356,1.9298,2.2966,2.6765,3.0281,2.693,2.101,1.4988,0.50705,0.0011709,-0.21501,-0.351,-0.31085,-1.0225,-0.97355,-1.0425,-1.1766,-1.6231,-1.6732,-1.4936,-1.5736,-1.3746,-1.4782,-0.71508,-1.0359,-0.51625,0.6132,-0.51632,0.28301,1.2465,2.2695,1.8231,1.3779,1.5861,1.1268,1.0231,0.53763,0.043987,-0.88182,-1.2795,-0.94313,-0.84029,-0.87403,-0.038617,0.33269,0.40549,0.49588,0.34863,0.69379,0.85703,0.36581,0.66263,1.0006,0.87431,1.1025,0.56423,1.3399,1.4468,1.5321,0.31775,0.23194,-0.14643,-0.41291,-1.0108,-1.0163,-0.31205,0.10614,1.2133,0.38578,0.84158,0.78089,1.5819,1.2852,1.2523,1.5982,1.8365,2.6732,2.679,2.168,2.5277,1.6931,0.84501,0.28914,-0.74778,-0.73884,-1.4169,-1.6107,-1.7281,-1.949,-2.0481,-1.8786,-2.3613,-2.7833,-2.7373,-2.7492,-2.3303,-1.8521,-2.0801,-2.0992,-1.2721,-1.0514,-0.59459,0.2073,0.3322,0.92938,0.8737,1.6322,1.5612,1.81,1.7919,1.3126,0.9935,0.39808,-0.18028,-0.22813,-0.23519,-0.73242,-0.53366,-0.77219,-1.045,-0.88612,-1.1137,-0.90588,-0.71644,-1.7409,-1.1106,-0.87808,-0.0088676,0.017741,-0.038301,1.4239,1.6271,2.3935,1.6517,1.9596,1.5661,1.3012,1.6411,1.4701,0.70633,0.32219,-0.042057,0.5482,-0.2526,-0.70426,-0.71465,-1.4346,-1.7874,-1.607,-1.4819,-1.2131,-1.2961,-0.97739,-0.1707,0.0922,0.49309,0.55082,0.95024,1.2789,1.7996,2.1376,2.3475,2.505,2.1736,1.3624,1.0276,-0.25128,-0.59523,-0.76396,-0.79597,-0.88892,-0.722,-0.61323,-0.23982,-0.9579,-0.33398,0.36136,0.63089,1.4508,1.5811,1.3048,1.2269,0.88086,0.97568,0.80111,1.3744,0.80531,0.51887,0.63755,1.017,0.27549,0.037303,0.44584,1.0486,1.0122,0.90595,1.1446,0.88563,0.46626,0.65523,0.074192,0.6454,0.29589,-0.4489,-0.57968,-0.95502,-0.64751,-1.0455,-1.6871,-2.0968,-2.0554,-2.385,-2.0375,-1.8259,-1.2504,-1.2443,0.050285,-0.19755,0.1651,0.54049,0.67708,0.31645,0.2325,0.55197,0.89528,0.99157,0.79752,1.2135,1.2887,1.0041,0.37959,0.50461,0.62469,0.57527,0.3596,0.29731,0.046286,0.021842,-0.13055,-0.30031,0.30867,0.17878,0.1967,0.33542,0.57572,0.77108,0.48759,0.487,0.41211,0.79823,0.98328,1.0528,1.8337,1.925,1.7086,1.0292,0.76772,-0.11078,-0.39029,-1.3363,-1.5278,-1.8785,-2.2158,-2.3817,-2.2662,-1.9728,-1.6598,-1.5154,-1.5191,-1.6075,-1.3872,-1.2445,-0.58902,-0.48918,-0.31995
0.065004,0.28998,-0.048305,-0.24393,0.57527,0.6462,0.027493,0.0069306,0.74545,-0.07158,-0.24073,-0.13167,0.17495,0.23229,-0.29575,-0.22933,0.31122,-0.30572,-0.35132,0.22604,0.53922,-0.16487,-0.4503,0.7497,1.005,-0.49723,-0.54221,-0.68844,0.34583,-0.6713,-1.443,-0.98773,-0.74672,-1.3919,-2.1136,-1.5341,-0.31833,-0.39449,-1.2245,-0.48093,-0.0064327,-0.50243,-1.2259,0.38744,-0.28868,-0.76074,-1.4731,-0.33562,-0.5011,-1.3919,-1.9662,-1.2804,-0.92484,-1.305,-0.99912,-1.6357,-0.96206,-1.2838,-0.025081,-0.88092,-0.92878,-0.41109,-0.48582,-1.547,-0.56528,-1.1474,0.26426,-0.36312,-0.79483,-0.21515,0.66904,-0.075437,-0.47801,0.012183,0.30307,0.26036,-0.13877,0.19926,1.0406,0.76971,-0.4684,-0.31603,0.54039,-0.12635,-0.57621,-0.43762,-0.035622,-0.18443,-0.38013,-1.0208,-0.094094,-0.95782,-1.4714,-0.81933,0.21746,0.18376,0.20541,-1.0343,0.092871,0.28994,-1.5188,-1.1815,-0.46305,-0.27182,-1.1518,-1.7014,-0.58815,0.1157,-0.22406,-0.10554,-0.080981,0.10218,0.73231,0.14901,0.049084,-0.05761,0.20314,0.46455,-0.064131,-0.38301,0.12772,0.28759,0.18103,-0.44243,0.19327,0.17045,0.49473,-0.52522,0.49333,0.38501,0.73733,-0.036573,-0.33444,0.34909,-0.070918,-0.55961,-0.84164,-0.12568,0.23894,-0.34094,-0.97545,-1.1164,-0.59692,-0.56276,-0.45046,-1.0901,-1.0187,-0.45084,-0.55868,-0.88329,-0.23536,0.14834,0.19201,-0.90803,-0.82532,-0.48099,0.58169,-0.00053185,-0.58293,-0.38564,0.033043,-0.58898,-0.88548,0.66928,0.37328,0.56047,0.17551,0.027941,0.98221,0.59372,-0.16551,-0.12185,0.5595,0.36722,-0.20763,-0.50388,-0.19365,-0.046708,-0.31145,-0.62175,-0.12739,0.30265,0.18634,-1.158,-0.99428,-0.57707,-0.16463,-1.1112,-1.2384,-1.0696,-0.51506,-0.57444,-1.1879,-0.84032,-0.16991,-0.17899,-1.7631,-1.4941,-1.0797,-0.14779,-1.8831,-1.8919,-1.5137,-0.6962,0.31347,-0.78445,0.082882,0.26341,0.30921,-0.10913,-0.42483,1.0065,1.529,1.4523,0.98022,2.3312,2.3503,1.7464,0.37881,0.5656,1.0181,1.1387,0.72594,0.13393,0.46162,-0.70763,-1.0675,-1.5675,-0.11467,-0.51551,-0.74398,-0.48816,-1.2041,-0.74702,-0.28523,-0.56909,-1.0599,-1.3075,-0.76427,-1.554,-1.622,-1.1932,-0.3565,-1.6357,-1.1814,-0.63007,0.55499,0.48993,0.47454,1.4241,0.81751,0.17044,0.48798,0.34202,0.45116,-0.83542,-0.36902,-0.78229,-0.60379,-1.2002,-1.5122,-0.086989,-0.17579,-0.76838,-0.92576,0.74237,1.1883,0.68124,0.52994,0.28786,0.90598,1.3557,1.2722,1.0016,1.3906,1.3431,1.5394,0.86479,0.376,0.5807,1.4223,1.4856,1.2718,0.74815,1.1835,2.0567,2.0941,1.3747,1.251,1.5593,1.3896,1.0105,0.69891,-0.95636,0.26197,-0.16199,0.11044,-0.49043,-1.2965,-0.86521,-0.44812,-0.033285,-0.74095,-1.2705,-0.7924,-1.4061,-1.2892,-1.8315,-1.1818,-0.59663,-0.22705,-0.097376,-0.24215,1.829,2.0969,0.29743,0.35822,1.213,0.61484,0.49285,0.14478,0.79272,1.7116,2.0189,2.5513,2.3467,2.1677,2.5672,2.8265,1.8813,1.8951,2.2911,1.8885,1.1406,0.18292,0.47598,0.16408,0.3392,-0.9081,0.13906,-0.64792,-0.19817,-0.83119,0.0070276,-0.25142,-0.28843,-0.47429,0.51327,0.60511,0.73566,1.6277,1.1436,0.55915,-0.16682,0.085646,0.17692,-0.90948,-0.68749,-1.1334,-0.65094,-1.2692,-2.1828,-2.0388,-1.3711,-1.044,-1.3482,-0.81069,-0.32037,0.28396,-0.23046,0.80811,1.0051,2.3656,1.7815,1.2503,1.1498,0.54775,0.97342,0.0010514,-0.66355,-0.80285,-0.64627,-0.034375,-0.54238,-0.6946,0.10517,0.86066,1.2554,0.34448,1.058,1.4693,1.7423,1.7471,1.0025,0.9599,1.7731,1.0355,-0.13945,-0.3026,0.56067,0.5559,-1.0672,-1.2179,-1.1142,-0.51486,-0.43415,-1.0593,-0.48401,-0.4076,-0.65518,-1.8544,-0.98121,-0.50782,-0.64136,-0.62405,0.18429,1.1451,0.99196,-0.047129,0.76941,0.94819,0.69885,-0.026867,0.16674,0.72825,0.88379,-0.17196,0.79793,1.8108,1.8202,1.6185,1.2671,1.3888,2.0809,1.4261,1.124,0.64577,0.97626,1.526,0.32298,-0.43249,-0.26476,-0.08226,-0.27462,-0.16168,-0.77844,-0.29649,-0.16201,-0.77932,-0.67978,-0.13214,0.68735,0.31561,0.1634,0.44762,0.13636,0.039731,0.3359,0.10829,0.66413,0.46302,1.4688,2.4332,2.226,1.4715,2.4645,1.9871,1.9267,1.1731,1.1292,1.0121,0.64416,-0.080753,-0.71749,-0.12319,0.50623,0.60561,-0.647,-0.52006,1.0916,0.86009,0.033128,0.4253,0.56406,1.1554,0.98198,-0.074795,0.089528,0.35112,0.5692,0.31261,-0.15176,-0.1304,1.2275,1.3632,1.2212,0.63617,1.2422,1.8343,1.826,2.4965,1.3415,1.0191,1.7044,1.5447,1.764,0.18579,0.56522,-0.25678,-0.0035177,-0.38062,-0.56688,-0.39439,0.73834,0.53957,-0.42945,-0.045261,0.29298,0.27421,-0.41035,0.051835,0.6641,0.40634,-0.23612,-0.47238,0.38085,0.58744,-0.32809,-0.3796,0.40242,-0.0060007,-0.25882,0.0057355,0.019593,0.62336,0.9005,1.861,1.5007,2.0642,2.4833,2.3917,1.7144,2.0127,2.3527,1.9365,0.75614,0.77208,0.30113,0.17364,0.65201,-0.039534,-0.69432,0.37212,1.4534,1.3129,0.44076,1.405,1.7171,2.4267,2.3995,3.0116,2.9278,3.1986,2.4487,0.89264,1.2701,0.49078,0.22751,-0.6679,-0.79732,0.57124,0.34291,0.14286,-0.31534,0.63196,0.77134,1.0324,0.52851,0.9901,1.5313,1.8476,1.237,1.5932,1.4028,1.6316,1.5187,0.60926,0.4591,1.1935,0.43909,-0.10532,-0.14467,0.78478,0.9611,0.56705,0.12022,-0.16713,-0.11601,-0.80618,-1.0869,-0.44228,-0.54897,-0.75979,-0.7753,-0.38117,0.061999,0.39347,1.2716,0.60859,1.5245,1.8276,1.9831,0.42407,0.75415,1.6773,1.8978,1.1051,0.22632,-0.20425,0.25613,-0.32245,-0.32672,0.024143,-0.30282,-0.35541,-1.4257,-1.5802,-1.391,-1.9688,-1.933,-1.9017,-1.5213,-1.7895,-1.7086,-2.3287,-1.7924,-1.5736,-1.1269,-1.2313,-1.3975,-1.8307,-0.55609,-0.19313,-0.46606,0.0403,0.76526,1.0332,0.44438,-0.12813,0.065004,-0.31378,-0.16227,-0.63936,-0.90263,-1.4511,-0.42703,-0.81929,-1.0363,-0.79449,-0.24605,-0.17537,0.95867,0.1713,-0.046664,0.36983,0.32827,-0.33619,-0.10887,0.45373,0.33133,1.0882,0.589,0.28738,0.58916,-0.12316,-0.96196,-1.0561,-1.2245,-1.329,-2.1838,-1.7372,-1.2916,-1.5731,-0.49797,-0.0010809,-0.20476,0.77928,1.8081,1.8947,1.7639,1.771,1.6357,2.3287,1.5924,0.57266,-0.22084,0.31328,-0.56356,-1.6347,-2.4376,-2.1906,-1.3924,-1.5765,-2.2806,-1.7526,-1.417,-1.4917,-2.432,-1.7214,-2.0222,-1.2075,-1.7723,-1.7608,-1.8657,-1.3605,-1.6449,-1.6351,-1.686,-1.0635,-0.51497,-1.0991,-2.0165,-1.0045,-0.043392,-0.35442,-1.3343,-0.24138,-0.30406,0.19299,0.35271,-0.30762,1.1101,1.5519,1.048,1.0851,1.3419,1.5184,2.3635,1.7813,1.4512,1.5205,1.4686,1.434,1.0465,1.425,1.7023,2.45,2.4047,1.1139,0.82596,0.046197,-0.12369,-1.0968,-2.3738,-2.5046,-2.6119,-2.3635,-3.1307,-2.6799,-1.7288,-2.1133,-2.4175,-2.689,-1.582,-0.76801,-1.0216,-1.1044,-1.2391,-1.2903,-1.4028,-1.2988,-1.2721,-1.1305,-0.66412,0.10466,-0.79041,-0.32951,0.82201,1.138,0.25842,0.38282,-0.31041,0.71741,0.65675,-0.34008,-1.1801,-1.6418,-1.2104,-1.4562,-1.9475,-1.6439,-1.1933,-1.1478,-1.983,-1.4619,0.10069,0.36729,-0.35794,-0.39514,0.035816,0.76286,1.0036,-0.45737,0.69412,0.23734,0.28631,-0.26589,-0.88247,-0.64651,0.37006,-0.26475,-0.19271,-0.63832,0.049141,0.030643,-0.94039,-0.77334,-0.73349,-1.0826,-1.4916,-1.7793,-1.3866,-0.58917,-0.75284,-0.37809,0.10288,0.87534,0.77152,1.1144,1.3761,1.0187,1.2324,1.5634,1.9766,1.973,1.2289,1.6564,1.404,1.4305,0.99142,0.8603,0.64201,1.0126,0.1191,-0.80079,-0.37952,-0.66191,-1.2266,-1.9953,-1.5928,-2.1337,-2.0992,-2.1388,-1.9436,-1.4239,-0.98995,-0.89745,-0.019103,-0.49315,0.5631,0.14236,0.61557,0.42748,-0.077316,0.074856,-0.47373,-0.22546,0.39173,0.38754,-0.58339,-0.41196,1.139,0.81647,-0.3894,-1.0533,-0.93366,-0.62033,-1.2172,-1.5211,-0.47947,-1.0127,-0.88119,-1.4155,-0.83086,-0.94264,-1.0973,-1.5926,-1.5862,-1.1239,-1.1405,-0.84298,-0.82339,-0.8086,0.51797,-0.23528,0.45975,-1.473,-0.6978,0.28617,-0.080546,-0.67072,-0.059346,-0.21229,-0.3001,-1.084,-1.2422,-0.64814,-0.81944,-1.3915,-1.5068,-0.12957,0.036306,0.58687,0.41609,0.52103,1.0136,1.7588,2.1049,1.6931,1.2742,1.7861,1.5837,0.79181,0.52098,-0.16026,0.34186,-0.52083,-0.91975,-1.1602,-0.9533,-1.123,-0.79711,-1.453,-1.2212,-0.8179,-0.62898,-0.9324,-1.014,-0.3641,0.16755,0.22146,0.018402,-0.88792,1.0425,1.3981,1.0087,-0.35841,1.0658,0.31938,-0.61561,-0.96302,-0.8983,-1.3457,-0.93611,-1.8646,-0.80244,-0.0013049,0.5829,0.2391,-0.26132,-0.19927,0.35876,0.37973,-0.65789,-0.67879,0.22404,0.080178,-0.09369,-0.35883,0.15474,0.58013,1.177,-0.31396,-0.54485,0.3234,-0.13121,-0.90985,-1.6963,-2.1532,-1.2092,-0.16583,-0.96168,-0.33263,-0.027111,0.71574,-0.033734,-0.50696,-0.017169,0.78177,0.78813,0.22649,-0.43541,0.43071,0.57113,0.28487,-0.25082,-0.34247,-0.051016,-0.056297,-0.99607,-1.248,-1.2466,-0.43112,-1.5865,-2.0306,-1.3688,-0.89713,-1.1088,-1.5604,-1.1033,-0.85242,0.12319,-0.64855,-0.44667,0.55843,0.97362,1.7329,1.337,0.76927,1.0889,1.8958,1.8064,0.88186,0.31186,0.20909,1.0262,-0.60075,-1.5862,-1.8866,-1.7862,-1.0443,-2.289,-2.448,-1.898,-1.4254,-0.92396,-1.3602,-1.0701,-0.72045,0.033844,-0.055415,0.42539,-0.18778,0.71797,1.5429,1.0139,0.42132,1.2726,1.0959,0.91139,-0.79768,-1.5089,-1.1484,-2.1335,-2.3954,-2.8249,-2.3787,-1.7244,-2.1375,-2.1115,-1.2793,-1.6604,-1.4981,-1.5694,-1.5597,-1.0418,-0.089383,0.34528,-0.083239,-0.60624,1.1469,1.1217,1.3974,0.7171,0.34688,1.2184,1.6623,1.4208,1.0243,0.99518,0.92543,0.87855,0.11586,-0.96851,-1.2031,-0.96674,-0.84067,-1.3362,-0.98772,-0.33702,0.40889,0.60965,0.41511,1.2464,1.7897,1.9337,1.3083,1.0295,1.7229,1.7599,1.4035,0.26535,0.52753,0.67029,0.29096,0.81783,0.52992,0.45598,0.95598,0.95074,1.405,1.1837,0.14591,0.7191,1.2397,1.5316,0.42024,0.029438,-0.056934,-0.34535,-0.63707,-2.1358,-2.1486,-2.1969,-1.9431,-2.0213,-1.9585,-2.1692,-1.3506,-0.49883,-0.99296,-0.51584,-0.6883,-0.27483,-0.11563,-0.074548,-0.35406,-0.022314,0.69378,0.17059,-0.51917,-0.3809,0.37918,-0.68474,-0.59908,-0.53101,-0.47434,-0.17191,-0.28412,0.34458,0.16542,-0.0095627,0.68998,1.4113,1.4851,1.3094,1.4054,1.9585,1.8797,2.3927,2.5785,2.0055,2.4999,2.9753,3.4313,3.4687,3.1392,2.9678,3.6916,3.4734,3.5298,2.5122,2.2618,2.0834,1.0433,1.0718,0.4303,-0.82861,-1.2716,-1.3368,-0.921,-1.4399,-1.4093,-1.104,-0.77424,0.21729,0.6526,0.70705,-0.062564,-0.5151,-0.53244,-1.2852,-1.7199,-2.1207,-1.9687
-0.89225,-0.85557,-0.28939,-1.0989,-0.69452,-1.2266,0.071208,-0.64699,-0.86195,-0.75508,-0.010239,-1.0303,-0.98578,-0.40306,-0.14178,-0.57606,-0.65587,-0.9145,-0.40071,-0.4338,-0.35697,0.15559,0.21128,-0.15779,-0.35165,0.75784,0.61737,-0.23998,-1.0985,0.087566,0.27887,-0.7438,0.19063,0.30225,0.59319,0.19311,0.21672,0.69386,1.3639,-0.42871,0.1634,0.19175,0.30382,0.34563,0.011332,0.53453,1.1854,0.85054,0.14827,1.2841,0.91162,-0.088226,-0.0021542,1.0885,0.86878,-0.38511,0.49585,1.0972,2.19,0.90393,0.053998,-0.22994,0.92658,1.094,-0.049318,0.10637,-0.57381,0.13661,0.3969,-0.93547,-0.40957,-0.58355,0.37111,-0.65542,0.14788,0.27977,1.0379,0.38289,-0.13172,-0.23222,0.098788,0.091512,-0.21775,0.035841,1.0601,0.27863,-0.036979,-0.25305,0.93973,-0.15661,0.24853,0.5749,0.47331,0.32125,0.49519,0.98639,0.85748,0.62299,0.40929,0.25525,0.82903,0.88391,1.5204,1.0324,0.66455,1.6305,0.79203,0.53862,0.35972,0.86004,1.5066,0.71503,0.097376,0.36839,-0.22198,0.17945,-0.35466,-0.27048,0.55178,0.036538,-0.0011005,0.40752,0.88164,0.71135,0.19719,0.50038,1.0525,0.51907,0.32216,-0.71455,-1.2497,0.77923,-0.90262,-0.39841,-0.16364,0.41024,-0.1532,-0.73288,-1.0053,-0.49464,0.29692,0.30091,-0.30145,0.49575,0.65781,0.49907,0.45695,0.70366,0.26099,0.69807,-0.33889,0.36136,-0.1155,0.38935,-0.53789,-0.4947,-0.37603,0.42815,-0.22581,0.23385,-0.98056,-0.12067,-0.11117,-0.027511,-0.85073,0.62988,0.47904,-0.85271,0.12175,-0.78421,0.11373,0.30305,0.25351,-0.51277,-0.23149,0.41249,-0.52745,-0.79743,-0.11434,0.29751,0.26728,-0.90865,-0.60125,0.79704,-0.039175,-0.041944,-0.26529,0.61733,1.2994,0.029164,0.088414,0.12359,-0.13019,0.41675,-0.86633,-0.87529,-0.15307,0.062672,0.275,-0.58634,0.46701,0.50817,-0.21993,0.60536,-0.012859,1.0918,-0.4471,-0.44375,0.27325,0.86514,0.36364,-0.057061,-0.14738,-0.62276,-0.22419,-1.5852,-0.13223,-1.5993,-0.1348,-1.1121,-0.43497,-1.8302,-0.2805,-0.00080897,-0.48116,-0.044129,0.5337,1.0385,0.80872,0.38458,0.81663,1.4676,1.0174,-0.015535,-0.68815,0.53249,0.029673,-0.9418,-0.12555,0.83771,1.5063,-0.54849,-0.34156,0.47076,0.95781,-0.92194,-0.58818,0.38861,-0.34692,-0.9155,-0.53851,0.51789,0.19412,-0.63279,-0.39414,0.47778,0.72345,0.67565,-0.24018,1.7993,0.62662,-0.29659,0.72731,1.8662,0.43829,-0.11328,0.28594,0.94567,0.48636,0.24228,1.1969,-0.65868,-0.76544,0.30924,-0.26193,-1.1477,-0.55973,-0.40451,-0.049012,-0.26956,0.14061,0.051773,-0.56784,0.15381,-0.38339,-1.2358,-1.4802,-0.64867,-0.5587,-1.0031,-0.7466,-0.71782,-0.2688,0.26472,-1.1065,-1.2254,-0.82821,-0.034342,0.95541,0.56138,1.2115,0.69833,0.67602,0.93668,0.1259,0.66753,0.89491,1.7135,0.82827,0.33142,-0.048979,0.91184,1.0716,0.76902,-0.45603,0.18284,0.54176,1.8256,0.18437,0.54531,0.74444,0.59049,0.1478,0.21228,0.6414,0.40141,0.66526,-0.74771,-0.81068,0.055573,0.39165,-1.2039,-1.4047,-0.89206,-0.59255,-1.3749,-1.1362,0.21651,0.49993,-0.79181,-0.30557,0.36079,0.35962,0.29389,0.34114,0.45903,0.37617,-0.77877,-1.4022,-0.029185,-0.58015,-0.89345,-1.1435,0.21962,-0.6846,-0.1263,-0.44599,1.6907,0.73455,1.4296,0.13487,1.4476,2.697,2.1381,0.44796,1.7663,1.3931,0.87564,0.95768,0.0043744,0.75653,0.41564,-0.50665,-0.27031,-0.33313,-0.077214,-0.0056315,-0.91802,-0.39936,0.2357,0.17298,-0.0025295,-0.19617,0.69495,1.3751,0.35592,1.4608,0.22712,0.61654,-0.15318,-0.41094,-0.71299,0.23143,-0.71543,-1.0928,-1.0101,-2.05,-1.1043,-1.4249,-1.4092,-1.1273,-0.28132,-0.93441,-0.18373,-0.72483,0.69229,0.50678,-0.080166,0.14082,0.58847,2.6925,1.0809,0.56063,0.27722,0.97065,0.7209,-0.084064,0.22081,1.8861,-0.18856,0.0058525,0.53103,1.1709,0.81363,0.63947,-0.025883,0.70938,1.1747,0.62841,0.55934,1.0512,1.7038,0.63245,0.90921,-0.58713,0.52378,0.5001,-0.50343,-0.81151,-0.61064,0.68694,1.0158,-0.031413,-0.758,0.49744,-0.011486,0.0042074,0.016904,-0.96406,0.66982,0.97556,-0.41075,-0.47943,1.6349,0.47148,-0.16359,-0.10702,-0.086374,0.96475,-0.39588,-1.0297,-1.2093,-1.597,-1.3434,-0.77347,-1.4385,-2.2869,-2.0448,-0.90549,-1.0925,-1.0866,-0.55789,-1.3853,-1.0745,-0.72586,0.012638,-0.10115,0.82858,0.51147,0.70969,-0.37515,-0.38474,1.2227,1.1249,-1.2997,-0.64552,-0.18997,0.25484,-0.12293,-0.6357,0.19887,0.89547,0.76951,-0.010609,0.55833,0.10141,0.20673,-0.51846,-1.1052,-1.4735,-1.5185,-0.85946,-0.6213,-1.2123,-1.4659,-1.3724,-0.29771,-0.88218,-0.62157,-0.55607,-1.0016,0.77576,-0.82412,0.0056615,-0.61655,0.59601,-1.1506,-0.57431,-0.16217,0.70625,0.056765,-1.3475,-0.16503,0.43034,0.55924,-0.19593,0.26089,1.4643,1.0992,-0.17636,0.32108,1.0042,1.0586,-0.00083862,0.45615,-0.32137,0.0044929,-0.24462,-0.80009,-1.3846,-0.8293,-0.3438,-1.6572,-1.7984,-1.4377,0.14159,-0.60871,-0.90568,-0.7369,-0.7574,0.064105,0.49841,-0.19289,-0.95386,-0.19945,0.7955,-0.0027849,-0.13496,-0.8085,-1.4708,0.050504,-0.52999,-1.1731,-1.255,0.4532,0.070778,-0.020722,-0.57572,0.34416,0.58586,-0.18492,-0.46333,-0.20362,0.88794,-0.49129,-0.46627,-0.91456,-0.69181,-0.29243,-0.43267,-1.3735,-0.98266,-0.64695,-1.1765,-1.4621,-1.2385,-0.69709,-0.66187,-1.0184,-0.67859,-0.28725,-0.17299,-0.3757,-1.5628,0.72617,0.22342,-0.21445,-0.46287,0.12074,1.9457,0.56718,0.51215,1.398,1.5029,0.41085,1.1608,0.64013,0.74933,0.3491,0.166,-1.0378,-0.21955,0.34815,-1.2918,-2.0632,-1.1535,-0.28923,-0.88075,-1.7434,-2.1587,-0.50939,-0.7849,-1.6453,-1.204,-0.55781,0.064135,-0.17392,-0.63042,-0.25699,1.1128,1.1604,0.47018,0.69701,0.95695,1.3455,0.54377,-0.034699,0.25998,0.22543,0.86989,-0.70738,0.22109,-0.81307,-1.058,0.047848,-0.51754,-1.8134,-0.50529,-0.71386,-1.1385,-1.1583,-1.3027,-0.70025,0.288,0.01418,-0.30565,-0.56381,-0.41068,-0.64049,-0.16487,-0.97783,-1.3805,0.096926,-0.41732,-1.3368,-1.3127,-0.95536,-0.85879,-0.50537,-1.2604,-1.5197,0.29177,0.097474,-0.69825,-1.0298,1.0027,0.76285,0.20245,-0.20307,0.66351,1.2879,0.30593,0.67132,0.3647,0.85712,0.60557,-0.25523,-0.4821,-0.13939,-1.0292,0.00023963,-0.47024,-0.64972,-0.54352,-0.23388,-0.92617,-0.77408,-1.5111,-0.72539,-0.093306,-0.16098,-0.22734,0.45919,1.0832,1.3555,0.63313,0.94604,1.6017,0.81656,1.0962,0.89808,0.86515,1.4451,1.0577,0.19209,1.2645,0.93427,1.0114,0.18534,0.43898,1.5212,2.1695,0.49911,-0.042165,0.69492,1.3736,0.25005,0.11296,-0.32234,0.47876,1.056,-0.3707,-0.3393,0.21239,0.2559,-0.41193,-1.8293,-0.814,-0.57863,-1.5088,-1.8571,-1.3146,-1.4938,-1.5118,-0.60042,-1.6998,-1.9487,-1.3103,-0.18112,-0.28157,-0.8874,-0.30228,-0.28044,0.65511,0.30499,0.5951,1.0801,2.2006,0.81517,0.12688,1.1824,1.4881,2.2062,1.3781,0.20398,1.0821,1.9057,1.3567,-0.43303,0.98906,1.3178,1.0241,0.85416,0.3159,-0.20723,0.26653,0.079905,-0.90936,-1.7478,-1.3917,-0.25254,-1.2609,-1.952,-1.412,-0.31368,0.47282,-0.78818,0.60659,0.36014,1.5861,0.34683,0.70588,0.34843,0.89059,1.4124,0.35979,0.023918,-0.3125,0.13314,-0.71588,-0.71056,-0.85169,-1.2175,-1.4244,-0.51082,-1.8319,-1.9957,0.68638,0.014372,-0.66991,-0.96275,-0.0040856,1.0257,1.3491,0.35803,1.6577,2.3344,1.3841,0.69318,0.66262,0.99291,0.86797,0.8755,-0.57343,0.10738,-0.50228,-0.036115,-1.2329,-1.2319,-1.6894,-0.50133,-0.9182,-1.3801,-1.0545,-1.5909,-1.1405,-2.0755,-1.6733,-1.5815,-1.2051,-1.1804,-0.98595,-0.58176,-0.22533,0.0378,-0.3401,0.42798,1.0658,1.9784,1.1315,1.5982,2.4912,1.7921,1.6278,0.55275,1.1408,0.18288,0.77389,-0.043146,-0.87812,0.65825,1.7391,1.6576,-0.31074,-0.71939,1.0304,0.051147,0.55716,0.088549,1.1578,0.91109,-0.43586,-0.44747,0.50908,1.6804,0.62426,0.41506,0.26553,1.7534,0.27996,0.52786,0.82977,1.2345,0.77157,0.96813,0.63984,1.3925,1.4106,0.62774,1.1812,0.79769,1.429,0.8666,-0.49375,-0.04967,-0.61273,1.1822,0.66243,-1.0619,-1.8104,-1.0593,0.33678,-0.28474,-0.75111,-0.32391,0.86239,0.48024,-0.044859,-0.009415,1.6979,-0.24453,-0.4477,-0.39092,-0.17096,-0.96303,-0.84449,-2.1153,-1.877,-0.64828,-0.88492,-0.68451,-1.4508,-0.88395,0.65722,0.44115,0.064033,1.2,1.6035,1.1863,1.0833,1.0145,1.3533,1.8808,1.7759,1.0533,1.6383,1.8454,1.8198,1.1699,0.83547,0.93387,-0.47712,1.5458,-0.35931,-0.21142,-0.029686,0.7292,-0.55931,-0.83029,-0.4844,1.9404,1.0545,0.77255,0.31652,1.7779,1.4038,0.66899,0.55125,0.78484,1.6223,0.7044,-0.10139,-0.35688,1.4338,-1.0807,-0.4109,-0.77817,-1.3299,0.17523,-0.68213,-0.31927,-0.7283,0.28628,1.0263,-0.96841,-1.0956,0.44842,1.5212,0.85863,0.88468,0.56285,0.80436,1.3574,0.60897,0.13259,-1.3241,0.57799,-1.0159,-0.85165,-1.2093,-1.4336,-0.29308,-1.1712,-1.9432,-1.8578,-0.81547,-1.3081,-0.97181,-1.1395,-0.85494,0.52969,0.22901,0.084773,0.46359,0.87985,0.66862,1.3174,1.0957,1.4456,1.3535,1.0527,0.89489,0.86683,1.0313,-0.4547,0.21067,0.042193,-0.72518,-0.31787,-0.7041,-1.0092,-0.98767,-0.075134,-0.29902,-0.94882,-1.8773,0.011068,0.54682,-0.22718,0.15787,0.50813,1.1366,1.0331,0.66387,0.71894,0.50698,1.3269,1.5628,0.5397,1.6353,0.95985,0.026071,0.82601,0.096507,-0.57953,-0.12198,0.40877,-0.6407,-0.96095,-0.19401,0.37987,0.94625,0.77037,1.0374,1.8089,1.7494,1.2639,1.1833,1.5116,1.8672,0.89538,1.9411,1.132,1.066,2.0604,-1.1726,0.66384,-1.4477,-0.54547,-0.96169,-0.79874,-0.98355,-1.6271,-0.76404,-0.1605,-0.92127,-1.2424,-1.3459,-0.45226,-0.99313,-1.224,-0.61126,-0.3094,0.64237,0.92243,0.77451,0.30168,1.1777,0.75993,0.39457,0.21382,-1.0865,0.42653,-0.74445,-0.98578,-0.58561,-0.80102,-0.38399,-1.2448,-1.1607,-0.90663,0.068932,-0.12015,-0.95952,-1.5518,-0.056063,-0.97431,-0.26018,-1.6014,-1.4424,-0.80711,-0.52597,-0.017547,-0.2496,-0.47199,-1.103,-0.21379,0.13248,0.14487,0.38344,0.95446,1.0918,2.1059,1.9132,1.3382,1.5947,2.3839,1.8304,1.5767,1.1463,0.91947,1.2339,0.9704,1.1976,0.073887,0.46919,1.311,0.20958,-0.17059,-0.75884,0.32381,0.063234,-0.43142,-1.1124,-0.52539,-0.13301,-0.63208,-0.96637,-0.97917,-0.93312,-0.46072,-0.30335,-1.1164,-0.65173,-1.1421,-1.7347,-0.53757,-0.74537,-1.3244,-1.04,-1.0602,-0.98951,-0.98267,-1.3292,-1.3527,-0.36474,-1.2856,-0.70397,-0.68805,-0.84929,-0.13913,-0.0069822,0.56802,-0.68003,0.45252,0.3486,-0.34033,1.209,1.0008,0.58026,0.43693,0.43621,0.41855,0.021519,-0.30333,-0.4117,-0.22389,-0.5319,-0.084651,-0.32517,-0.28563,-0.28623,-0.31653,-0.55128,0.10753
-0.71484,-1.464,-0.93042,-1.2363,-1.3389,-1.4349,-0.8105,-1.094,-1.2214,-0.58025,-0.058652,-0.63479,-1.0823,-0.6568,-0.72486,-1.0456,-1.0571,-0.6973,-0.44216,-0.78218,-0.96339,-0.003849,0.32036,-0.78061,-0.55512,0.045016,0.3094,-0.061096,-1.8358,-0.33728,0.79873,-0.53452,-1.2781,0.068621,0.085669,-0.36975,-0.99035,0.69354,1.0885,0.47856,-0.44152,0.56278,1.2709,0.4732,0.59459,0.26077,0.79997,0.41563,0.25258,0.31266,0.63838,0.63354,0.13474,0.43884,0.59643,0.083278,-0.022928,0.10838,1.5859,0.30511,0.89266,0.18293,0.56475,1.5859,0.2522,-0.034466,-1.7582,-0.092045,0.82411,0.25491,-1.2816,-0.42523,0.43698,-0.45958,-0.34905,-0.17855,0.6586,0.26893,0.1754,-1.4445,0.83472,-0.27443,0.10262,0.0048928,-0.043184,0.033205,-0.028237,0.35225,0.22008,-0.15986,-0.10731,0.46942,0.52271,-0.0022534,-1.4232,0.051184,0.53266,-0.057654,-1.3188,-0.43889,0.54435,-0.3635,-0.54356,0.24663,0.61136,0.88762,-1.1933,0.33096,-0.038537,0.81033,0.29151,0.64245,0.22871,-0.36548,0.17633,-0.099466,0.27852,-0.70334,-0.29345,0.042635,-0.010739,0.070902,0.085051,1.0279,0.21026,0.55919,-0.4712,1.15,0.36696,0.26656,-0.86035,0.79989,0.48928,0.59215,0.035603,0.21188,0.77513,0.72766,0.44425,-0.57162,0.060706,0.28898,-0.5238,-0.11871,1.3125,0.88558,0.52361,0.67968,0.81026,0.7865,0.47456,-0.60203,0.34225,1.0003,-0.12819,0.73391,1.3304,0.96866,0.68837,0.68106,0.42494,1.8497,1.3405,1.3686,-7.5035e-05,1.308,1.8222,0.42324,0.34662,0.72567,1.2349,1.4379,-0.59254,-0.43346,0.17768,0.76694,-0.23883,-0.11553,0.62276,1.4031,0.38856,-0.63791,0.22625,1.2933,1.1035,0.59454,1.0056,1.4952,1.4893,0.46982,0.36794,0.02949,0.78731,1.0471,-0.67846,0.32667,0.74362,0.75755,-0.75723,0.41021,1.3817,1.2523,-0.17958,0.40719,0.39618,0.89502,0.80333,0.37011,0.2802,0.64993,0.62052,1.1536,0.5017,0.81989,0.38874,0.62645,-0.31885,-0.40453,-0.35289,0.76877,0.14699,-0.84105,-0.16163,0.45535,0.46697,0.50204,0.62788,1.6171,0.65645,1.3623,0.90798,1.3098,-0.090923,0.70721,-0.01346,0.82749,0.58634,0.59605,-0.32938,0.74874,0.70042,0.80634,0.22771,0.61787,1.2816,-0.25894,-0.48201,0.20768,0.59169,-0.99102,-0.33882,0.042243,0.72366,-0.69564,0.76374,0.32858,-0.0053737,-0.079413,0.3717,1.5689,0.72598,0.80035,0.81117,1.431,1.0401,-0.10876,1.6232,1.5255,0.66843,0.20501,0.49085,0.31364,0.24461,0.54197,0.36221,0.02703,-0.57702,-0.62288,0.42713,-0.0058306,0.55356,0.0040522,-0.32165,0.26824,-1.0965,-0.94046,-0.53165,0.028839,-0.17136,-0.56089,-0.25257,-0.15364,0.036397,0.086536,-0.47055,0.057995,-0.30027,0.55251,1.5032,1.4331,0.56984,0.74337,2.1386,1.5423,1.5286,0.36816,1.6521,1.9252,0.85098,0.67114,0.69288,1.5898,0.64337,-0.3655,1.2204,0.54644,0.96771,-0.057946,0.16521,0.52854,-0.10673,1.0596,0.49569,-0.11947,-0.26217,0.96137,0.63931,-0.28655,-0.29864,0.72111,0.3553,0.15775,-0.72822,-0.41819,-0.01599,-0.45758,0.030976,0.21532,0.14639,0.36892,0.51415,0.89631,1.3445,0.44794,0.17304,0.11664,0.45036,-0.31884,-0.39072,-0.22078,-0.050396,-0.060232,-1.29,-0.35483,-0.55717,-1.2219,0.2625,0.71006,1.2281,0.51976,0.43634,0.44199,2.0935,0.78484,1.0644,1.1068,0.37734,0.14665,-0.46213,0.53571,-0.88707,0.96827,-0.46556,-0.57219,-0.868,0.12434,0.67486,-0.65743,-0.69539,0.5595,0.043611,0.4332,-0.35914,-0.071621,1.6405,-0.029285,-0.40077,-0.47907,0.85836,-0.22105,-1.1664,-1.4155,-0.74318,0.040963,-1.0248,-1.3269,-0.47207,-0.18333,-0.57305,-1.1481,-1.2098,0.48736,0.0064621,-0.18998,-0.4005,0.14653,0.6488,0.65881,-0.68803,0.13182,1.9618,0.28156,1.0182,-0.048427,1.4778,0.78092,-0.34349,-0.40954,-0.55871,-1.4581,-0.77187,-0.27803,0.76496,-0.54527,0.006415,-0.28874,0.19689,-0.30075,-0.35983,-0.22655,0.84432,1.1038,0.27458,-0.16033,0.43326,-0.0024915,-0.60018,0.26327,-0.57096,-1.1415,0.11956,0.16921,-0.2879,-0.12971,-0.25449,-0.026493,-0.067455,0.16576,-0.63247,-0.67979,0.23271,-0.75743,0.60055,-0.11213,-0.47918,-0.36216,-0.010581,-0.53761,0.13074,-0.59997,-0.95154,-1.4346,-1.3086,0.1854,-0.59909,-0.57155,-1.4027,-1.1442,-0.72996,-0.61247,-0.9172,-1.6055,-1.1547,-0.70997,-1.764,-1.9534,-0.69931,0.33844,0.81208,-0.58761,-0.36278,0.20927,0.80111,0.59669,-0.6454,0.07528,0.92517,0.50103,-0.14339,0.62442,-0.09786,1.592,-0.12923,0.57014,0.078781,-0.23388,0.18391,-0.61549,-0.52611,-0.47023,-1.1982,0.77599,-0.05594,-0.26882,-0.89711,-0.69361,0.61649,-0.098918,-0.48433,-1.4181,-0.29633,0.39263,-0.27357,-0.87896,-0.43746,0.33247,0.47808,-0.14857,-0.33653,0.95255,0.10726,-0.76555,0.029028,1.0706,0.98257,0.30565,0.21829,0.28653,0.66413,0.62424,-0.69807,0.43938,0.80649,0.28587,0.22295,-0.7234,0.39875,0.76933,-0.65159,-1.3906,-0.14012,0.28749,-0.52125,-0.19573,-1.5194,0.30349,0.54373,-0.050913,-0.33855,-0.94822,0.52918,-0.040826,-0.21068,-1.4581,-0.78231,0.20674,-0.70935,-1.8316,-0.94176,-1.0404,-0.41233,-2.3249,-1.1139,-0.91577,-0.39136,-1.0774,-0.51468,-0.23023,0.18561,-0.37947,-0.87633,-1.112,-0.69672,-0.53824,-1.0436,-1.6897,-1.3354,-0.79325,-0.9993,-1.8252,-1.3281,-1.0114,-0.58655,-2.4226,-1.216,-0.92786,-0.46051,-0.95844,-1.9321,-0.90664,-0.67706,-0.57634,-1.6584,-2.0156,-0.85419,0.06766,-1.0339,-1.1414,-0.37425,0.42539,-0.53771,-0.82911,0.11294,0.71554,-0.19489,-0.49765,-1.3642,-0.78795,-0.68438,-0.82958,-1.6974,-0.73768,0.31211,-1.2306,-1.8053,-2.4348,-1.1793,-0.089818,-1.251,-1.8157,-1.0502,0.17589,-0.26271,-0.20538,0.4681,0.93335,0.87952,0.72031,0.9621,1.338,1.6846,1.2943,1.6857,1.3324,1.5991,1.3531,1.0764,-0.15883,0.37062,0.67718,-0.13772,-0.11418,-0.80029,-0.239,-0.83038,-0.77469,-1.0931,-0.22195,0.16078,0.29904,-0.66705,-1.0685,-0.22524,0.50884,-0.69369,-0.9943,-0.87332,-0.75391,-1.5522,-0.99642,-0.94481,-1.1203,-0.99385,-0.37775,-0.97664,-0.95538,-1.1669,-1.1209,-1.1394,-1.5024,-1.595,-0.55194,-0.099737,-0.34102,0.16555,0.83961,-0.13069,-0.09703,-0.4,0.24635,-0.49615,0.17141,0.14661,-0.4497,-0.45374,-0.31892,-0.64376,-1.0551,-1.6106,-0.85035,-0.30419,-0.92838,-1.3288,-0.74802,0.25054,-0.67869,-1.9284,-1.3794,-0.9302,0.26876,-0.83004,-0.72654,0.14939,0.3726,0.28474,-0.76523,0.11289,0.7452,0.65799,-0.10582,-0.52453,0.66179,0.69614,0.29692,-1.2416,0.39801,0.707,0.15982,-0.26625,-0.5374,0.55407,0.75372,1.0256,-1.3163,-0.36442,1.2456,-0.021514,0.055994,-0.85433,-0.16104,0.093546,-0.23412,-0.37627,-0.25113,0.049961,-0.41546,-0.79998,-2.2853,-1.4268,-0.44968,-1.4533,-1.67,-1.1462,-0.21957,-0.34306,-0.43215,-1.059,-0.39952,0.041038,0.29204,-0.83177,-0.5471,0.72735,0.47681,0.454,-0.89483,-0.3171,1.8547,0.25244,0.46143,0.86941,1.8581,1.7575,1.108,0.5463,0.19895,0.85459,0.4764,-0.051404,0.30807,-0.10149,0.7557,1.0766,0.6751,-0.52976,0.28738,0.80375,-1.1267,-1.8977,-1.3906,0.37442,-0.8852,-1.5107,-1.9396,0.11548,0.24146,-0.18616,-0.17408,-0.83207,0.11374,-0.31346,-0.10861,-1.366,-0.28666,-0.0083704,-0.20095,-0.66364,0.2203,0.47104,-0.75033,-1.7075,0.95273,0.8961,-0.527,-0.59062,-1.2932,-1.2479,-0.15341,-1.8495,-0.85677,-0.34073,0.15481,0.33794,0.3777,0.84291,1.2548,0.93287,0.38244,0.4741,0.48407,0.18271,-0.055869,0.62233,-0.43037,-0.90991,-0.9796,-0.41351,-0.6243,-1.3471,-1.627,-0.71301,-1.239,-2.2955,-1.2153,-1.1409,-0.724,-1.6247,-1.3759,-0.88563,-0.48693,-0.77784,-1.4479,-0.77254,-0.24669,0.074419,-0.66571,-0.75848,0.0020256,0.88246,0.27046,0.48992,0.97861,1.1565,0.73338,-0.15955,-0.36194,0.35502,0.98505,0.42124,-0.33237,-0.29376,1.369,1.4585,0.18931,-0.36147,0.10623,0.28839,1.1051,0.76691,0.93038,0.52353,0.04628,-0.61671,1.0821,2.0781,-0.98773,-1.1115,-0.52917,0.58885,0.27846,-0.9013,-0.33831,0.03948,0.51113,-0.065754,-0.19711,-0.13648,1.0236,0.0067927,0.29668,-0.92454,0.55554,0.46351,0.4896,-0.69669,-1.1151,1.4274,0.87449,0.57261,-0.52446,-0.42789,0.10138,-0.43914,-0.8641,-0.13515,-0.07955,-0.64258,-0.5709,-0.36773,1.3018,-1.3899,-0.84037,-0.4549,-0.40951,-1.1924,-0.57395,-0.6492,-0.76257,-0.61766,0.2119,0.56662,-0.39016,-0.70558,0.10663,1.0226,0.1327,-0.28055,0.83792,0.9264,0.85065,0.41007,0.98983,1.3879,1.0777,0.58231,0.91955,0.028793,1.2819,1.2049,0.74732,0.58537,1.4313,1.4357,-0.047282,-0.85828,1.3052,1.9385,0.085749,-0.84003,0.49056,0.95793,-0.44348,-0.15054,0.4846,1.4041,0.77641,0.25704,0.83855,0.29768,0.69912,-0.23035,0.39072,1.3105,1.045,-0.49356,0.097143,-0.57851,-0.054164,0.037156,-1.4484,0.14346,0.16556,0.87566,1.133,0.036721,-0.50808,0.82319,1.2119,-0.27216,0.73061,1.3271,1.1538,1.4481,0.051235,-0.28571,0.19479,1.7503,-1.2304,-1.1537,-0.65567,-0.52354,0.74224,-0.60434,-0.58321,-0.62119,-0.14777,-0.85665,-1.1936,-1.2733,-0.045749,0.97189,-0.2405,-1.058,-0.23058,1.7871,0.64209,-0.30657,0.26341,1.2593,0.74391,0.67242,-0.26688,0.64203,1.3947,0.33715,-0.91872,0.078025,1.1295,0.35936,-1.0788,-1.0403,0.010052,1.3807,1.2779,-0.49246,-0.92443,0.0016132,1.2979,0.42513,0.47353,-0.33584,0.6883,1.0448,0.12348,-0.18871,-0.44104,1.9799,2.0659,0.23141,-0.14131,0.97368,-0.21509,1.4772,-1.5705,-0.24563,1.2054,1.7773,0.63606,-1.3104,-0.58207,0.59346,0.29467,-1.1681,0.10148,1.3953,1.3511,0.51553,-0.77808,0.88205,1.7725,1.0706,0.47182,-0.49844,0.36899,1.4963,-0.23255,0.0047718,-0.72533,0.36216,0.64768,-0.84407,-0.99382,-1.0191,0.3415,0.34136,-0.24059,-0.76719,-0.063611,0.10093,-0.81347,-0.94316,-0.58619,-0.9351,0.31099,0.39143,-0.30878,0.38005,0.71367,0.26277,-0.88425,-0.037176,-0.21199,0.42495,-1.2014,-0.35616,0.49085,0.22902,-0.27672,-0.13796,-0.094034,-0.83112,-1.0711,-0.33361,0.26224,-0.4255,-1.0567,-0.54472,-0.022592,-0.36249,-1.1398,-0.36297,-0.3391,0.93508,0.22391,-0.040504,-0.13051,1.5764,1.2495,0.57805,0.46912,1.9817,2.2295,1.9211,1.6071,1.4449,1.6778,2.2334,1.5494,1.2905,1.7486,1.3865,1.5542,0.94497,1.3002,1.1606,1.2284,1.3668,0.48397,1.5937,0.59408,0.0018479,0.12192,1.1244,0.43669,-0.32549,0.16506,0.71142,-0.22529,0.263,-0.80014,-0.27067,0.45272,-0.56825,-0.4708,-0.5441,-1.3342,-0.89118,-1.0034,-0.62335,-0.42305,-0.81291,-1.193,-0.76537,-0.87784,-0.94697,-0.78016,-0.90046,-0.77157,-0.092957,-0.65596,-0.59307,0.26342,0.64645,-0.57875,-0.22944,-0.13254,-0.10372,0.9472,0.013179,0.72529,-0.13414,0.19866,0.025001,0.51886,0.69178,-1.274,0.4578,0.32193,0.72505,0.23854,0.10736,0.69494,0.911,0.13754,-0.044982
-1.1041,-1.2544,-1.0975,-0.89658,-1.0279,-1.4284,-0.70705,-0.56837,-0.072103,-0.98172,-0.82221,-0.96709,-0.34038,-1.1154,-0.95573,-0.57244,-0.39848,-1.1214,-0.6892,-0.1505,0.23777,-0.36477,-0.30349,-1.085,-0.38753,-0.69351,-0.69478,0.15644,-0.85449,0.50243,-0.94106,-0.81332,-0.64077,-0.22893,0.093093,-0.22654,-0.91654,-0.19977,0.10423,-0.66235,-0.27131,0.084034,0.67557,0.33706,0.097659,-0.34936,0.44874,-0.031338,-0.75106,-0.43617,-0.43459,-0.28145,-0.49862,0.48706,0.93451,1.3783,0.45448,0.21947,0.19444,1.006,0.27842,-1.1515,-1.4518,0.25402,1.1767,-0.56746,-1.1039,0.073279,0.068542,-0.68189,-0.027841,-0.3878,-0.18237,0.2453,0.49189,-0.24766,0.16022,-0.25214,-0.01033,-0.63484,0.4382,0.51174,0.048079,-0.11987,0.39646,0.082852,0.2255,-0.094406,0.3951,0.42962,0.80084,0.17491,1.5451,0.39735,0.42777,0.86376,0.047411,1.1457,-0.70447,1.0316,-0.2716,0.27782,0.17959,0.27989,0.54548,0.31238,0.59331,0.30128,0.62877,0.63591,-0.68972,1.0849,-0.43398,-0.24526,-0.89444,0.31753,0.75503,-0.52834,-0.085082,0.33411,0.41274,0.4699,0.28014,1.2219,0.9753,0.20798,-0.12585,0.4032,-0.21288,-0.6952,-0.80431,-0.3404,0.26591,0.069175,0.025263,0.22255,0.93922,0.48412,0.60659,0.49711,1.0061,0.70278,0.47575,0.033417,0.88853,1.5807,0.66664,0.60766,1.3917,0.41775,0.54529,1.0118,-0.49396,0.86268,0.52518,-0.21078,1.0685,1.2091,0.77038,0.43739,0.22168,0.76559,0.084142,1.3191,0.53344,0.90982,0.9036,0.75269,1.2896,1.2614,0.93006,0.67416,0.35827,1.5221,0.12412,-0.43183,0.44239,-0.21707,0.42167,0.44058,0.53201,0.039995,1.4095,0.89437,1.0137,0.47471,1.3656,1.7078,0.58168,0.48381,0.044586,0.24748,-0.45448,0.19105,-0.97388,-0.30718,0.30194,-0.83543,0.52626,-0.7767,0.53276,-0.044151,-0.041915,0.28489,0.54146,-0.27813,0.69296,0.51207,0.78524,-0.44359,0.32432,0.029175,0.86719,-1.0092,-0.54907,-0.01782,-0.55679,-1.6568,-1.0121,-0.13791,-0.86266,-0.77685,-0.47388,-0.18703,0.48845,0.18626,0.93815,0.20969,1.3987,1.0745,0.0011751,0.58103,0.48097,0.99605,-0.17765,-0.2749,-0.36632,-0.92077,-0.47516,0.73491,0.2954,0.074578,-0.49363,0.064226,0.68936,0.032531,0.05183,0.76417,0.50854,0.52223,-0.18065,-0.040743,0.15636,-0.063492,0.59958,1.0174,0.71848,1.8707,0.52773,0.97013,-0.72127,-0.33707,0.12802,-0.38279,1.9148,0.47019,1.5249,0.14895,0.32855,-0.040645,0.79903,0.038044,-0.92009,-0.16666,0.23699,0.69096,0.042633,0.049315,0.55751,0.41555,0.3236,0.27385,-0.86538,-1.1992,-1.1252,-1.0877,-0.59637,-1.7196,-0.57346,-1.0315,-0.16879,0.31095,-0.54641,0.566,-0.20035,-0.89642,0.19496,0.20598,-0.028684,-0.24481,-1.1055,0.067202,-0.51517,0.84581,1.1884,-0.35256,1.4644,0.40574,0.89268,0.2669,0.06345,0.21219,0.42303,0.4558,0.43488,-0.36904,-0.33877,-1.0005,0.29776,-0.41004,-0.18081,0.48977,0.49132,-0.52688,-0.95626,-0.25185,-0.29475,-0.28875,-0.87567,0.21527,0.46631,-0.60649,-0.37824,-0.35483,-0.21537,0.1256,0.24788,0.54991,1.1821,0.72396,1.5978,1.4402,1.5302,1.1324,0.29211,-0.061153,1.0736,0.35769,-0.0095662,0.79239,-0.079325,1.0606,0.11473,-0.42422,0.51315,-0.49323,0.081947,0.25831,0.42065,-0.35704,-0.39225,0.17885,-0.043071,0.57787,0.42068,0.47285,-0.16421,0.002394,-0.118,0.16922,-0.76764,0.70738,0.024893,-1.8209,-1.1261,-0.2089,0.35801,-0.29991,-0.62373,0.57666,0.21159,-0.43138,-0.083587,-1.0789,0.44291,-1.0836,0.12714,-1.3558,0.3145,0.41321,-0.11742,-1.1567,-0.14866,-0.49566,-0.67913,-1.7225,-0.61369,-1.4595,-0.78804,-0.56169,-0.7006,0.37276,0.030048,0.4382,0.13288,0.17446,0.13086,0.17323,-0.76712,0.16629,0.21181,0.77098,0.96998,0.29167,1.1069,0.94307,1.3179,-0.12234,0.053253,-0.24159,0.69655,0.93321,1.1453,1.1346,0.54284,1.1711,1.1468,0.70397,0.61591,0.66333,0.41751,0.4124,-0.29141,0.67438,0.11615,-1.0459,-0.40691,0.1982,0.39845,0.49617,0.34754,-0.97682,-0.46089,-0.9786,-1.2146,-0.88779,0.34262,0.84703,-0.0040945,-0.7874,-0.70582,0.09963,-0.21451,-0.35737,-1.2779,0.17405,0.021975,-0.13324,-1.2629,-0.70059,-0.94098,-1.2922,-1.2556,-1.2875,-0.8671,-0.68479,-1.5439,-0.86068,-0.52102,-0.36909,-0.38367,-0.68433,-0.3988,-0.15743,0.16816,-1.5838,-1.0889,-0.20781,-0.10305,-1.1834,0.099031,-0.10684,0.077185,-1.0219,-1.2087,-0.56237,-0.42919,-0.11076,-0.69958,0.56318,-1.0994,0.82748,-0.38063,0.0077338,-0.83628,-0.43981,-2.3736,-0.64706,-0.27794,-1.0049,-0.99978,-0.16486,0.45988,-1.0145,-0.99368,-1.0804,0.47461,-0.26442,-0.42741,-1.1469,-0.55145,-0.27976,-0.72779,-1.3358,-0.60576,-0.31487,-0.1761,-1.1634,-2.3258,-1.2067,-0.87887,-1.4487,-1.5501,-0.54521,-0.65189,-0.039043,-0.55628,-0.38978,0.55205,-0.17707,-0.72292,-0.84209,-0.71468,-0.15421,-1.0243,-1.2169,-0.73248,0.63384,-0.92571,-0.68429,-0.79764,-0.37504,-1.2736,-0.57203,-1.8457,-0.14628,0.063643,-0.57544,-0.50918,-0.047042,-0.15946,-0.1387,-0.58062,-2.1732,-0.14587,-0.074504,-0.93037,-0.91303,-0.3165,-0.47436,-0.64221,-0.88779,-0.65484,0.39188,-0.73357,-0.59469,-0.8319,-0.068821,-0.28786,0.050895,-0.84976,-0.42882,-0.50028,-0.18507,-1.1244,-1.3998,-0.89025,-0.91127,-0.9914,-0.63945,0.51251,-0.25949,-0.81089,-1.417,-0.49847,0.11843,-0.078948,-0.42683,-0.85843,0.17741,-0.61583,-0.26952,-1.1314,-0.3437,-0.18102,-0.35831,-0.24802,-0.27887,0.22901,0.017907,-0.31656,-0.24655,-0.19246,-0.093914,-0.4946,-0.47432,-0.5327,-0.069138,0.3052,-0.71897,-1.1682,-0.40025,-0.80045,-1.0287,-0.56233,-2.1402,-0.17293,0.58879,-0.46524,-0.035435,-0.30084,0.34414,-0.26145,-0.44635,0.67897,0.33499,0.23248,0.42105,0.869,0.58619,0.83496,0.68175,0.82362,0.71687,0.93528,1.0484,0.57147,0.52273,0.78158,0.84239,-0.58834,-0.57392,-0.43883,-0.10624,-0.43152,-1.2667,-0.56019,-0.70877,0.042261,-0.038924,-0.64087,0.7139,0.27119,0.089944,-0.097148,-0.092494,-0.018247,-0.0037921,-0.34809,-0.43728,-0.18386,-0.45354,-0.36336,0.19326,0.80529,0.087202,0.68627,-0.004621,0.64739,1.0506,-0.022403,0.32726,0.98022,2.2156,1.361,1.2748,0.16087,0.24767,0.65141,0.98932,-0.30912,0.93866,1.0626,0.52181,-0.042261,0.41845,-0.069418,-0.13451,-0.12377,0.82862,0.15346,0.60266,-0.64636,0.62354,0.27818,-0.2582,0.034684,0.15081,-0.17434,-0.39738,0.053842,0.37956,1.2249,0.97331,1.1288,0.28376,1.211,0.88711,0.38195,0.61754,0.095418,1.1781,0.086974,0.57079,-0.60681,-0.60738,0.62415,0.20258,0.18319,-0.25844,1.3604,1.323,0.65837,-0.016329,-0.6269,0.47029,0.59579,-0.2271,-0.24474,-0.0018556,0.49063,0.71711,0.18563,0.56331,0.77637,1.0489,0.30414,0.032888,-0.94913,-0.24053,-0.41487,-0.83351,-0.66583,0.66409,0.028292,-0.31159,0.28066,0.36544,1.0921,0.17194,-0.25288,-0.89132,0.47875,0.60866,0.94896,0.19235,0.33633,0.59594,1.0292,0.26688,0.15255,1.2679,0.69228,0.94214,0.57037,0.017587,0.98575,0.040156,-0.043294,0.11793,-0.32688,0.6483,0.74306,0.4606,-0.75261,0.62129,0.41703,-0.046673,-1.0836,-0.2835,-0.31194,-0.73807,-0.42688,-0.78537,0.095068,0.44568,0.65726,0.014967,0.19145,0.088495,0.71208,0.62592,-0.65336,0.54984,0.70588,0.5347,-0.33569,0.11397,0.17917,-0.91961,-0.85735,0.88521,-0.22802,-0.40107,-0.2375,-0.78213,0.53323,-0.74713,-0.84651,0.10937,0.013381,0.54831,-0.34844,1.2112,1.0194,0.16594,0.062398,0.59839,1.2277,0.71664,0.76444,0.22029,0.70511,0.62809,0.31868,-0.37823,-0.114,-1.4549,-0.86912,-1.1893,-0.83399,-1.0843,-1.1223,-0.73629,0.059226,-0.6102,-0.96503,-0.74854,-0.15172,-0.38786,-0.38146,-0.32183,-0.2264,-0.33678,0.11329,-0.028644,-0.14408,-0.23629,1.5623,1.052,0.51612,-0.17769,0.63148,1.1095,0.50538,0.35241,0.27599,0.0050738,0.7283,-0.43953,-0.25423,0.68377,1.1588,1.0849,0.68383,0.65214,0.82745,0.59945,1.0211,0.74883,-0.63054,-0.24506,-0.46532,0.98258,0.74962,1.3526,0.033665,0.29579,0.71224,0.54304,0.44225,0.28469,0.29,0.78263,0.34106,-0.24042,-0.2551,0.22369,0.57086,0.32197,-0.60521,0.38179,-0.47169,0.2362,0.014998,0.14691,1.5257,0.17578,0.061043,-1.0679,-0.67199,0.42692,0.6022,0.51799,0.26151,0.8298,0.15459,0.70802,0.33882,1.0116,-0.22372,0.53664,0.80928,0.12558,-0.72581,1.0905,0.51817,-0.11021,-0.62666,0.76404,0.4288,-0.40451,0.10052,1.1686,1.2413,1.0472,0.77835,1.2541,0.93298,0.75793,-0.13386,0.81707,0.91981,1.1834,0.82984,0.49994,-0.2217,0.85134,0.60977,0.24466,0.51212,-0.046513,0.30186,0.45635,-0.70992,-1.3021,0.96964,-0.11316,0.1901,-0.43594,0.74421,-0.085942,0.80866,0.79608,0.35904,0.32485,0.98253,0.93988,0.81167,0.37979,-1.4128,0.7721,-0.10926,-0.43074,-0.99388,-0.89723,0.95383,-0.03083,-0.2077,0.01774,0.18271,0.55014,-0.41649,-0.11867,-0.25308,0.47452,1.2829,-0.16082,0.95864,0.97598,0.87027,0.54738,0.94793,-0.14403,0.57637,0.8733,-0.34422,-0.41204,-0.57807,-0.5219,-0.45401,-0.98716,-0.70608,-0.35308,-0.52103,-0.87338,-0.50415,-0.87738,-0.42437,-0.084088,0.3559,-0.10294,-1.1305,0.27916,0.73401,0.38967,-0.097933,-0.032041,0.74238,0.47137,0.41035,0.47137,-0.063443,1.121,-0.18953,-1.3065,0.3327,0.46791,-0.068373,-0.87417,-0.64885,1.1371,0.050187,-0.33801,-0.091529,-0.41993,0.77604,0.58775,0.54616,0.54229,-0.42479,0.3606,0.96107,0.17429,-0.020688,0.14408,1.0059,0.69023,1.5035,-0.25817,1.3475,-0.2645,0.73205,-1.3547,-0.10444,0.20031,0.22699,-0.58682,-1.0452,0.040922,0.70292,0.56915,-0.69403,0.389,0.88499,-0.20031,0.57082,-1.1031,0.97392,0.97802,0.41058,0.0083611,-1.1575,0.85028,-0.21323,0.41392,0.070589,-0.39562,-0.059624,0.12041,-0.78853,-1.0654,-0.55801,0.16844,-0.30417,0.27043,-0.80671,-0.25623,0.069804,-0.10031,-0.34117,-0.49449,-0.52489,0.30254,-0.13662,0.076337,0.46633,0.17083,-0.2206,-1.4535,-0.29681,0.21815,-0.13472,-1.3767,-0.012088,0.35893,-0.2417,-0.61241,-0.62245,0.70913,0.29929,-0.55868,-0.34431,0.32881,-0.56931,-0.96642,0.0068867,-0.22594,-1.1655,-1.1854,-0.35999,-0.22408,-0.95526,-0.022569,-0.35897,-0.3738,0.17041,-0.20088,-0.1092,1.0082,0.59618,0.91001,1.1854,0.59009,1.1462,0.77155,0.75549,0.37742,1.0652,0.96868,-0.32504,-0.44634,-1.0847,0.11246,-0.34732,-1.0106,-1.2447,-1.3263,-0.19829,-0.50176,-0.69561,-0.36225,-0.16191,-0.50879,-0.91192,-1.3181,-0.36898,-0.80276,-0.50954,-0.84648,0.098163,-0.38042,-0.4181,-0.28743,-0.12449,-0.25388,-0.57215,-0.74291,0.36511,-0.24658,-0.31337,-0.66001,0.41716,0.021611,-0.25021,-0.82339,-0.30574,0.16839,0.47335,-0.26262,-0.57075,0.18952,0.44203,0.1882,0.017773,0.26117,0.16071,-0.06634,-0.71644,0.12423,-0.61347,-0.78002,-0.63528,0.028287,-0.89413,-1.0286,0.022622,-0.35005,-0.25134,-0.44219,-0.98552,0.0070375,0.0016532,-0.25331,-0.98261
-0.78209,-0.67683,-1.9872,-0.83543,-0.66115,-1.182,-1.3335,-1.223,-0.067686,-1.0351,-1.5001,-1.233,-0.13934,-0.67962,-1.6664,-1.8072,-0.74752,-0.60276,-1.5594,-1.037,0.29065,0.21391,-0.85967,-0.39516,-0.035407,0.66426,-1.601,-1.6481,0.33813,-0.48758,-1.9198,-1.3264,0.25479,0.010754,-0.7171,-0.33567,0.42786,-0.85553,-0.23137,-0.79265,0.66833,0.93524,0.60038,0.69665,0.93205,-0.095577,0.51208,0.14855,0.96896,-0.52302,-1.0539,0.40243,0.54607,0.68518,-0.88729,-0.22142,0.099065,0.15613,0.44102,0.23151,1.2812,1.113,0.57725,0.039109,-0.62812,0.30683,0.045172,0.1593,0.12351,-0.29588,0.34551,0.27042,-0.56819,-0.76178,0.12093,-0.14941,-0.3766,-0.51869,-0.19468,-1.5407,-0.55793,-0.99538,-1.4877,1.0523,-0.67107,-1.0503,-0.33254,0.10634,-1.1973,-0.73182,0.21209,0.068483,-1.0361,-0.67763,0.071588,0.56017,-1.76,-0.48829,0.44749,0.88841,-0.74006,-1.3672,0.0057898,0.87113,0.83499,-0.68009,0.49,0.27237,0.80983,-0.045545,0.46673,0.61187,0.89763,-0.54762,-0.087346,0.051665,0.44071,0.20231,-0.34619,0.060732,0.14281,0.41254,-0.31645,0.32601,0.31747,0.53118,0.72569,-0.25196,-0.58867,-0.26703,-0.010882,-1.1329,-1.7409,-1.2983,-0.73549,-1.9294,-0.83833,-0.87697,-1.6416,-1.5982,-1.2542,-1.272,-0.33704,-0.85197,-0.69257,-0.59315,-0.22442,0.26716,-0.10006,-0.5743,-1.3326,-0.37927,-0.45004,-0.81892,-1.0231,-0.3832,-0.56103,-0.82011,-1.5258,-0.95989,-0.63095,0.19004,-0.91579,0.016052,-0.052374,0.51527,0.033881,-0.61201,-0.47521,0.49475,1.5095,-1.6687,0.17834,-0.19498,-0.83061,-1.1323,-0.7596,-1.0399,-0.34263,-1.3352,-1.366,-1.4163,-0.14842,-0.52217,-1.5318,-0.6484,0.33174,-0.20071,-0.89518,-0.22538,0.0093431,-0.35344,-0.76048,-0.34619,-0.046751,-0.50204,-0.88,-2.1817,-0.89897,-0.41885,0.46874,-1.3843,-0.43345,0.43973,0.55563,-0.4666,0.37455,0.99246,0.75807,0.38823,-0.24376,0.64641,0.69093,-0.22318,-1.0888,-0.97653,-0.25133,-1.7608,-1.5721,-1.2537,-1.3262,-1.2594,-1.2062,-1.3917,0.20531,0.79278,0.47816,0.11528,0.26193,0.39087,1.9727,0.55913,0.44295,-0.41692,0.10494,-0.35433,-1.1991,-1.287,-1.1826,-0.36206,-1.0937,-1.0685,0.52306,-0.10857,-1.0792,0.11375,-1.6977,-0.9213,-0.52372,-1.9602,-0.95962,-1.5245,-1.5796,-0.26799,-0.98446,-0.59939,-0.16923,0.19411,0.5587,-0.61369,0.14075,0.15663,1.1705,0.28388,1.4114,1.0189,2.6604,0.68745,0.24424,0.52222,0.62256,0.54972,0.16614,-1.0898,-0.17857,-0.36611,0.18519,-0.81503,0.21171,0.53429,0.55094,0.82523,0.52344,-0.05376,-0.16444,0.11793,-0.58879,-0.95575,-0.62671,-0.61259,0.12668,-0.87663,-1.221,-0.55478,-0.18512,-0.52796,0.58076,-0.48994,-0.7752,-0.20672,0.84466,0.30079,-0.089207,0.12752,-0.055557,1.3729,1.9935,0.73486,1.0106,1.5098,1.4533,0.78343,-0.54198,-0.78558,1.8368,1.3464,-0.13601,0.32898,0.58698,0.28185,1.4238,0.90589,1.0094,0.74135,1.0862,0.54071,0.57421,0.12791,0.2187,0.13272,-0.2839,-0.5248,-0.010534,-0.72652,-0.42475,0.4723,0.83185,0.80493,0.067874,0.51183,1.6038,0.94069,1.7155,1.3925,0.76762,1.5212,1.5918,0.78503,0.14168,-0.068818,-0.19309,0.4669,0.1273,0.30381,0.28316,0.50196,0.4566,-0.52999,0.71493,0.86396,0.76782,0.70324,1.4032,1.6004,1.9353,2.7068,1.1782,1.6974,1.461,1.6364,1.001,0.66362,0.94233,0.6065,0.28839,-0.14394,1.9135,0.29268,1.6824,0.44892,1.3618,1.1474,2.1743,1.0047,1.6462,1.5955,1.7465,1.5624,1.3277,1.2769,0.14411,0.94806,0.96965,-0.58243,-0.82834,-0.45873,0.35124,0.097348,-0.95682,-0.031862,-0.42074,0.001563,-1.0398,1.4007,0.65774,0.72117,0.56281,0.50513,1.459,1.8091,0.53254,0.47294,2.8514,1.7678,1.5383,0.89056,0.98619,1.1627,1.3742,0.79437,1.5368,1.0553,-0.24455,1.101,1.753,1.6076,0.99979,1.9741,1.6296,1.624,1.9883,1.0994,0.51458,0.65087,1.2233,-0.14274,0.56336,0.4088,0.41645,-0.070816,1.4694,-0.43223,0.27219,1.4575,1.1824,-0.5411,0.96574,0.62273,0.8948,0.78361,2.1499,1.2834,1.5501,1.5297,0.63273,1.7148,1.6878,1.2941,0.31877,1.6726,0.3266,0.77308,-0.66208,-0.26134,-2.094,-1.2682,-1.1184,-0.92269,-1.4351,-1.1648,0.5226,0.0043018,0.27372,0.17459,0.15885,0.76032,0.43607,0.27148,0.38442,1.1102,1.1816,1.0262,0.11928,0.82861,1.1766,0.98129,0.95251,0.31814,1.1468,1.4491,1.0446,0.36254,1.1845,1.594,1.3651,0.71389,-0.07268,0.61914,-0.15864,-0.41579,-0.076008,0.88067,-0.71455,0.070815,0.38866,0.1859,-0.3524,-0.1886,0.35168,0.28187,0.74902,0.66554,0.50766,0.24807,1.5075,0.10618,0.068252,0.093334,-0.1556,0.26458,0.011275,-0.10668,-0.12155,-0.12325,-0.23949,-0.050645,0.49537,0.8053,1.017,0.41715,0.1581,0.60903,0.30491,0.078816,0.44088,0.46382,0.4937,0.51364,0.44042,0.40933,0.41601,-0.34285,-1.5547,-0.33048,-1.0813,0.070316,0.40349,-0.81341,0.82693,1.8246,1.6588,0.26861,0.38533,0.36449,0.37269,1.8912,0.59697,0.40769,0.77292,0.67901,-1.9842,-0.84136,0.24381,0.23394,-0.46673,0.316,0.78368,1.6682,0.85124,0.81409,1.488,1.8077,1.2049,0.18943,0.67653,0.77292,1.2693,0.10901,1.4702,0.58124,0.31032,-0.050256,-0.63976,-0.071657,-0.29919,0.28481,0.014274,0.19447,-0.47171,0.33729,-0.3127,-0.34858,0.19699,0.085502,-0.75272,-0.25093,0.63266,0.87713,1.8739,1.7272,1.3345,2.2282,1.28,1.7887,1.282,1.1666,1.0167,0.36123,0.24388,0.50016,0.66983,-0.66011,0.50006,-0.34949,-0.78663,-0.90508,-0.6398,-0.96231,-1.7638,-2.0854,-2.658,-2.4322,-2.8525,-2.3147,-2.0626,-1.9981,-1.6769,-1.3248,-0.77366,-0.96362,-0.84779,0.43011,0.60295,-0.13514,-0.0039061,0.5427,0.073042,0.40562,0.84365,0.1806,-0.050042,0.044809,-0.88126,-0.60943,-2.1429,-1.5579,-1.8919,-0.83565,-1.5297,-1.7688,-1.3367,-0.58316,-0.634,-0.45628,-0.071069,0.069265,-0.77808,-0.044323,-0.73788,-0.3012,-0.077047,-1.0996,-0.96961,-0.37221,-0.43411,-0.10263,-0.1234,-0.22389,-0.18493,-0.74386,-0.79461,-1.4664,-1.9074,-0.89625,-0.2331,-0.37521,-0.56876,0.21877,0.28082,0.69591,0.28016,0.85117,0.8751,1.1299,0.65948,-0.12016,-0.16552,-0.19489,-0.039906,-0.35495,-1.5099,-0.95794,-0.8095,-1.5008,-1.4211,-1.7916,-2.5066,-0.98936,-1.9013,-2.2014,-1.1958,-1.1862,-0.32436,-1.0843,-0.409,-0.519,0.42948,-0.20737,-0.38732,0.61065,-0.17342,-0.14186,-0.41766,0.14631,-0.28393,0.48844,-0.33385,-0.57653,0.75744,0.89784,-0.51134,-0.27756,0.020719,-0.31823,-0.78848,-0.8768,-0.97004,-0.37098,0.57527,-0.1345,-0.2033,0.64014,0.42763,0.72754,-0.5993,-0.37651,-1.3928,-0.80285,-1.115,-0.39698,-1.6918,-1.4938,-1.2902,-1.0284,-1.2491,-1.8552,-1.3939,-1.3279,-1.2185,-1.3235,-1.6151,-1.2311,-0.91301,-1.5263,-0.8177,0.14412,0.33056,-0.0025914,0.24293,0.88215,1.2714,0.67311,0.26299,0.44457,0.98384,1.1698,0.18116,0.71913,1.1481,1.1834,1.2209,1.7569,0.61041,1.7182,0.12087,0.63956,1.395,0.41201,-0.579,-0.42691,-0.77384,-1.3991,-1.2883,-1.3803,-0.39805,-0.54186,-0.34353,0.15281,0.077491,-0.050658,0.55033,0.82912,1.082,0.076952,0.82006,0.55463,0.86289,0.98449,0.096045,-0.36238,0.036308,0.24899,-0.82605,-1.0146,-0.14499,-0.32443,-0.69393,-1.7927,-1.3465,-0.32577,-0.47058,-0.5027,-0.68779,-0.15584,0.79904,0.11225,0.75742,0.90535,1.5651,0.93047,0.76329,1.0397,1.6095,0.45605,1.0364,0.39802,0.13068,-0.23316,-0.13215,0.23373,-0.29941,-0.49751,-0.11403,-0.84888,-0.98387,-0.48738,-1.0079,-1.172,-0.25773,-1.1442,-0.73748,-0.74555,-0.43683,-0.89227,-0.49944,-0.95915,-0.14852,0.5314,0.54764,1.0081,0.73171,1.69,0.66532,1.5646,0.79335,1.1651,1.109,0.31048,1.5383,-0.4027,1.4295,-0.22,0.39512,0.86921,1.1166,0.66468,1.1851,1.6402,0.88788,1.2587,-0.56552,0.25944,0.41167,-0.0017042,0.86159,1.3622,1.0587,1.9616,1.0531,1.0919,1.8614,1.3848,0.8185,0.76998,1.136,1.3191,1.2725,1.0464,2.0772,1.6956,1.2257,1.0929,0.61446,1.2893,0.57493,-0.25805,1.1163,-1.0999,-0.37743,-0.74946,-0.74391,-0.79954,0.33887,-0.022872,-0.10453,0.1157,0.611,0.97297,0.29288,1.1902,-0.47577,0.25382,-0.29411,0.71743,-0.78865,-0.18642,-0.90042,-0.84932,-1.2903,-1.0566,-0.52902,-1.2717,-0.31386,-0.90455,0.010713,-0.59114,0.6658,0.4259,0.8845,1.1621,0.91415,1.2201,0.64859,1.0756,1.1007,1.3958,0.89308,1.1096,1.5523,1.5079,1.8414,1.6614,1.5328,0.39804,-0.092085,0.24827,-0.35099,0.5665,0.21354,0.24388,0.34538,0.82985,0.50643,0.2739,0.81241,1.3563,0.68763,0.42998,1.1818,0.40811,-0.32165,1.2238,1.4646,0.88811,0.027409,1.1759,0.90048,0.31504,0.0004776,0.24354,0.042109,0.83613,0.27619,0.082429,0.53065,0.66031,0.35485,-0.24769,0.80824,0.23132,1.4241,0.97012,1.4034,0.65118,0.40262,0.63975,0.056452,-0.0021126,-0.42513,-1.2153,-0.44497,-1.0214,-0.90137,-0.40121,-0.41259,-0.71403,-1.3546,-1.8765,-0.81841,-0.90952,-0.77524,-0.20919,-0.52905,0.78867,0.94042,0.91871,1.3594,1.3099,0.91813,1.8437,1.0686,1.0547,1.0509,0.73355,-0.27174,0.68391,0.064172,0.80692,0.14923,0.2408,-0.67254,0.23115,-0.35787,-1.1131,-1.2883,-0.87157,-0.12622,-1.5585,-1.2112,-0.13738,0.18053,0.82089,0.23517,0.35108,0.64003,0.45168,1.2263,0.99272,1.4697,0.33135,1.2809,0.29531,1.7008,0.73495,-0.24587,-0.38683,-0.080588,-0.49895,-0.53125,-0.44695,-0.63081,-0.21159,-0.45459,0.17652,-0.32212,-0.41674,1.1604,0.69237,0.74441,1.4423,1.6754,1.4811,1.7273,1.4443,2.3366,0.86304,0.72137,0.29437,0.40121,0.3533,-1.0043,-0.73248,-0.38789,-0.34842,-0.85412,-1.4942,-0.70363,-0.79415,-0.83399,-0.67374,-0.71176,-0.49321,-0.44866,0.12611,0.18036,0.11636,0.51282,0.82033,-0.13446,-0.15358,0.026971,0.039851,-0.10742,-1.144,-0.67764,0.45955,-0.3067,-0.99581,-0.86067,-0.29795,-0.92328,-0.22907,-0.23663,-0.27362,-0.71049,0.048618,-0.44193,-0.42805,-0.27449,-0.53476,-0.59495,-0.74199,-0.9521,-1.2996,-1.3641,-1.4385,-1.2957,-1.5673,-1.378,-1.4916,-0.25593,-0.85907,-0.4415,0.29984,0.27141,0.59048,1.0747,0.52207,0.54302,0.37196,0.7404,1.0204,0.049654,0.59031,-0.68447,-0.19037,-0.040575,-0.12974,-0.39259,-0.60106,0.087973,-0.86702,-0.27325,-0.62109,-0.63638,-1.1223,-0.88942,-1.1313,-0.88076,-0.61183,-0.51048,-1.0033,-1.3169,-1.163,-0.87207,-0.54281,-0.67148,-1.2064,-0.66969,-0.9365,-0.98723,-0.95317,-1.2291,-1.186,-0.61752,-1.2353,-0.96921,-0.96649,-0.96423,-0.38395,-1.0135,-0.90843,-1.185,-0.67062,-0.11064,-1.1575,-0.078974,0.31162,0.21509,0.63417,-0.12934,0.69248,-0.71791,0.44829,-0.14973,-0.29876,0.26147,-0.080544,-0.93383,0.0174,-0.62656,-0.29708,-0.35573,-0.14855,-0.46893
-1.1259,-0.73964,-0.76319,-0.84588,-0.34934,-0.39221,-0.34623,-0.50049,-0.51727,-0.94938,-1.0999,-1.1883,-0.82719,-0.33707,-0.82925,-0.21005,0.55967,0.70388,-0.28168,-0.079048,-0.32982,-0.88624,-1.8196,-1.2204,-1.1375,-1.4535,-0.9954,-0.33843,0.87354,0.47935,0.11982,0.035376,0.44482,0.7534,0.91137,0.44425,0.21898,0.22188,-0.9402,-0.97802,-0.82598,-0.66071,-1.2659,-0.76527,-1.2678,-1.6092,-1.4206,-1.401,-1.6307,-1.4073,-1.2516,-0.28855,-0.76053,-0.48376,-0.99318,-0.46795,-0.99102,-1.4709,-1.5925,-1.2891,-0.79667,0.026766,0.12967,-0.043213,0.34119,0.33076,0.39927,-0.14972,-0.6202,-0.70457,-0.54696,-0.70926,-0.92385,-0.6238,-0.55667,-0.39325,-0.26579,-0.24901,-0.20392,-0.51132,-0.71313,-0.29511,-0.76782,-0.93992,-0.90009,-1.0739,-0.937,-1.2957,-1.0442,-1.0092,-0.80253,-1.6136,-1.4008,-1.1595,-0.4627,-0.82386,-0.97568,-0.25459,0.24341,1.1911,1.13,1.5832,2.1285,1.5983,1.7839,0.9751,0.98973,0.9302,0.88709,0.29685,0.058193,-0.14937,-0.35915,0.13127,0.017469,0.782,1.389,1.4353,2.2173,2.3246,2.4418,2.6537,2.1524,1.3457,1.0617,0.15684,0.37845,-0.3668,-0.23693,-0.51189,-0.12621,-0.15229,0.14529,0.34298,-0.015781,0.17474,0.27082,-0.029427,-0.69365,-1.0904,-1.3276,-1.8583,-2.3416,-1.8876,-1.6305,-1.1559,-0.83587,-0.2863,-0.061094,-0.13767,-0.48269,-0.47786,-0.26458,-0.056931,0.25951,-0.089074,0.50477,0.70066,0.17661,0.34304,0.38253,0.15163,-0.26267,-0.38637,-0.035855,-0.37358,-0.26119,-0.18122,0.3104,0.90606,0.5326,1.0955,1.2078,1.2271,1.2997,0.80481,0.74244,0.94887,1.7794,1.4143,1.8076,3.0417,3.557,2.5698,1.8658,1.4432,0.80359,0.30549,0.068926,-0.22758,-0.075742,-0.37848,-0.67898,-0.46822,-0.18704,0.46468,-0.18637,-0.20976,-0.69984,-0.075639,0.0024905,0.014518,0.24003,1.3361,0.5284,0.36856,0.49878,0.81611,0.79343,0.43229,-0.17442,-0.11242,0.26111,0.12435,-0.23943,0.90836,1.2294,1.3928,1.3779,1.5293,1.8361,0.97875,0.25998,0.082762,-0.66923,-1.3493,-1.8512,-2.2892,-2.6998,-2.021,-1.9698,-1.6384,-1.5765,-1.726,-1.5033,-1.5541,-0.91231,-1.4251,-1.4647,-1.7942,-1.5859,-2.3103,-2.8247,-2.6415,-2.6172,-2.6592,-2.5584,-2.1075,-2.1152,-1.647,-1.5861,-1.5865,-1.8143,-0.81292,-0.58403,-0.64698,-0.43097,-0.35714,-0.6436,-1.64,-1.7089,-1.0738,-1.0039,-1.3851,-0.72196,0.28205,1.3911,0.80664,0.97086,1.1762,1.5951,1.7704,1.7029,1.6718,2.2607,2.3737,3.0345,3.1653,3.4504,3.9408,4.1847,3.7184,3.2865,2.8954,2.2534,1.9029,1.0103,0.92571,0.4093,0.51741,1.1663,1.6221,1.4686,1.9809,2.1592,1.9129,1.4295,0.65098,0.47349,-0.030046,0.48288,0.38811,0.22222,0.31691,-0.24543,-1.2028,-1.2032,-1.9257,-1.8181,-2.2841,-2.1165,-2.2975,-1.9393,-1.7123,-0.1221,0.2313,-0.0031761,-0.080542,0.58157,0.19763,-0.72869,-1.2663,-0.36125,0.063937,0.19965,0.12629,0.069278,0.46603,0.8258,0.52667,0.76311,0.4463,1.0521,0.83788,0.75454,1.4577,0.97597,0.72253,-0.73891,-0.8421,-1.1925,-1.9157,-2.4411,-1.6474,-1.8162,-2.2033,-1.7477,-0.52774,-0.11526,0.054886,0.57773,0.8873,1.0356,1.2009,0.61669,1.1307,0.30007,-0.70825,-1.3717,-1.1487,-1.0901,-0.91335,-1.0515,-0.22316,-0.45824,-0.4855,-0.3773,-0.64974,-0.22276,0.0091623,0.55559,0.42812,1.6219,2.071,2.0821,2.2792,2.2784,2.043,1.9172,0.85891,0.29384,-0.39038,-0.59847,-0.87044,-0.90303,0.50435,0.58377,1.0666,1.013,1.6287,2.1665,2.3176,2.1567,2.3802,2.244,2.3592,2.0009,2.1464,2.303,2.6854,2.2921,1.1878,0.049435,-0.22229,-1.0421,-1.6493,-2.0107,-1.7189,-0.77037,-0.60495,-0.97133,-0.66609,-0.62494,-0.87039,-1.2924,-1.7798,-0.79037,-0.89844,0.016803,-0.26339,0.19443,0.047678,-0.56719,-0.8182,-0.83204,-0.97768,-1.8037,-1.3962,-1.2735,-0.16917,-0.2288,0.23321,0.87966,1.0984,0.95385,1.2869,1.3187,2.0894,2.4002,2.4911,2.9634,2.8825,3.2862,3.157,3.1868,2.5315,2.7,2.6914,2.5165,1.7358,0.4411,1.1784,0.50293,-0.28411,-0.58565,-0.64203,-0.20808,-0.23961,-0.37598,0.25036,0.35495,0.40611,0.67375,0.48394,0.4662,0.24645,0.75116,0.64626,0.70503,0.95544,0.96925,1.1033,0.7281,-0.068067,-0.91617,-1.0471,-0.73052,-1.1954,-1.2558,-0.61107,-0.32466,0.22151,0.68868,0.69698,1.3562,1.9468,2.0128,2.2874,1.7811,1.4715,0.93809,0.26208,0.23284,0.19097,0.38257,0.30665,0.33023,0.3463,0.73911,0.97175,0.92131,0.65579,0.96122,0.82803,1.1374,1.1926,1.0136,1.6573,1.2062,1.3117,1.3015,0.56187,0.4751,0.5803,0.61401,-0.015377,0.36324,1.2721,1.4095,0.66348,1.1435,1.4184,0.97985,0.58068,-0.77718,-1.3831,-1.4104,-1.8056,-1.7925,-1.3988,-1.898,-2.1254,-2.7296,-2.3328,-2.6643,-1.8934,-1.8584,-1.5623,0.010469,0.75047,1.1124,1.6085,1.256,2.0222,2.3463,2.2218,2.0016,1.7586,1.3648,0.32849,-0.16366,-0.56622,-0.043284,0.013622,-0.26088,-0.34382,-0.33487,-0.030421,-0.33873,-0.20249,-0.18901,-0.32246,0.13337,-0.26168,-1.3526,-1.3776,-0.96617,-0.94715,-1.3646,-1.1544,-0.64525,-0.69329,-0.81413,-0.8731,-0.73104,-0.63563,-0.32049,-0.97606,-0.8308,-1.0839,-0.41335,-0.35456,-0.79317,-0.24792,0.41606,1.198,1.0171,1.5834,1.9121,2.1841,2.2942,2.495,3.2722,3.1842,3.6534,2.8876,2.3852,2.1329,1.4168,0.014702,-0.73588,-0.89388,-1.5791,-1.4983,-0.81973,-1.0067,-1.2695,-1.4978,-1.6407,-1.9589,-1.6761,-1.3242,-1.8729,-1.0134,-0.76623,-0.74502,-0.27006,0.24369,0.27988,0.54029,0.8445,1.0355,0.80513,0.47556,0.70272,-0.15057,-0.24832,-0.47702,-0.91044,-1.6643,-1.4181,-1.4809,-1.0689,-0.65851,-0.48928,-0.25955,-0.39336,-0.81807,-0.89059,-1.101,-0.99588,-0.67889,-0.16855,0.020524,0.1174,-0.054816,0.16504,0.46631,0.49215,0.52451,1.1065,0.94392,0.62641,0.46524,-0.10637,-0.032907,-0.79818,-1.2986,-1.3003,-1.5044,-0.806,-0.95252,-0.31962,-0.46469,0.15646,0.32522,-0.15401,0.091786,0.10905,0.28907,0.49767,0.64437,-0.23586,0.81565,1.482,0.69654,1.5698,1.2997,1.492,0.63093,0.44632,0.0095752,-0.51577,-0.68,-1.1998,-1.4944,-1.8502,-1.7431,-2.1167,-2.3685,-1.8319,-1.606,-0.45613,-0.25817,-0.20075,0.046938,0.16411,0.58664,0.39067,0.18386,-0.3142,-0.42538,-0.5032,-1.404,-1.584,-1.296,-1.0516,-1.4055,-1.458,-1.4737,-2.1354,-2.0691,-2.0425,-1.8266,-1.1866,-0.33933,-0.11527,0.54985,0.86558,1.2652,1.3925,1.3247,1.2842,1.3334,0.96991,0.59311,-0.4886,-0.52322,-1.0441,-1.775,-2.0188,-1.741,-1.1339,-1.2274,-1.7567,-1.147,-0.78114,-0.8321,-0.96391,-0.98225,-1.2141,-0.7092,-0.52559,-0.70594,-0.67138,-0.36211,0.2725,0.13926,0.90033,1.0384,1.4166,1.7603,1.7382,1.5998,1.148,0.85863,-0.30949,-1.2131,-1.3552,-1.6249,-1.5542,-1.3692,-1.3701,-1.1238,-0.5981,-0.18484,-0.26781,-0.23869,-0.61028,-0.35783,-0.96229,-1.1344,-1.0063,-1.2256,-0.84191,-1.3585,-1.377,-0.80101,-0.56798,-0.63744,0.25893,-0.11967,0.15681,0.82249,0.86521,1.0328,1.1745,1.8947,1.4759,1.2335,0.75061,0.10787,-0.60961,-1.258,-1.6119,-1.3726,-1.0802,-1.0508,-1.4135,-0.77105,-0.47578,-0.57115,-0.45216,-0.15899,-0.38984,1.3193,1.8452,2.2068,2.5338,2.5401,2.3566,0.82135,-0.44256,-1.8889,-2.1837,-2.5094,-2.7749,-2.5917,-1.9614,-2.0778,-2.0987,-2.3273,-1.5445,-1.9485,-2.1234,-2.5443,-2.0348,-2.0254,-1.7662,-1.4077,-1.6866,-0.82235,-0.96022,-0.66673,-0.68454,-0.37479,-0.41018,0.43349,0.4457,0.89174,1.2991,1.7601,2.1279,2.4236,2.2992,2.7846,2.6827,2.2585,0.8339,-0.12087,-0.85612,-1.5669,-1.8988,-1.5224,-1.5719,-1.6459,-2.3291,-2.4922,-2.0728,-2.1172,-1.7913,-0.93175,-1.0663,-0.90802,-0.569,-1.2878,-1.0835,-1.6079,-1.8711,-1.8052,-0.76337,-0.90705,-0.35368,-0.22881,-0.18138,-0.094514,0.42487,0.24531,-0.4555,-0.8592,-1.2129,-1.5932,-1.6809,-1.7883,-1.4256,-1.428,-1.5679,-1.4253,-0.85824,-0.74893,-0.047071,-0.7095,-0.53834,-0.24569,-0.077418,-0.7444,-0.76605,-0.85907,-0.36028,-0.71448,-0.084127,0.20857,1.3068,1.8338,1.4776,1.2696,1.8394,1.5907,1.0079,0.92876,1.2836,1.4412,1.2405,0.83067,0.80823,1.2452,1.367,1.0015,1.3611,1.2356,1.619,1.994,2.4007,1.85,1.8045,1.71,1.0724,-0.52156,-1.4217,-1.7067,-1.8864,-2.1144,-2.2013,-2.04,-2.0969,-1.9213,-1.8403,-1.8091,-1.8546,-1.6373,-1.5155,-1.3219,-1.2598,-0.69802,0.27298,-0.021063,0.20146,0.18406,1.0755,1.3748,0.88704,0.75262,0.73569,0.70752,0.20216,-0.050448,-0.17169,0.10554,-0.52382,-0.48997,-0.56422,0.28634,0.97455,0.5564,0.94125,1.4203,1.8668,1.3118,1.4821,1.2834,1.8647,2.1581,1.9443,2.0894,2.2096,2.1464,2.4638,2.015,1.6206,1.1688,0.37827,-1.5456,-1.2399,-1.1794,-0.58761,-0.67228,-0.57038,0.23882,0.18996,0.23396,0.3848,0.51295,0.491,0.94513,1.2793,1.3445,1.8183,2.236,2.5746,1.5974,0.81327,-0.22957,-0.47141,-1.7212,-2.633,-3.1962,-2.6477,-2.6937,-2.6258,-2.1071,-1.7133,-1.7882,-2.1741,-1.9437,-1.8917,-1.4927,-1.3524,-1.4166,-1.6609,-1.4703,-0.97056,-0.43578,-0.34124,-0.35991,0.2899,0.93085,1.0892,1.0681,1.1058,1.9227,1.4951,0.68788,-0.19492,-0.20649,-0.038277,-0.39855,-0.48935,-0.571,-0.19944,0.37605,1.2775,0.7093,0.26515,0.090778,0.24013,-0.2789,-0.65965,-0.68879,0.34197,0.70738,0.5011,0.8292,0.74497,0.85372,0.42471,-0.58962,-0.49749,-0.85626,-0.94564,-1.2448,-1.1387,-1.0734,-1.3032,-1.2619,-1.1498,-0.97012,-0.77229,-0.21394,-1.0876,-1.1997,-0.96465,-0.55445,-0.48922,0.28268,0.12359,0.18267,0.86413,1.1013,1.4396,2.1336,2.2671,2.4828,2.0239,1.4479,0.80923,0.15947,-0.39363,-0.90435,-1.1715,-0.67918,-0.14523,-0.32294,-0.13595,0.14816,0.30171,0.76106,0.1641,0.20808,1.0553,1.7161,2.0793,1.639,1.4488,2.1692,2.2186,2.6992,2.0346,2.6419,2.7393,2.8406,2.6349,2.1086,1.7997,2.1435,2.2133,2.6908,2.2952,1.8637,2.0808,1.905,1.2466,-0.23688,-0.70619,-1.0307,-1.2795,-1.7578,-2.0258,-2.0814,-1.9524,-2.0796,-2.5182,-2.7316,-2.5841,-2.1268,-1.6289,-1.7556,-1.2522,-1.0398,-0.57989,-0.50106,-0.35738,-0.71244,-0.27295,-0.21569,-0.10374,0.18956,0.44064,1.0859,1.2166,0.89267,0.70368,0.6125,0.69581,1.0258,1.3471,0.9481,0.80897,0.78857,0.97858,1.0223,1.1333,0.93134,1.0752,1.2602,1.3779,1.5197,1.0964,1.163,1.0117,1.445,1.8426,2.0265,1.8151,2.3815,2.8409,2.1385,1.3267,0.62272,-0.13218,-0.48026,-1.0283,-1.4989,-1.607,-1.5831,-1.3554,-1.3799,-0.96793,-1.7332,-2.1244,-2.3971,-2.1329,-2.1893,-2.0031,-1.7431,-1.2978
-1.2012,-0.94242,-0.77545,-0.55101,-1.0642,-0.12579,-0.34416,0.23598,-0.38443,-0.52557,-0.34126,0.0019821,0.072811,-0.58025,0.12399,-0.12075,0.23026,-0.22348,-0.18658,-0.38952,-0.27837,-0.07444,-0.54208,-0.52964,-0.94929,-0.80765,-0.53634,0.75825,0.49343,0.1777,0.68761,0.60776,1.3965,0.19893,0.58524,0.38757,0.58268,0.94902,0.99938,0.51033,0.53194,-0.36733,-0.21488,-0.63906,-0.15927,-0.88082,-0.16808,0.24688,-0.079678,-0.65589,0.026284,-0.11601,-0.53484,-0.30669,0.25502,-0.51155,0.045204,-0.55781,-0.5046,0.02364,-0.85282,-0.9444,-1.3905,-0.57126,-0.96967,-0.20624,-0.76859,-0.3559,-0.51224,-0.64265,-1.3113,-1.0722,-0.32428,-0.62185,-0.509,-0.88269,-0.33445,-0.1814,-0.21414,-0.2994,-0.15773,-0.057707,-0.57482,0.12037,-0.063752,0.30292,-0.21289,0.17964,-0.13236,0.54443,-0.39224,-0.47208,-0.028077,-0.81058,-0.40646,-0.95177,-0.95644,0.31226,0.27762,0.76795,0.19146,0.62914,1.2503,1.3329,0.19651,0.40472,-0.4554,0.16106,-1.3666,-1.0458,-0.82926,0.12558,-0.841,0.4111,-0.054807,0.64758,0.80495,0.7306,1.0116,1.3909,1.8769,1.65,1.3236,1.8326,0.94739,0.32431,0.22094,0.26515,0.67842,0.44204,1.208,0.97106,0.86857,-0.14559,0.70004,-0.079671,0.039265,0.36797,-0.11889,-0.33889,-0.51349,-1.1372,-0.59118,-0.96412,-1.0283,-0.54982,-0.33839,-0.048685,-0.17007,0.25167,0.075244,-0.26706,0.099262,0.025368,-0.25879,0.37574,0.42023,-0.34068,-0.32441,0.67184,0.59094,0.15356,-0.94473,0.49588,-1.2392,-1.2753,-0.325,0.64316,0.63594,1.3505,1.0033,0.4354,1.5596,1.4066,1.7274,1.7067,1.6623,2.4199,1.7728,2.3064,2.0018,2.7912,1.7918,0.37916,0.41321,0.50681,0.25002,-0.45377,-0.23269,-0.18326,-0.44955,-1.1095,-1.0919,-1.079,-1.1679,-1.3166,-0.39029,-0.36197,-0.16995,0.39665,-0.42484,-0.42585,-0.24112,0.35948,-0.7626,-0.88902,0.18471,-0.040343,-0.066397,-0.53782,0.04922,0.81422,0.22529,0.20437,-0.083057,1.3722,0.42269,1.3604,1.7766,2.0282,2.1924,1.3889,0.6742,0.49075,0.53488,-0.75732,-0.37266,-0.075768,-1.0833,-0.62726,-0.53726,-1.0823,-0.24839,-0.26096,-0.62515,-0.21921,-0.04066,-0.28289,-0.97184,-0.73237,-1.8206,-1.3661,-1.0906,-1.0747,-1.1616,-0.98647,-1.1891,-1.4091,-0.91217,-0.65717,-1.5277,-1.2705,-0.61716,-0.14585,-1.2564,-0.15984,0.3737,-0.43266,-0.97663,-0.73284,-1.2121,-0.81529,-1.3043,-1.3434,-0.59009,0.079004,0.065487,-0.039441,1.0619,0.87545,1.3452,1.4575,1.4337,1.7612,2.1428,1.5525,2.2991,1.5196,2.0882,1.7742,2.4763,2.037,1.9835,1.2091,0.97361,0.92559,0.33101,0.22258,0.35024,0.59615,0.508,0.087213,0.64604,-0.37626,0.18926,0.62926,0.26667,0.1882,0.40735,0.12201,0.28165,-0.11351,-0.081933,-0.8052,-0.27031,-1.239,-1.5189,-1.592,-1.957,-1.6881,-0.95558,-1.4275,-0.29397,0.40748,0.94369,0.61881,0.99631,1.8553,1.4118,0.19249,0.073303,-0.27486,-0.26091,-0.56098,-1.0474,-0.98093,-0.066438,-0.52658,0.098689,-0.54372,-0.80884,-0.24502,-0.17087,0.023927,0.20082,0.41019,1.0185,0.29864,0.37229,0.43345,0.19087,-0.81558,-1.3659,-1.1373,-1.2938,-1.5045,-2.203,-1.0391,-1.5413,-0.96595,-0.17276,-0.49925,-0.34461,-0.61152,-1.0576,-1.1252,-1.3259,-1.1846,-1.8621,-1.5178,-1.009,-0.70389,-0.078872,0.44265,-0.31922,-0.41148,-0.71338,-0.033641,-0.11095,0.30046,0.87436,1.9098,1.5379,1.4353,2.1785,1.995,1.6904,1.696,1.4466,1.3452,0.80072,0.030238,-0.1279,-0.42707,0.14045,0.15826,0.46266,0.50595,0.69918,1.3181,1.6835,1.1766,1.0377,1.8021,1.5585,1.0045,0.72868,0.68162,-0.25475,0.86753,0.045976,-0.98209,-1.168,-1.088,-1.3055,-1.8508,-2.6074,-2.4692,-2.0657,-1.7809,-1.5025,-1.7464,-1.1605,-1.4616,-1.1675,-0.63945,-1.0982,-0.47592,-0.28001,-0.15483,0.36074,0.52802,0.62188,-0.027992,0.1881,-0.2414,-0.52153,-0.31765,-0.33035,-0.48376,-0.42736,-0.021274,0.77754,0.325,0.32128,0.73011,0.62557,1.1295,0.77377,1.7033,1.0447,1.625,1.448,1.6,1.9407,1.8424,1.2867,0.96596,0.65339,0.98102,0.0685,-0.38771,-0.80165,-1.1887,-1.3016,-0.15651,-0.30641,0.36419,0.24663,0.60377,0.57494,0.55711,0.95871,1.1197,0.90147,1.3709,0.69678,0.53703,0.5161,0.45625,1.1405,0.43876,-0.0024182,-0.98832,-0.96679,-0.5784,-1.2126,-1.679,-0.54593,-0.55207,-0.57162,-0.28416,1.3857,1.2523,1.6053,1.6234,0.35699,0.79779,1.0994,-0.33831,-1.5329,-1.6602,-1.5077,-1.2219,-0.81756,-1.1459,-0.84285,0.036693,-0.22869,-0.31684,-0.68571,0.68168,0.44438,0.42222,0.72182,0.7206,0.60364,0.77729,0.47636,0.30863,0.61339,0.6746,0.22502,0.17351,0.75279,0.92616,0.081888,0.46814,-0.23485,-0.062224,0.19247,-1.1439,-1.1005,-0.9933,-1.6856,-1.6745,-1.2717,-0.96519,-0.5483,-0.7501,-0.90532,-1.9653,-1.653,-1.8041,-2.5973,-1.8625,-1.331,-1.2474,0.35995,0.37642,1.0457,1.0439,0.43659,1.8147,1.2094,1.296,0.027419,-0.33466,-0.1756,-1.1449,-1.539,-1.4634,-1.427,-1.7679,-1.2654,-1.4955,-1.3408,-0.13342,-0.48619,0.063718,-0.65319,-0.40946,0.014286,-1.1781,-1.3843,-1.5759,-1.1684,-0.93502,-1.9292,-1.1764,-0.61721,-1.0439,-1.2757,-1.483,-1.0993,-0.61724,-0.9268,-0.98147,0.040198,-0.063276,0.4098,0.98843,0.97352,1.6394,1.869,1.9579,1.855,2.5598,2.9041,2.8489,2.8117,2.3757,2.7668,2.0446,1.519,0.5167,0.51046,0.028389,-0.97065,-1.6169,-1.5736,-1.5178,-1.555,-2.117,-1.5798,-1.5804,-1.864,-2.2301,-1.8763,-2.5445,-1.1849,-1.5182,-1.7004,-0.86371,-0.029325,0.61189,0.84943,2.1354,1.5579,1.9619,2.5715,2.3206,2.3181,2.085,1.4316,1.1246,1.0978,0.28548,-0.27867,-0.6693,-0.9866,-0.95862,-1.6376,-1.0123,-0.74239,-0.95396,-0.35066,-0.14455,-0.29819,-0.22494,0.23733,0.2649,0.15775,0.44893,0.83667,1.3797,1.311,-0.041306,0.57507,1.0851,0.93862,0.53883,0.62418,0.53962,0.80984,0.49333,0.39841,0.23778,-0.30877,0.38683,0.29467,0.3047,0.70663,0.005219,0.62821,0.49194,1.038,0.56653,0.98102,1.0854,1.3782,1.9299,2.2598,2.6133,1.8351,2.2416,1.6603,1.6843,1.1103,0.64776,0.25539,0.4419,0.30653,-0.10218,0.39378,-0.6644,-1.5803,-1.138,-2.0541,-1.8764,-1.248,-0.41204,-0.099309,0.19893,0.088968,1.0081,0.76703,0.58691,0.63641,0.06443,0.51282,0.085623,-0.97796,-0.8519,-1.1781,-0.86453,-0.75758,-1.1166,-1.43,-0.89996,-1.0221,-1.8884,-1.1072,-1.0063,-0.14124,0.1008,-0.098139,0.21854,1.3065,0.91868,1.1,0.69228,0.20245,0.88389,0.061073,-0.035171,-0.054748,0.1924,0.68924,0.081755,0.19329,-0.18938,-0.18121,0.24002,-0.091663,0.49417,0.23654,0.46991,0.67234,0.078785,0.80466,1.3577,0.68577,0.21628,0.83861,1.0195,1.3041,1.688,1.8955,2.2119,2.5217,2.4661,2.4386,1.8072,1.7651,0.92129,-0.51465,-1.1469,-2.0913,-1.8186,-1.8791,-1.8349,-1.6768,-1.7918,-1.19,-1.3136,-0.99253,-1.2469,-0.6592,-0.79072,-1.0974,-1.0547,-1.4153,-0.59089,-0.32048,-0.49849,-0.2361,-0.23825,0.38155,0.26414,-0.03285,0.4416,0.98375,0.22828,1.6202,1.0466,1.926,1.8645,0.88244,0.78235,0.05934,0.010809,-0.38711,-1.6971,-1.5229,-0.8729,-0.782,-0.9788,-1.9354,0.42846,0.37828,-0.55457,0.05982,0.3992,0.90351,1.1969,1.1665,1.9875,2.6256,2.5862,1.8464,0.56008,0.15876,-0.38016,-1.6144,-1.9063,-2.295,-2.3715,-1.8851,-1.7559,-1.7364,-1.702,-1.97,-1.8244,-1.644,-2.0187,-1.1749,-1.6488,-1.2484,-1.1395,-1.323,-0.36986,-0.058967,0.51049,-0.33326,0.092555,1.1221,1.4093,1.4602,1.3489,1.9483,2.2725,2.5539,1.9899,1.8634,1.783,1.5486,0.56037,-0.11343,-1.4116,-1.4343,-1.3549,-2.1405,-2.2711,-1.6957,-1.8294,-2.2278,-2.5347,-2.291,-2.9763,-1.5525,-1.3364,-0.84722,-1.1331,-0.78404,-0.30276,-0.55123,-0.39202,-0.67632,-0.45216,-0.13479,-0.51623,-1.031,-0.8279,-0.64124,0.036329,-0.58369,-0.91107,-1.1025,-1.2351,-0.88283,-0.8038,-1.2346,-1.2978,-0.74769,-1.0986,-0.87348,-1.3957,-1.0861,-0.93294,-0.69446,-0.14701,-0.79247,0.03771,0.23516,-0.17102,-0.31161,-0.42024,-0.17988,0.42333,0.3816,0.58529,0.99462,1.318,0.70989,1.3527,0.78815,-0.053481,-0.39582,-0.49195,-0.23089,0.1568,-0.45865,-0.1905,0.37653,-0.2017,0.46961,0.75046,0.42705,0.4731,0.84677,1.3316,1.2833,0.83803,0.091837,0.047087,-0.71885,-1.2481,-1.7835,-1.297,-1.6563,-1.6327,-1.6218,-2.1934,-2.471,-2.0602,-1.5038,-1.4695,-1.2035,-1.0813,-1.0889,-0.4591,-0.89405,-0.90441,-0.46628,-0.56645,0.14582,0.59264,-0.24612,0.63188,0.41645,0.6791,0.3248,-0.33232,-0.98239,-0.74759,-1.0115,-1.087,-1.7409,-1.7412,-0.34223,-0.91737,-0.29309,0.36436,0.7669,1.5899,1.4354,1.5823,1.1128,2.1767,1.8731,1.8803,2.0824,2.9931,2.7339,2.1875,1.2357,0.4412,0.34416,-0.18347,-0.98376,-1.7458,-2.0808,-1.2799,-1.0374,-0.1485,-1.1435,0.44387,0.69274,0.62379,0.19175,0.70302,0.86789,1.2848,1.1827,1.2121,1.2001,1.8021,1.4987,0.92578,0.30451,-0.60264,-0.74195,-1.8736,-2.1223,-2.2508,-1.9587,-2.4597,-2.4927,-1.449,-1.4497,-1.0579,-1.0942,-2.1014,-1.7152,-1.4185,-1.1932,-1.4762,-1.5017,-0.47693,-0.23091,0.31585,0.74784,1.2455,1.5197,2.0443,1.8724,1.4882,0.71054,1.5632,0.43374,-0.71487,-1.7634,-1.1201,-1.1186,-1.2621,-2.2067,-1.5101,-0.71074,-0.68948,-1.4495,-1.7234,-1.0079,-0.85744,-2.0916,-2.1002,-2.247,-0.9115,-1.34,-1.4667,-0.55961,-1.1438,-0.34241,-0.93471,-0.65029,-1.5043,-1.1835,-1.9192,-1.6438,-2.0889,-1.699,-1.8001,-0.91374,-0.75311,-1.0584,0.30264,0.90239,1.2867,0.16051,0.27561,0.94027,0.43718,0.89907,1.1686,0.97453,1.4978,1.7905,1.9358,1.8204,2.5346,2.7423,2.3642,1.9725,1.6,1.1378,0.52463,-0.72097,-0.9093,-0.91955,-0.74378,-0.72049,-0.96394,-0.88654,0.047404,-0.16459,-0.22306,-0.07435,-0.18756,0.99631,1.077,1.3903,1.1034,0.94954,1.5764,1.6495,1.8632,1.2806,1.6909,1.7412,1.6478,1.1273,0.33804,0.33813,0.62376,0.64096,0.11044,0.37183,-0.030397,-0.27542,-0.0924,-0.85706,-1.2381,-1.1825,-1.3428,-1.042,-0.67237,-0.79991,-0.43873,-0.41526,-0.53655,-0.65712,-1.0816,-0.84908,-0.72381,-0.8253,-0.57296,-0.44043,0.79394,0.61242,0.4051,0.51364,0.39875,0.9363,0.92095,1.1947,0.73298,0.72686,1.271,2.1014,1.9411,0.68497,0.71024,1.9724,1.3313,1.2294,1.0971,0.76306,0.89624,1.1476,0.88353,1.1904,0.37925,0.36695,0.65879,0.83803,0.44522,0.55344,-0.0032624,0.021173,0.68567,0.37214,0.6187,0.9959,1.6342,1.7547,1.7709,0.40673,-0.38036,0.15634,0.087763,-0.61678,-0.32403,-0.45674,-0.3897,-0.51657,-0.34176,-0.28097,-0.68905,-1.0469,-0.67814,-0.51424,-0.54416,-0.68667,-0.25017,0.14593
-0.99479,-1.7612,-1.8435,-1.3082,-1.1329,-0.86835,-2.1624,-1.8311,-1.1573,-1.4318,-0.87606,-1.3725,-1.068,-0.81634,-1.8963,-0.86093,-1.7595,-1.1589,-1.0454,-1.1386,-1.1209,-0.92693,-0.73441,-1.0745,-1.4548,-0.55521,-0.7113,0.048903,-1.4185,-0.87184,-0.65926,0.17308,0.49303,-1.0806,-0.53663,-0.098757,-0.090476,-0.48188,0.3478,-0.10542,0.20963,0.3283,0.26401,0.15362,0.61148,0.8083,1.1551,-0.050206,1.352,1.0403,-0.46368,-0.23906,1.0313,0.96542,-0.57674,0.52191,2.1604,0.83577,0.57462,-0.029578,1.6389,-0.58736,-0.88293,0.45946,0.69547,0.88839,-0.33139,-0.31222,0.41624,0.16725,0.48179,-0.92008,-0.11364,0.74242,-0.001348,-0.18992,-0.14384,0.31442,0.697,-0.66957,-0.29234,-0.16078,0.22621,-0.064875,0.07711,1.261,0.64596,0.70647,-0.244,-0.078478,0.66485,0.76029,-1.4349,-0.27776,-0.035614,0.97035,0.97223,-0.52994,0.83441,1.2927,-0.6485,0.22437,-0.014914,0.66229,0.16613,1.058,0.01464,0.56648,0.84831,-0.25404,-0.014466,0.58803,1.2361,0.79721,0.28318,0.31862,1.0944,-0.0080155,-0.66774,0.11448,-0.255,0.78955,-0.085043,-0.011336,0.82175,0.97431,-0.40992,-0.51806,0.48846,0.22085,0.61047,-0.0075657,0.037159,0.81034,0.74661,-0.34798,0.79781,1.2766,0.60206,0.81741,1.251,1.0397,2.2135,0.81358,0.51125,1.7507,0.85358,1.048,1.4974,0.8963,1.0448,0.91486,0.56278,-0.092829,0.46634,0.58138,0.9428,0.73025,0.40383,0.91158,0.5877,0.21963,-0.41826,0.14034,-0.12917,0.41428,-0.064809,-0.17487,0.83016,0.020157,1.2463,-0.054622,0.98224,0.055826,0.098431,-0.5264,-0.057235,0.63781,0.046157,-0.40493,0.19232,-0.025725,0.51996,0.34302,0.71026,1.8983,0.52317,0.5596,-0.41618,1.4172,0.74547,0.25133,-0.1833,0.40316,0.74555,0.94749,0.34348,-0.14407,0.32211,0.49216,1.0772,0.63044,0.56901,0.32758,0.70796,0.36334,0.15549,0.59872,0.64275,-0.068761,-0.19596,-0.43566,0.71464,-0.37182,-0.52998,-0.1416,-0.10242,-0.18783,-1.0842,-0.56512,0.27607,0.47018,-0.78244,0.43666,-0.031958,1.0395,-0.094231,-0.23348,0.6875,1.124,1.3054,0.16651,0.55597,1.1525,1.0056,0.6957,0.33944,0.64319,0.28817,-0.49613,0.73221,1.0771,1.4495,-0.13685,0.77607,0.35992,0.41013,0.058829,0.32244,0.50298,0.91412,-0.19073,1.225,0.9289,2.2433,-0.25923,1.181,3.3821,1.3839,1.3846,0.8185,0.54716,1.5431,1.2262,1.2876,1.7087,1.3613,0.55703,-0.14509,0.44952,-0.39966,-0.31887,-1.2005,-1.1919,-0.1665,-0.76813,-0.46478,-0.89794,-0.61017,-0.54627,0.38887,-0.41993,-1.6505,-1.3769,-0.79359,-0.50595,-0.84011,-1.3078,-0.82465,-1.3822,-0.96673,-0.24841,-1.2024,-1.2548,-0.67485,0.16088,-0.71973,-0.2084,-0.27595,0.20605,0.37346,0.71977,-0.27824,1.0874,0.58664,0.30284,0.25226,0.23676,0.48665,0.052451,-0.34369,-0.38241,-0.3432,-0.67163,0.089725,-0.21738,-1.4746,-1.4522,-0.49772,0.057359,-2.3389,-1.3904,-1.0286,0.13664,-0.55055,-1.3599,-1.1058,-0.5984,-0.85644,-1.5715,-1.0887,-0.62265,-1.2197,-1.5227,-1.4544,-1.3342,-0.34853,-1.0648,0.18117,-0.22563,0.56879,-0.99969,-0.522,0.35436,0.454,0.096599,-0.24913,0.080588,0.12557,0.1827,-0.86208,0.28761,-0.54989,-1.8059,-0.49367,-0.43931,-0.22497,-0.5307,0.016304,0.15262,1.8747,0.18765,0.11203,0.98326,1.1196,1.2372,-1.0701,0.32911,0.71527,0.65299,0.11421,-0.53849,-0.13892,-1.1016,-0.77625,-0.45112,-0.93331,0.068962,-1.7958,-0.98356,-0.8525,-0.46954,-0.5279,-1.3587,-0.4594,-0.54529,-0.675,-1.1469,-0.64749,-0.6643,-0.40992,-1.461,-1.5429,-1.069,-1.37,-0.85403,-1.215,-1.5036,-1.5848,-0.18783,-1.0575,-1.2692,-0.36543,-0.32867,0.27249,0.1544,-0.30832,0.5494,0.02438,0.2403,0.13985,0.60297,1.6519,-0.1182,0.46435,0.41957,1.3122,0.17834,-0.64016,0.85717,0.36533,0.28714,0.45759,0.45135,0.30327,-0.093264,0.18468,-0.23313,-0.26768,-0.098594,0.30747,0.19244,-0.24498,0.3844,-0.73012,-0.028507,-1.1724,-0.4547,-0.2572,-0.32287,-1.3018,-0.55857,-1.6267,-0.29135,-0.38578,-1.3611,-0.60224,0.46393,-0.49323,-1.2461,0.18074,-0.32898,-0.20456,-0.60834,-1.3101,0.16584,-0.33371,0.41402,-0.55946,-0.91418,0.080998,-0.38708,-1.2372,-1.0927,-0.98124,-0.48452,-1.2163,-0.75492,-1.1526,-1.5074,-1.2481,-0.39502,-0.83986,-0.35764,0.33172,-0.36725,-0.052001,0.27261,0.52062,0.12494,0.98512,-0.63438,-0.055212,-0.63329,-0.43415,-0.43206,-0.31429,-0.52438,-0.26164,0.14985,0.51992,-0.20392,-0.16138,-0.29688,0.66455,-0.015581,-1.0384,-0.5358,-0.31611,-0.92854,-1.0587,-1.7396,-2.3712,-1.1571,-1.2817,-1.309,-1.3375,-0.9411,-0.29984,-0.79393,-1.108,-0.37518,-0.17465,-0.37061,-2.3526,-1.8427,-1.6528,-0.45462,-1.8809,-1.604,-0.68134,-0.42307,-0.32627,0.43185,0.11893,0.93468,1.2193,0.1525,-0.12716,0.13876,0.89216,0.20162,0.87051,1.4016,0.93333,0.40782,0.64167,0.93509,0.65636,0.73959,-0.44894,-0.63374,-0.62735,0.11803,-1.6182,-1.4284,-1.0206,-0.36621,-0.59254,-0.16409,-0.38229,-0.29216,-0.10151,-0.84211,-0.61833,-0.2874,-0.31716,-0.44842,-0.54883,-0.55256,-1.2217,-0.36885,-0.16312,-0.30252,-0.61011,-0.90118,-0.8955,-0.9841,-0.055646,0.28498,-0.58404,-0.41514,-0.90142,-0.96178,-0.76318,-0.92413,-1.1286,-0.70608,-1.5943,-0.13244,-0.70136,-0.66264,-1.4189,-0.75775,-0.47139,-0.9004,-0.79116,-0.25301,-0.30518,-0.16369,-0.76037,-0.86255,-0.39703,-0.096314,-0.51903,-0.27853,-0.15194,0.26877,-0.21417,-0.54679,0.10959,0.59328,0.29975,0.50026,0.4803,1.0689,0.42916,0.89671,0.39908,1.1456,0.13987,-0.14498,0.69546,0.38228,-0.23041,-0.93739,-1.9634,1.1903,1.1045,0.74967,-0.13909,-0.51052,-0.3195,0.1112,0.39752,0.025346,0.70316,0.84985,1.8586,0.94182,1.5188,2.1754,2.1241,1.3799,1.6649,1.2917,1.5751,1.5694,0.27642,0.69919,1.0907,1.5301,-0.31089,0.30293,-0.29511,0.25003,-0.27316,0.078354,-0.16512,-0.61167,-0.51739,-0.28662,-0.085138,0.085371,0.26729,0.51672,0.085269,0.18481,-0.67196,0.17298,0.26844,0.24161,-0.22097,-0.18739,0.38769,0.45214,0.32209,-0.084663,-0.2722,-0.1775,0.01116,-0.019164,0.66751,0.5913,0.19946,0.42103,0.32231,1.4794,0.19661,0.854,0.09211,1.3183,1.0642,0.89896,0.28803,0.93606,1.1536,1.4925,0.8126,0.33587,0.569,0.5043,-0.17798,0.011494,-0.60646,-0.08435,0.31666,0.3622,-0.072205,0.24445,0.33858,0.54262,0.94201,0.13157,0.98797,1.718,1.8498,1.8349,2.2542,2.0821,1.8824,1.543,1.3525,1.6224,1.8009,1.2607,1.4434,0.90498,1.4252,1.0664,0.83286,0.89445,1.4918,1.3101,1.1424,1.0325,1.7271,1.2989,1.736,0.84131,1.0849,1.2322,0.89349,0.47766,0.70913,0.53369,0.61126,1.2406,-0.87043,0.19947,0.24342,-0.46302,-0.59497,-0.73494,-0.60129,-1.133,-0.80679,-0.77509,-0.45413,-0.71751,-0.67437,-0.61134,-0.24006,0.0075747,0.38884,0.79398,1.3007,0.78455,1.439,1.3972,1.6233,0.82357,0.43787,1.2801,1.8429,0.68169,1.4058,0.40115,1.254,0.85975,1.0562,0.86398,1.492,1.3283,0.57478,-0.41043,0.70082,0.49399,0.83925,-0.2047,-0.21493,-0.175,-0.48802,-0.61777,-0.86181,-1.0029,0.076012,0.090958,-0.083731,-0.13589,-0.06997,0.36,0.34251,0.20749,1.7564,1.9935,2.1308,0.79188,1.8869,0.52358,0.92632,0.01351,0.78347,-0.63327,0.56382,-0.3167,-0.55431,-1.297,-0.19632,0.46319,-0.10669,0.25114,0.2546,0.96554,1.6542,0.90466,1.4839,1.5092,0.82041,1.3504,0.51173,0.86564,1.1489,1.1236,1.1312,0.1787,0.026804,0.44333,0.45061,-1.0348,-0.70779,-0.4139,-0.67976,-0.43211,-0.97307,-1.2039,-1.0344,-0.80543,-0.90032,-1.2609,-0.59704,-0.38297,-0.098529,-0.7442,0.033501,0.23664,0.032499,0.087038,0.2447,0.75393,1.8248,-0.4353,0.43766,1.301,0.72054,0.99968,1.1106,1.1603,1.7812,1.0633,-0.15762,-0.51559,-0.64658,0.0023185,-0.11069,0.372,0.33295,0.24614,0.54253,-0.6305,-1.0509,-0.34251,-0.23362,-0.074597,-0.21848,-0.49718,0.14527,-0.78478,0.044884,0.66081,1.0609,0.49068,0.62723,0.52697,1.2594,0.49608,0.39828,0.6649,0.77775,0.59357,0.3911,0.27774,0.36579,0.13102,-0.11329,0.20972,-0.9218,-1.0101,-0.49032,-1.6294,-1.306,-1.4061,-0.71388,-0.2604,-0.83037,-0.29947,0.085229,0.5923,0.96934,0.71806,0.14373,0.35164,0.82504,0.1008,-1.0736,-1.2347,-0.20312,-0.95192,-1.475,-0.94103,-1.2226,-1.3024,-0.8734,-1.6939,-0.73716,-0.34056,-0.32041,-0.34269,0.43545,0.58659,0.80507,0.54773,0.69731,0.89516,0.95304,1.6,0.37135,0.61609,1.1473,0.85734,1.3624,-0.802,-0.22613,-0.17726,-0.11813,-0.96898,-0.33357,-0.37911,-0.38919,-0.83633,-0.46586,-0.34579,-0.034073,0.81267,0.53641,0.81869,1.6828,0.94719,0.9418,0.51221,0.66513,0.67512,0.053166,-0.59004,-0.41854,-0.75098,-0.43172,-0.060873,-0.2808,0.34953,-0.51139,0.009779,-0.88906,-0.83473,-0.033032,-0.85158,-0.39191,-0.94799,0.46863,1.0534,0.57981,0.82996,0.55975,0.66344,-0.15502,0.13756,0.73993,-0.090808,0.11501,0.066725,-0.50219,-1.1489,-0.37079,-0.49211,-1.0999,-0.79604,-1.1729,-0.32118,-0.68494,-0.64444,-0.42636,0.81706,0.76359,0.35862,0.6891,1.0157,0.83141,0.89307,0.57301,1.4605,1.5026,1.1738,1.2779,0.60811,0.90446,0.50301,0.82093,0.22767,0.0053323,-0.58052,0.15354,-0.10565,-0.5591,-1.3007,-1.0498,-0.94613,-1.3674,-0.83379,-1.3738,0.43616,-0.75104,-0.98802,-0.14394,0.1524,0.93808,0.7788,0.66713,0.50521,1.0667,-0.051921,0.78616,0.74068,-0.47967,-0.13712,0.18807,0.030374,-0.60706,-0.49229,-1.4007,-0.55578,-0.13583,0.24307,0.68088,0.3444,-0.0035626,0.88948,1.1449,0.62793,1.2081,0.43916,1.4521,1.1082,0.83364,0.29656,0.33338,0.95317,0.2289,-0.29439,-0.95351,-0.9836,-0.69859,-0.88224,-0.8767,-1.2408,-1.4251,-0.78486,-1.1827,-1.1308,-1.1394,-1.1557,-0.55013,-0.60009,-1.0672,-0.11805,0.82919,0.71121,0.24204,0.8173,0.25045,0.30372,0.43266,-0.34271,-0.40871,-0.4636,-0.46176,0.16525,0.093016,-0.64042,-0.13239,-0.49337,0.33014,-0.27444,-0.58304,-1.3028,-0.088237,-1.1517,-1.0587,-1.271,-0.84581,-0.90398,-0.61518,-1.3474,-1.3605,-1.176,-0.81739,-0.68583,-0.92235,-0.81912,-0.78848,0.10685,0.42444,0.21587,0.39617,0.87414,1.2595,1.1075,0.86793,0.87349,1.4232,1.3292,1.1341,0.25055,0.3083,0.47283,0.4389,0.96674,-0.058293,0.16977,0.44539,0.18361,-0.33119,-0.27706,0.047665,-0.75204,-0.6184,-0.66905,-1.0206,-0.87962,-0.44431,-0.72068,-0.73673,-1.0091,-0.99893,-0.91884,-1.2205,-0.92239,-1.1508,-1.2972,-0.88065,-1.0494,-0.77033,-1.32,-1.2636,-1.0875,-1.0687,-0.76504,-0.98988,-1.0118,-0.98706,-0.74062,-0.68009,-0.60939,-0.46729,-0.13251,-0.004546,1.0992,-0.12804,0.10978,0.39164,0.7284,0.94842,0.2268,-0.11731,0.17367,0.74815,0.25828,-0.010085,-0.33136,0.052429,-0.04186,0.30584,-0.021838,-0.25266,-0.34459,0.24684
-0.79754,0.20749,0.28212,-0.004846,-0.79698,-0.30722,0.34778,-0.38088,-0.80913,0.10718,0.63758,-0.93706,-0.034847,-0.51316,0.35186,-0.099613,0.5051,-0.78635,0.74854,-0.25619,0.47762,-0.52488,0.65289,0.0011046,-0.74608,0.048686,-0.16425,0.41491,-0.77467,0.93274,0.17151,-0.68015,-0.53671,-0.12436,-0.51886,0.098203,0.0040327,0.35016,0.81564,-0.53522,0.10443,-0.3402,-0.031022,-0.92393,-0.71971,0.12247,1.729,-0.56536,0.044714,-0.32495,0.83777,-1.022,-0.92712,0.42899,1.2059,0.67724,-0.83973,0.3879,0.17856,0.61447,-0.9199,-0.027624,-0.8485,0.31429,-0.94785,-0.1855,-0.13055,0.34256,-1.0814,-0.37346,-0.63957,0.14369,0.18836,-1.0053,0.50687,0.59353,1.0224,-0.040137,0.35347,-0.38794,1.0325,-0.45697,0.066874,0.19306,0.12085,0.16615,-1.0524,0.086006,0.68652,-0.015096,0.28534,-0.41307,0.82565,0.077484,0.93299,0.12422,0.91272,0.43752,0.429,1.1476,-0.33586,1.0194,0.80854,0.496,-0.58426,1.5778,0.74127,0.9521,-0.73308,0.5799,0.4208,0.2906,-0.32876,0.47745,0.36806,-0.0070761,-0.13135,-0.44087,0.23354,0.1589,-0.53647,0.3185,0.37969,0.90853,-1.1438,0.15023,0.19641,0.60684,-0.45602,-0.046358,0.093293,0.71859,-0.11715,-0.24283,0.01391,0.82838,1.0995,-0.45154,0.16414,0.13082,0.44843,-0.5196,0.10065,-0.26225,0.73241,0.072177,-0.16294,0.12441,0.30625,-0.13409,-0.27244,0.18374,0.306,0.0094535,-0.52812,-0.2345,0.48103,1.17,0.18131,0.53897,0.41929,1.0476,-0.3507,0.29973,-0.30583,1.0099,-0.095877,0.51178,0.0082916,-0.4398,-1.2937,0.22318,-0.067017,-0.36469,-1.1058,0.23509,-0.15704,-0.12823,0.48158,-0.3391,0.63022,0.10588,0.81232,0.11895,0.849,0.37806,0.68838,0.01071,1.2015,0.37474,0.6692,0.24391,-0.086281,0.95652,0.20191,0.63651,-0.29544,1.1328,0.3985,1.6021,0.61166,0.34896,0.24983,1.3546,0.011283,0.75231,-0.4852,0.046376,0.27711,0.23603,0.049402,-0.0080815,-1.0383,-0.10173,0.020491,-0.73062,-0.3379,-0.44618,0.72315,-0.48001,0.026608,-1.2108,0.16293,-0.12885,0.63515,-0.007572,0.88738,1.0867,0.35472,-1.1865,0.93666,1.0372,0.93684,-0.39044,0.34111,1.357,0.032244,0.068646,0.14911,0.80752,0.29893,-0.66146,0.14863,0.69477,0.85787,-0.40302,0.04766,1.1003,1.1137,-0.73464,0.57982,0.46255,1.0226,-0.65332,0.76723,0.63376,-0.37918,0.58482,-0.15243,1.3629,-0.38383,0.06145,-0.9681,0.83759,0.97442,-0.1849,0.26734,-0.53047,0.87749,-0.028762,0.11983,-0.99367,-0.19203,0.72747,0.4516,-0.95978,-0.31125,-0.33185,0.23586,-0.45691,-0.028415,0.015382,-0.90572,0.87303,-1.1063,-0.5394,-0.91491,-0.26399,0.30749,-0.58933,-0.44197,-1.3683,0.11699,0.93157,0.88549,0.25887,0.95465,0.94637,1.0653,0.53783,1.3412,1.1174,1.4445,-0.43781,0.65147,0.15897,0.413,-0.16924,-0.049765,0.37155,0.072717,0.32722,1.3311,0.50618,-0.39865,-1.3331,0.50478,-0.027683,-0.56373,-0.48333,0.8938,-0.27233,-0.14359,-0.022632,-0.32988,0.48955,-0.45045,0.05583,-0.6711,0.18638,-0.012833,-0.71799,-0.83297,-0.21333,0.14988,-1.3652,0.087755,0.87082,0.69955,-0.75893,0.26697,1.0569,0.16645,-0.57892,0.072795,-0.55603,0.22753,-1.2568,-0.62322,0.0044073,0.098728,-0.6809,-0.99102,0.064066,-0.14558,-1.0175,-0.3567,1.6359,0.49738,0.43644,-0.66197,0.84533,0.11548,0.52448,-1.1542,0.83557,0.69104,-0.16006,-0.9466,-0.035068,0.84008,0.85602,-0.77817,-0.90825,-0.46768,0.1127,-0.64337,-1.4422,-0.49751,0.43912,-0.54533,-0.46519,-0.20811,0.04802,0.3426,-1.0941,-0.21724,-0.31906,0.32173,-1.2612,-0.55756,-0.57041,-0.57302,-0.60709,0.23322,-1.0046,-0.2839,-1.0969,-0.78396,-0.62115,-0.28077,-1.0875,-0.048373,0.3226,-0.048559,0.44057,0.38669,0.62807,-0.99931,0.82148,0.5728,-0.50639,-0.30127,-0.038025,0.50965,-0.34131,-0.44686,-0.31923,1.0436,-0.31196,-0.64888,-1.005,0.68208,0.3444,-0.12912,-0.10446,-0.60399,0.41494,-0.42571,0.12024,-0.78577,1.0033,-0.16983,0.093587,-1.0832,0.37757,-0.5811,-0.55023,-1.7589,-0.1431,0.10657,1.0453,-0.25963,-0.38673,0.057759,0.68104,0.37731,-1.0197,-0.40552,0.63035,-0.23182,0.0089119,-0.18683,0.50651,0.13003,-0.1558,-0.79053,-0.3598,0.52995,-0.20866,-1.0163,-1.546,-0.48905,-0.34941,-0.70901,-0.42694,-1.4434,-0.5679,-0.90755,-1.386,-0.23368,0.068639,-0.04232,-0.27258,0.65796,0.67801,1.2678,0.29359,0.99294,-0.085347,0.98573,-0.6048,1.5842,0.63182,-0.076896,-0.46048,-1.1129,0.41985,-0.20016,0.30369,-0.11018,0.81063,0.14085,-0.29792,-0.46709,0.77136,0.13937,-0.21194,-0.92847,-0.33984,-0.84426,-0.45082,-0.32599,-1.1742,-0.89611,-0.72225,-0.47575,-1.3062,-0.68264,-0.3555,-0.26287,-0.20522,-0.18075,0.78632,0.39628,0.39956,-0.93958,0.24331,-0.58459,0.66405,0.39653,-0.090695,1.2665,1.0281,1.8784,0.20441,0.89837,1.2551,1.4988,-0.23011,0.388,1.5525,1.7557,0.19903,0.50505,-0.048031,0.25582,-0.42964,0.37652,-0.6312,0.11275,0.32663,-0.66039,0.017577,-0.41136,0.57687,0.41297,-0.43371,0.4302,-0.2498,-0.24012,-0.048429,0.5336,-0.47666,-0.40261,-0.58829,0.048197,-0.12343,-0.46169,-1.8723,1.1798,0.66367,0.099563,-0.78718,0.2444,0.012087,-0.038199,-0.71071,-0.25357,0.25046,-0.44238,-0.48557,-0.65846,0.71899,-0.36069,-0.2775,-1.3393,-0.5832,-0.64951,-0.52232,-0.084991,-1.3795,0.04395,-0.2617,-0.43092,-0.70676,-0.44372,0.34444,-0.24919,-0.10125,-0.34195,0.45602,-0.49806,0.090547,0.014184,-0.40393,0.072142,0.031902,0.30756,0.51278,0.44569,0.64158,0.508,0.89247,-0.36137,0.36309,-0.031646,0.049175,-0.46747,0.51321,-0.15999,0.32793,-0.24202,-1.3116,-0.70245,-0.62026,0.030218,-0.39524,-0.29562,-0.39951,0.75991,0.36538,-0.10831,0.25726,0.93926,0.56332,0.48222,-0.053981,0.68409,1.0662,1.7662,0.57835,0.40706,0.46144,0.76631,0.35587,-0.056914,0.18605,0.11786,-0.83106,0.16574,-0.049604,-0.46546,-1.8265,0.27723,-0.4839,-0.46111,-0.52237,-1.0118,-0.21179,-0.54797,-0.080081,-0.92502,0.0083599,-0.59557,0.051031,-1.2699,-0.61826,-0.35617,-0.085012,-1.2594,-0.70268,-0.41181,-0.27353,-1.0509,-1.1398,-0.4201,-0.18846,-0.32903,-1.1351,-0.8205,0.73017,0.1613,-0.42619,-1.4294,0.23094,-0.31596,-0.082199,-0.94387,0.18743,0.50727,0.0086337,-0.091214,0.20664,0.23298,0.36925,-0.63027,0.029003,-0.054483,-1.1634,-1.1851,-0.19227,-0.79139,-1.2166,-0.5288,-0.43131,-0.6521,-0.32875,-1.0524,0.76339,0.68856,0.69315,0.10664,0.41366,1.5336,0.073704,0.92671,-0.01054,0.82063,0.47951,-0.078905,0.81552,0.58048,1.1114,-0.065714,1.0774,1.0021,-0.27195,0.096338,-0.2918,1.0412,-0.042248,-0.32911,0.3148,1.0058,1.4147,0.035889,-0.42952,-0.42645,0.20603,0.52347,-0.78462,-0.4894,-0.18245,0.16452,-1.0911,-0.90248,-1.0813,-0.15946,-0.7204,-0.62688,0.037119,-0.5322,-0.37613,-0.33513,-0.76321,-0.7154,-0.10336,0.30537,0.020816,0.52753,0.11224,0.88684,0.022174,0.59396,0.86937,1.1158,1.4155,-0.015762,0.27358,1.0038,0.65422,1.3845,0.29622,0.41303,0.20019,1.3998,0.3442,-0.99739,0.16153,0.1212,0.65356,-0.174,0.094728,-0.43819,0.12058,-0.38086,-0.52789,-1.6196,-0.90795,-0.5267,-0.532,-1.5352,-1.3064,-0.39319,-0.49992,-0.77429,0.42103,0.26962,0.83849,0.030957,0.57359,-0.14199,0.35097,-0.37341,0.31207,-0.13432,-0.53267,-1.4458,-1.0521,-0.48893,-0.46343,-0.61061,0.10814,-0.99464,-0.94073,-1.4891,1.8236,0.3463,-0.062978,-0.87738,1.416,0.72478,0.47235,-0.68894,1.4353,1.5235,0.61123,-0.17721,-0.52372,0.75564,-0.11852,0.14861,-0.9882,0.54645,0.29275,-0.33966,-0.59547,-0.39993,-0.37048,-0.44634,-1.0873,-0.86919,-1.1067,-1.0008,-1.0975,-0.64535,-0.86062,-0.80211,-0.71155,-0.5291,0.083869,-0.15054,0.41936,0.047804,0.40671,0.70235,0.14106,1.3221,0.60188,0.6738,0.78236,0.68871,0.081902,-0.17183,0.5116,-0.27826,-0.2592,-1.1381,-1.1555,-0.22201,0.36185,0.6403,-1.809,-0.11045,0.017655,-0.06543,-0.37385,-0.62456,0.80713,-0.32674,-0.27514,-0.90438,-1.7299,-0.081449,-0.0051404,-0.15185,-0.39612,-0.02865,0.0010577,0.23167,0.16815,0.28029,-0.17451,0.86716,0.17826,0.0047906,0.28944,-0.81525,0.43425,-0.15893,-0.051326,-0.86273,-1.2454,-0.14835,-0.58506,0.27969,-0.30119,-1.8461,-1.2768,-0.32336,0.12059,-0.74374,-0.74399,-0.059487,0.54922,0.13658,-0.3524,-0.94535,0.96346,-0.11865,-0.57392,-1.5758,-0.26974,-1.0195,-1.1826,-1.2573,-0.60462,-0.68085,-0.4289,-0.42707,-0.65045,-0.26424,0.22939,0.99904,-0.0070317,1.498,1.1907,0.67247,0.26793,0.58892,1.1311,0.77155,0.40738,-0.33508,0.74386,0.1549,0.74015,-0.54548,0.49411,-0.21889,-0.072638,-0.18705,-1.6443,-0.73086,-0.65375,-0.015149,-1.5653,-2.0664,-0.39492,0.83444,-0.24413,0.50793,-0.46475,0.90168,0.55158,-0.41732,-0.010825,0.19986,-0.044773,0.37068,-0.64213,-1.627,-0.47697,-0.70569,-0.3204,-0.23294,-1.5641,-0.073974,-0.50408,0.17258,-1.0748,0.83165,0.4571,-0.90938,-0.48482,-1.1606,1.2574,0.78891,0.5774,0.68459,0.1836,0.82943,-0.56791,0.54662,-1.1923,0.41242,-0.65984,-0.374,-0.25932,-0.35154,-0.2341,-1.2105,-0.20499,-0.63731,-0.26951,0.10057,0.087331,-0.2191,-0.27403,1.428,1.7969,-0.0014116,0.61196,0.10802,0.40558,1.0202,0.22664,1.1537,-0.42864,0.21859,0.21248,0.28396,0.31958,-0.74184,-0.085652,-0.02299,-0.079982,-0.70363,-0.12421,-0.38961,-0.39649,-0.79202,0.63545,-0.43664,-0.41321,0.69821,0.12537,0.70549,0.5754,0.63016,1.3074,0.25505,0.76971,0.4894,0.054996,0.42193,0.10435,-0.22169,0.65528,0.49657,-1.009,0.18879,0.27654,-0.054432,0.15399,0.49848,0.21163,-0.69291,0.29564,0.27579,1.1424,1.4923,1.2538,0.82295,0.91436,1.3852,0.74534,1.2329,1.1669,-0.18836,1.3919,0.050351,0.44551,0.55572,-0.24359,0.46435,0.21579,0.025381,-0.23769,0.46583,-0.66921,-0.49119,-0.70255,0.20713,-0.56473,-0.78115,-0.18114,0.013801,-0.38059,0.062363,0.60555,0.60577,0.42162,1.2215,1.0828,1.4942,0.62983,1.2074,0.068267,0.60467,-0.92393,0.43241,-0.68581,0.26481,-0.57151,-0.28192,0.029924,-0.74581,-0.13865,-0.70492,0.38196,-0.32068,-0.61346,-0.22172,-0.42783,0.011597,-0.50966,-0.43039,-1.4178,-0.47367,-0.46323,-0.14031,-0.092695,-0.026489,-0.22268,-0.235,1.0607,0.72072,0.23304,1.4251,0.48411,1.9026,0.97875,1.3311,0.80283,1.5111,1.1568,1.018,0.47571,0.60501,0.45669,0.51231,0.75822,-0.17162,0.37327,0.77014,-0.1003,-0.80072,-0.32887,0.27406,0.28105,0.16797,-0.62067,-0.16127,0.23778,-0.10473,-0.4608,-0.032464,-0.43688,-0.13791,-0.80867,-0.024466,-0.69609,-0.3519,-0.85126,-0.21066,-0.42039,-0.37633,-0.73912,-0.020812,-0.53785,-0.18559,-0.90701,-0.054207,0.0089175,-0.28779,-0.36498,0.13102,0.06526,-0.15573,0.24076,0.45976,-0.19226,1.0777,0.12378,0.2046,1.3108,0.50493,0.59343,0.1435,0.044022,0.074553,-0.49082,-0.23648,0.035097,0.19622,-0.43006,-0.1554,-0.015276,0.15817,-0.23289,-0.15851,0.34924,0.57789
-0.29312,0.21824,0.087128,-0.073645,0.23197,0.024562,-0.49214,-0.13618,-0.31579,-0.057241,-0.35847,0.56494,-0.17433,0.26921,0.34541,-0.22728,-0.49133,0.018602,0.10703,-0.12234,-0.015502,0.34183,1.0188,0.57276,0.72106,0.21061,0.6986,0.85151,0.78015,0.64582,0.26721,0.040715,0.35673,0.2658,1.0083,1.9952,1.2255,0.41619,0.20387,0.50488,1.2207,0.35866,0.51812,-0.42181,0.2853,0.55886,0.91662,0.92504,1.4982,0.30325,0.85869,1.2479,0.11137,1.969,0.71158,1.0599,0.61011,1.538,1.7071,1.0591,0.54052,0.68377,0.81519,-0.088937,0.5984,-0.15782,-0.093039,-0.78085,-0.59905,0.17012,-0.093903,0.69304,-0.033935,0.19606,0.54842,-0.23874,0.028384,-1.0008,0.17008,0.61482,-0.77085,-0.50466,-0.11624,-0.73147,-0.55903,-0.4934,-0.41552,-0.68835,-0.93681,-0.24125,0.82993,-0.53157,-0.54529,-0.76586,0.042272,-0.87904,-0.34459,0.41866,0.41875,-0.59282,0.23271,-1.1738,0.74819,0.054613,0.4355,0.018262,0.27826,0.51353,0.4022,0.33169,0.28227,0.38225,-0.26055,-0.24615,-0.065515,-0.86516,-0.22952,-0.74174,-1.0226,-0.8866,-1.0158,-0.36121,0.27961,-0.76857,-0.48855,0.43289,-0.19117,-0.58421,-1.8266,-2.014,-2.2396,-1.6507,-2.4302,-1.4285,-2.692,-1.9094,-1.9498,-2.0048,-1.2475,-1.5232,-0.96628,-1.382,-0.54078,-1.6418,-2.075,-1.6605,-1.3374,-1.0188,-1.4633,-1.5172,-1.8463,-1.034,-1.751,-1.5544,-1.3943,-1.1948,-1.5857,-0.97056,-0.67839,-0.70173,-1.1881,-1.276,-0.57993,-1.4056,-1.5224,-1.6111,-1.9456,-1.8905,-0.85425,-1.4022,-0.72357,-1.0322,-0.96502,-0.92564,-1.0572,-2.1323,-0.99367,-1.8596,-1.2687,-1.3941,-1.4865,-1.1,-1.6511,-0.7018,-0.068267,-0.45988,0.070998,-0.34605,-0.43484,-0.91586,-1.6542,-0.60918,-0.71034,-0.86165,-2.0896,-1.5139,-0.70081,-1.1971,-1.4269,-2.2214,-1.3316,-1.3469,-0.45305,-1.7819,-1.0608,-0.98376,-0.75001,-0.55653,-0.83271,0.095703,-0.97462,-0.68389,-0.4236,-0.33935,-1.3626,-0.84546,-1.7425,-1.3749,-1.532,-1.4854,-1.3209,-0.84947,-0.60674,-0.78829,0.35471,-0.5317,-0.071276,0.60884,0.33837,-0.25738,-0.50215,-0.92324,0.28173,-1.6705,-0.65761,-1.3794,-0.52464,-0.20376,-1.4433,-1.1386,-0.28235,-0.51372,-1.1096,-0.71388,-0.64572,0.31201,-0.69206,-0.8179,-0.58278,-0.20953,-0.049265,-0.23833,-0.76321,0.78884,1.1271,-0.032378,-1.3822,-0.80584,-0.64408,-0.9151,-0.67581,0.43844,-0.85034,-0.065071,0.35636,0.69772,-0.12417,0.87218,0.19015,-0.18165,-0.19173,0.87175,0.18374,-0.77204,-1.0773,-1.1406,-0.8561,-0.33175,0.24566,-0.026211,0.19325,0.026174,0.53125,0.49099,-0.32457,-0.58014,-1.1134,-1.2114,-1.4157,-1.5932,-0.80447,-1.2453,-0.82329,-0.57575,0.61987,-0.36439,0.3577,-0.4988,-0.1951,-0.42173,0.51178,-0.15074,-0.70649,-0.48871,0.32688,-0.298,0.33766,0.063654,-0.036,0.15035,0.061345,0.032385,-0.064381,0.11951,-0.72394,-1.9624,-0.29077,-0.77168,0.32071,0.17416,0.84338,-0.23636,0.67491,0.34096,0.71198,0.43965,-0.041645,-0.079639,-0.93167,0.13439,-1.0643,-1.1811,-0.48942,-1.0127,-0.68041,0.0098586,-0.12898,0.81025,0.16705,0.4917,0.66987,1.2305,0.65319,0.50656,0.50138,0.90885,-0.56527,-0.045994,-0.68661,0.4938,-1.1782,-0.40612,-0.0083629,-0.21639,0.43301,0.17648,1.7147,0.98286,0.6718,1.9169,0.71443,2.0972,1.4506,1.1764,1.3201,1.432,1.5924,1.7339,1.2476,1.7741,1.6077,-0.36229,-0.2275,-0.11482,-0.0042683,-1.2725,0.14679,-0.20011,0.72229,0.91048,1.0672,0.63551,0.64344,1.0954,1.5851,0.71338,0.66623,1.9876,0.95221,1.2314,1.4027,1.0871,-0.40638,-0.29376,-0.076867,0.228,-0.069309,-0.1771,-0.75292,0.0109,0.32422,0.059377,0.66596,0.96404,0.15169,0.12953,0.21018,1.3201,1.7453,1.3581,1.7185,1.833,1.0166,2.4535,1.4328,0.25403,0.58647,1.1772,0.76648,0.16524,0.67219,0.30284,-0.2886,0.068738,0.79365,1.1286,1.7005,1.4795,1.691,2.3112,1.1937,1.765,1.675,1.316,1.1273,1.3875,1.5552,-0.13551,0.76733,1.0643,1.2332,1.0326,0.82087,1.1567,0.56921,0.70829,0.52222,1.4345,1.705,1.531,1.2584,1.4421,1.9762,2.36,1.9125,1.4566,1.2161,2.2595,1.9567,1.0338,1.0118,0.83657,-0.17142,0.82646,0.19094,-0.30846,-0.49509,-0.5887,-0.64568,0.34901,0.37124,0.98085,1.0809,1.1614,1.1652,1.103,1.7339,1.268,0.82528,0.85427,0.19703,1.0504,1.1462,0.67935,0.013025,0.45595,0.80428,0.97204,1.3695,0.16806,1.6433,2.1944,1.5918,0.79047,0.78335,2.0358,1.199,-0.018088,0.73867,0.5624,-0.020078,0.46505,-0.44015,-0.40374,-0.85091,-0.068581,-0.47775,0.073066,1.0277,0.74723,0.52462,0.40451,0.57274,0.7675,1.3754,0.20436,0.91589,0.86661,0.46964,-0.85517,0.09474,-0.0083735,-0.40506,-0.43828,0.36091,0.59942,0.084421,-0.044849,0.84098,0.18759,-0.87341,-0.44222,-0.20601,-0.2037,-0.31464,0.21905,1.1815,-0.18842,-0.14482,-0.08721,-0.64462,-0.42141,-0.19525,-1.1035,-0.56908,0.75242,0.30368,0.57459,0.61691,1.008,1.271,0.96502,0.30661,0.7853,0.88365,0.88248,0.24181,0.65621,-0.35057,0.40862,0.26805,1.0069,-0.9943,-0.21276,0.70612,1.0077,0.79454,1.2601,1.683,0.85284,1.6161,1.3796,1.487,1.7024,1.5136,-0.010428,0.84725,0.82254,0.77907,0.80819,-0.082253,-0.15058,-0.80235,-0.78495,-0.17397,-0.039868,0.1457,-0.29583,0.076337,-0.19374,0.058318,0.44468,-0.22263,-0.31599,0.4247,0.75479,1.3939,0.94006,1.9797,2.054,1.931,1.9593,2.3996,1.3075,1.0656,1.0041,1.258,1.0435,0.071525,0.048746,0.87995,0.35731,0.42022,-0.70473,0.43885,-0.16284,-0.58939,-2.417,-1.6796,-1.4493,-1.4801,-0.26835,-1.0721,-0.92726,-1.9857,-1.4382,-1.2367,-0.82898,-0.22306,-0.31106,0.16059,-0.61683,-0.14118,0.27225,-0.20929,-0.28898,-0.022543,0.14695,0.25076,0.48,0.67854,-0.42263,-0.13619,-0.60734,-1.1552,-1.1947,-0.78412,-1.5545,-1.6624,-1.1467,-1.0494,-0.8545,-0.63045,0.53294,0.092761,0.22867,0.69602,0.052439,-0.1155,0.23333,0.14053,0.21254,-0.7739,-1.3786,-0.88654,-0.43391,-0.47947,0.65591,-0.32269,-1.2248,0.070383,-0.65498,-0.92106,-0.098114,-0.89809,0.33705,0.78879,-0.042466,0.20477,0.89739,1.3426,0.28282,0.64523,1.8836,1.0627,0.86794,0.24564,0.013416,-0.20707,-0.14622,-0.48233,-0.94577,-0.77918,-1.1827,-0.56796,-1.4802,-2.1211,-1.8207,-1.0918,-0.29805,-1.1255,-1.2148,-0.54213,-0.056115,-0.318,0.8362,-0.48989,-0.296,0.49596,-0.28564,-0.78549,0.17031,-0.33881,-0.33625,-0.22961,-1.0526,-0.48009,-0.78554,-0.10835,-0.24154,-0.18064,0.093438,0.59896,0.090958,-0.83665,-0.59144,-0.72405,0.73595,0.91453,1.9358,1.2613,0.72093,1.2244,1.6825,1.5018,0.52944,-0.5319,-0.6344,-0.433,-0.91035,-1.6651,-0.76446,-0.93353,-0.73071,-1.2073,-1.3141,-0.83702,-1.1274,-0.78274,-0.86696,-0.56635,-0.83054,-0.77009,0.0066072,-0.61687,0.54848,0.24012,0.66869,1.242,0.96419,0.86074,0.81924,1.454,0.45873,1.1055,1.0289,0.61192,0.46962,0.61804,1.4593,1.0768,1.1283,0.70587,0.32425,0.57775,0.16152,0.47624,-0.73191,-0.32773,-0.99637,-1.5288,-1.59,-0.8225,-1.0443,-0.64352,-1.0792,-0.48124,0.3407,1.2933,0.22529,1.1736,1.0305,1.2552,1.6391,0.30439,1.4533,1.1818,0.11269,0.17174,-0.26735,-0.20548,-0.088723,-1.9438,-0.25895,-1.5998,-1.3196,-0.96774,-0.30971,0.097173,-0.23526,0.46615,1.1291,1.0411,0.0074478,-0.0049183,0.42935,0.68393,0.090099,0.42835,0.095195,1.4311,0.26228,-0.38392,0.82488,0.56821,-0.80215,-1.0125,-0.86185,-0.3148,-0.6328,-0.78886,-1.2399,-0.64428,-1.4404,-1.0761,-0.62572,-1.2446,-1.0345,-1.0245,-0.86928,-0.46593,-0.73356,-0.19285,-0.093022,-0.3025,-0.39674,0.037921,0.066449,0.65076,1.2156,0.66035,1.6194,1.0194,0.73216,1.059,0.71617,0.93061,0.3656,0.60433,0.28379,2.0436,0.60874,1.5319,0.25941,0.086544,1.3805,2.2288,1.7877,0.91619,1.4846,1.386,1.1461,0.62915,1.1941,0.92276,1.2504,1.0234,2.1418,2.2264,1.8291,2.0141,2.0813,2.1437,1.833,1.4565,2.0779,1.8568,1.3441,1.2059,1.8699,2.0731,1.8339,1.7931,1.0184,0.9801,1.3097,0.91167,0.42107,-0.14373,-0.28162,0.39727,0.51367,0.3759,-0.029424,1.2504,0.67554,0.93542,0.70084,1.2681,0.9627,0.35892,0.40894,-0.61971,0.02053,-1.1112,-0.81532,-0.85066,-0.50468,0.19198,-0.80397,-0.28051,-0.045263,0.34006,0.66136,0.7706,1.3464,1.4898,1.3657,1.5958,1.3149,1.3157,1.7785,1.6874,1.8391,2.252,1.2219,1.5656,2.0345,1.5478,1.2087,1.2825,1.7829,1.3916,0.89657,-0.26065,0.40169,-0.68186,0.67326,-0.22347,0.66739,1.4193,1.6153,1.1089,1.6756,1.4939,1.2678,1.4676,0.85007,1.3853,0.92104,1.2766,1.3347,1.1096,0.58439,1.4013,0.16979,-0.10418,0.6453,0.9187,1.2198,0.3511,0.79317,1.8436,1.6862,1.9185,0.93716,1.0034,2.0869,1.9994,0.6695,0.19834,1.2831,0.89168,0.17508,0.31818,-0.038438,-0.30322,-0.50549,-2.0836,-2.4164,-2.2922,-1.7608,-2.2551,-1.984,-1.6647,-1.1064,-1.298,-1.3476,-0.65386,-0.19327,-0.092483,0.26975,0.64315,0.93405,0.96637,1.3062,1.1124,1.1212,1.0056,0.74654,1.1962,1.1429,0.9779,0.46695,0.34814,-0.34951,-0.090055,-1.0655,-1.494,-0.64887,-1.0679,-1.2388,-1.7075,-1.7452,-1.2709,-0.7913,-1.9427,-1.6169,-0.72893,-0.039588,0.4457,-0.14302,0.45147,0.61448,0.38627,0.85613,0.94212,0.60044,0.19528,0.12076,-0.82629,0.82618,0.18543,-0.45467,-0.91653,-0.32913,-0.35043,-0.5644,-0.79708,-0.89418,-0.42531,0.81114,0.39167,0.49532,0.26162,0.31651,0.49931,0.18962,0.88589,0.87952,1.0461,-0.064883,-0.17123,0.65993,0.90138,0.35855,-0.035042,-0.88054,-0.35498,-1.0469,-0.7535,-1.3728,-1.8434,-2.1305,-1.4585,-1.1786,-1.2355,-1.3951,-0.56278,-1.2247,-0.70919,-0.042838,-0.10883,-0.051106,-0.25002,0.66856,1.2672,-0.07048,-0.21749,-0.081356,-1.0489,-0.65525,-0.71988,-0.48785,-1.2179,-1.1186,-1.1358,-1.013,-1.043,-0.7375,-0.31295,-0.22523,-0.6014,-0.5008,-1.5187,-0.56951,-0.9133,-1.5083,-1.5272,-0.76116,-0.73613,-1.2571,-2.1565,-1.2126,-0.8686,-0.7891,-1.1747,-0.52839,-0.5283,-0.5676,0.090732,0.57599,0.88343,0.74981,1.2154,0.73029,1.2564,0.72353,0.5037,0.44136,0.65599,0.52284,-0.038062,-0.098542,-1.2158,-0.66537,-0.054677,-0.84808,-0.70628,-0.81882,0.45387,-0.46517,-0.88171,-0.29382,-0.081429,-0.4551,-1.045,-0.66383,-1.1138,-1.7764,-2.1197,-1.1653,-2.4358,-2.0224,-1.8143,-1.3064,-1.5632,-1.2189,-1.8645,-1.6678,-1.3574,-1.0358,-0.74789,-1.417,-1.8145,-1.4267,-0.81519,-0.74991,-0.74179,-1.0597,-1.124,-0.92477,-1.2425,-1.5386,-0.97387,-0.29168,0.28598,0.89754,0.11533,0.091907,-0.16215,0.15683,0.28608,-0.3049,-0.88939,-0.46778,-0.97212,-0.98842,-0.63236,-0.70832,0.022696,-0.44225,-0.31644,-0.74229,-0.47181
-0.95782,-1.6267,-1.9701,-1.5908,-1.4668,-0.5099,-2.3823,-1.7866,-1.5231,-1.7006,-1.8206,-1.0192,0.74286,-1.0606,-1.8066,-1.3515,0.63392,-0.45843,-1.7732,-0.9539,-0.3207,-1.489,-1.9321,-1.2987,-0.28188,-1.2086,-1.5439,-1.4926,0.028077,-0.63737,-1.0073,0.47984,0.47712,-1.2405,-1.4849,0.40733,0.046424,-0.87733,-0.47933,-0.41756,0.25373,-0.49246,-0.78735,-0.78383,-0.62553,-1.0201,-1.0078,-1.1217,0.64771,-1.9767,-1.8082,-1.3847,-0.19476,-2.0365,-1.865,0.15983,-0.23504,-0.25918,-1.1774,-1.1114,0.18121,0.075271,-1.7126,-0.89627,0.62319,-0.74334,0.17628,-0.53262,-1.2747,-0.41479,-0.12692,-0.79755,-1.5352,-0.20295,0.19581,-0.62901,-1.5815,-0.37497,-0.30686,-0.8888,-0.78991,-1.8697,-0.86957,-1.0981,-1.0137,-1.0636,-0.60013,-0.59956,-2.4698,-1.3506,-0.66354,-1.2225,-2.6791,-0.89757,0.38747,-0.10291,-0.50688,-1.1795,-0.42648,1.9931,-1.8988,-1.0428,-0.14458,1.5893,0.2239,0.19218,0.62548,1.4646,1.2637,-0.55009,0.025249,0.2432,0.50976,-0.48444,-0.043069,0.38095,-0.056951,0.98912,-0.15944,0.52709,0.33731,1.2328,0.47232,0.45138,-0.13267,0.79088,0.0078436,-0.43301,-0.43994,0.77231,0.82124,-0.24061,-0.58415,0.098699,-0.0074469,-0.41106,-0.16427,-0.083196,-0.32197,-0.5332,-0.58304,-0.54348,0.0072222,-0.942,-0.61099,-0.12728,0.80442,0.035741,0.064085,-0.059045,0.68515,0.69973,0.10597,-0.51802,1.1249,1.2595,0.96341,0.53961,-0.21674,0.43436,1.4625,1.2959,-0.93787,-0.79562,0.96782,0.5055,-1.1696,-1.2465,0.14865,0.90425,-0.12306,-0.76316,0.60535,0.47731,0.010468,-0.28249,-1.0551,0.092432,0.55915,-0.66569,-1.0745,1.2105,1.4949,0.40404,-0.98338,0.55258,1.1231,-0.55127,-0.57167,-0.088715,0.39427,-0.21199,-0.93701,-1.3959,-0.76326,-0.6494,-0.45171,-0.917,-0.28714,-0.14821,-0.4144,-1.1262,-0.22594,0.53931,-0.25662,0.30646,0.057024,0.54014,0.93045,-0.538,-0.97847,0.65329,0.73849,-0.90058,-1.2519,0.33254,0.40854,0.33462,-0.78128,-0.55466,-0.3726,0.49125,-0.84851,-0.69993,-0.98211,-0.83073,-1.1812,-2.4529,-0.98486,0.32839,0.016267,-1.796,-0.88991,0.63019,0.097398,-1.3951,-1.1286,-0.097616,-0.64316,-1.4027,-1.6153,-0.74619,-0.44487,-1.2878,-1.5823,-0.82439,0.14815,-1.1316,-0.71953,-0.88547,-0.067446,-1.6173,-1.2305,-0.29458,-0.33383,-0.80519,0.3977,1.111,0.89066,-1.6106,-0.77373,0.91336,0.62924,-0.20287,0.29522,1.4955,1.7867,0.39726,-0.48431,0.16369,1.0934,0.51632,-0.14602,-1.0855,-0.3507,0.34086,0.69801,0.3998,0.20843,1.5125,1.1648,1.0428,0.55868,0.45711,0.85647,0.35768,0.21681,-0.68475,-0.76373,-0.23896,0.33939,0.27907,-0.6493,-0.76881,0.64611,0.033002,0.57183,-0.2355,-0.86929,-0.45789,0.14997,-0.37267,-0.86869,-0.32595,0.5546,1.5697,0.73062,-0.63018,-0.13275,-0.02353,0.78116,-0.85207,-0.97625,-1.0072,-0.5989,-0.277,-2.0265,0.048315,0.078579,0.38798,-0.45552,-1.4879,-0.45363,1.076,0.017875,-0.5437,-1.0325,1.5285,0.36453,-0.25541,-0.74729,0.2766,0.51873,-0.18135,-0.44361,0.70286,0.10332,0.28718,0.28812,0.86853,-0.33009,-0.50503,0.20851,0.35667,0.47062,0.0068709,0.10729,0.22515,0.67329,0.14683,0.66049,0.90492,1.78,0.47329,0.31732,1.2593,1.9188,0.24738,-0.10134,1.2132,2.4366,0.57922,0.33201,1.7395,2.3192,1.3086,-0.35985,1.39,1.1075,2.0499,0.21815,0.46707,0.61888,1.8388,0.35177,0.45388,1.4298,0.95607,0.60632,-0.95911,-0.14538,0.3516,0.43418,-0.63656,-1.002,0.37699,0.58021,0.77579,0.6156,1.256,0.97737,1.2287,0.31598,-0.19219,-0.77033,-0.0038322,0.34777,-0.70578,-0.2026,1.2738,0.6215,-0.27914,-0.44279,0.65438,0.68936,0.36361,-0.41713,-1.2893,0.56041,0.65652,-0.84065,0.66151,0.80948,0.091192,-0.027606,-0.55422,1.3058,0.62586,0.58538,0.23605,1.7393,1.1198,0.37333,0.09895,0.44672,0.7401,0.19471,-0.34444,0.69677,1.2108,0.99971,-1.2433,0.092926,1.1122,0.87051,0.77106,-0.42233,0.48386,0.60371,1.5882,1.1636,0.99987,0.43512,1.9067,0.4184,0.17049,1.5368,1.4397,2.2242,1.4403,1.0379,2.0467,0.92158,-0.35708,0.89415,1.4526,0.81855,0.42239,0.082856,0.32461,0.87369,0.93319,0.61259,-1.4573,-1.4706,-0.11035,0.19684,0.050074,-1.0009,-0.067148,-0.23735,1.0054,0.93543,0.79337,0.76941,0.69266,0.82193,0.17817,-0.010832,0.65524,1.7704,0.5974,0.037376,-0.26339,0.57081,1.6685,1.0382,0.04548,1.9799,2.4698,1.4948,-1.2927,0.92313,1.7336,1.4611,0.56473,-0.26978,1.0023,0.75125,1.0959,-0.5173,-0.9458,-1.0396,0.55711,-0.077166,0.43195,0.37396,0.29806,0.75651,0.89566,0.48704,0.27222,1.0499,0.44655,-0.082268,-2.2576,-1.1155,-0.25359,0.41335,-0.79121,-0.1979,0.47972,0.66262,-0.047533,0.066304,1.0804,1.0225,0.050602,-0.079862,0.18111,0.14783,-0.28454,-0.6063,-0.38107,0.94842,0.61977,0.029563,-0.98973,1.6057,0.30009,0.49673,-0.27877,-0.041439,-0.0078882,1.3641,0.92838,-0.31804,0.6016,1.0974,1.0082,0.47555,-0.2253,-0.64072,0.3926,1.1472,-0.22211,0.97262,1.4328,1.837,1.14,-1.0875,-0.40695,2.0868,0.60664,-0.75227,-0.15549,0.47474,0.66988,-0.56683,-0.61606,0.74389,0.90529,-0.83127,-2.0454,0.083188,0.47541,-0.11681,-0.27469,-1.0628,-0.016008,0.23382,-0.54299,-1.3261,-0.40451,0.77642,-0.01866,-0.20234,-0.13429,0.52197,0.58448,-0.94475,0.096248,-0.065413,0.53423,0.33714,-0.57341,0.90582,1.6207,0.89566,0.054824,1.3587,1.2368,-0.23186,-0.079848,0.25169,0.21675,0.038091,0.59329,-0.43915,0.63088,-0.2086,-0.71863,-2.026,-0.54692,-1.141,-0.71903,-1.207,1.0341,0.89641,1.1039,-0.6887,-0.75435,-0.46112,-0.087481,-0.79495,-0.065269,0.36228,1.2368,0.82446,0.02336,0.58936,0.81961,1.4566,0.50006,0.3196,1.3301,1.6106,1.853,0.59108,0.48406,0.49978,0.36823,0.72434,0.0099566,-1.2291,-1.0949,-0.19328,0.36124,-0.45989,-0.65404,0.74526,1.5375,0.3034,-0.12288,0.62911,0.63057,0.49622,-0.24126,-1.0432,-0.15322,1.3558,0.80957,0.024176,-0.333,0.95413,1.2345,0.39353,-0.43389,0.20256,0.84535,1.4108,-0.39784,-0.70451,-0.1652,0.90622,-0.59927,-0.063209,1.3165,1.2037,1.0921,0.88138,1.7178,1.7554,1.2026,0.091064,0.70339,0.72947,-0.057428,0.61957,0.17822,-0.68496,-1.0665,-0.17542,-0.48811,-1.5093,-0.22519,-0.46559,0.79679,-0.38751,-0.8309,-0.25655,0.23823,0.7505,-0.49157,-1.4666,0.57195,1.7243,0.43606,1.0651,1.2944,0.57161,0.35441,0.042109,0.51009,1.0042,1.1385,0.17675,0.24614,1.0229,0.82199,0.76109,-0.023467,1.1705,1.6558,0.6547,-0.32327,-0.011286,1.5109,0.97659,-1.3734,-0.30033,0.28238,0.68998,-0.21591,-0.8845,0.53807,0.34386,0.1014,-1.2625,-1.6048,-0.39815,-0.83781,-0.9749,-1.1613,-1.1473,-1.0594,-0.50416,-0.67246,-0.81174,-0.76773,-0.44347,-0.10803,0.14432,-0.67533,1.1114,1.4686,1.1774,0.4611,1.0756,1.9833,1.4986,-0.4287,0.60326,0.83472,2.3057,1.363,0.21487,0.66318,1.7528,0.84932,0.54969,-0.10154,1.0218,0.99354,1.2471,-0.33366,0.27922,-0.0051157,-0.12381,0.79024,-1.3838,-0.75306,-0.6978,0.50796,0.064534,-0.24429,0.41859,0.82209,0.54062,0.74669,1.0472,1.2865,1.4038,0.7547,0.95665,0.79082,0.60087,1.1005,0.36483,-0.47012,0.86902,0.14451,-0.37063,0.52703,0.27528,1.9238,0.87429,-0.57583,0.72343,1.3992,1.2954,-1.014,-0.20948,0.61704,1.0336,0.28019,-0.47851,0.2313,1.5768,1.6628,-0.67875,1.1542,1.1038,1.559,0.81162,-1.1257,0.23341,0.31145,0.25769,-0.53117,-1.0545,-0.92885,-0.039096,-0.17339,-0.35624,-1.0122,-0.32558,0.055035,0.46083,-0.69536,0.107,0.30355,0.23173,-0.43886,-0.4883,0.46307,0.72976,0.71303,0.348,1.5687,0.69715,0.42414,0.1601,0.79258,1.6022,1.0798,-0.70146,-0.66969,0.16545,0.42732,-0.14112,-2.0625,0.44866,0.56813,1.8205,-0.074954,-0.50492,0.33828,0.28049,-1.358,-2.0786,-1.4132,0.55613,-0.80812,-0.22244,0.49679,1.4968,0.77183,0.28873,0.70745,1.8699,0.62216,-0.052341,0.034833,1.1527,0.74367,-0.5511,-0.22074,0.82502,0.99107,0.80831,-0.42097,-0.15851,-0.46639,-0.067716,-0.56944,-1.3108,-3.0636,-0.8498,-0.87526,-2.6939,-1.7834,-0.34083,0.46306,-0.50232,-0.44963,0.71826,1.9527,0.70656,-1.4078,0.30298,1.223,1.4589,-0.48143,-0.12259,-0.18894,-0.13026,-0.39923,-1.1522,-1.0896,-0.96809,-0.29337,0.12094,-1.2804,-0.9283,-0.60534,-0.60543,-1.4043,0.071279,0.60911,0.73232,-0.094897,-1.6717,-0.4063,-0.011894,0.57899,0.71358,0.22413,0.13066,1.1232,0.86052,0.32472,-0.56368,-0.59159,-0.40685,-1.2283,-1.8201,-1.4901,-0.11352,-1.1629,-1.2875,-0.81591,0.36768,0.50511,-0.056356,0.77028,0.96309,1.5835,1.7976,-0.99406,-0.82128,0.72641,0.73067,-0.68901,-0.37847,0.21422,1.1098,0.90947,-0.33566,-0.30372,1.1471,1.0519,-0.074495,-0.87946,0.021273,1.9576,0.70768,-0.41134,0.30499,0.45728,1.1463,-0.39577,-1.6071,-0.24413,0.49806,0.23103,-0.48016,-0.15955,0.36887,1.25,-0.039728,-0.72993,-0.56358,-0.27961,0.47239,-0.6565,-0.31964,-0.032849,0.46639,0.52955,-0.15818,0.55021,1.2089,1.1073,-0.31691,1.2188,1.5028,0.5693,0.51644,0.82877,1.8176,1.524,-0.054287,0.017114,0.1379,-0.38469,-0.1215,-0.21596,-1.2443,-1.389,-0.34176,0.46368,-1.5131,-1.6819,-0.40908,-0.0045506,0.089639,-1.5746,-0.62435,-0.081193,0.30949,-0.50134,-0.43803,1.4184,1.5671,0.90256,0.41991,0.64834,0.22892,0.36928,1.9142,1.1632,-0.23524,0.41563,0.71925,-0.034932,-0.74401,-1.1654,-0.58031,0.45429,-1.022,-0.66949,0.35291,0.17005,-0.06239,-0.6089,0.83603,0.77658,0.13653,-0.32436,0.75497,1.785,1.293,-0.64419,-0.84511,1.0862,-0.13414,-1.0728,-0.92574,-1.5378,-1.7462,-1.3221,-0.15876,-1.4695,-1.5911,-1.1537,-0.46414,-0.20911,-1.0496,-0.4733,0.43316,-0.1539,-0.61677,-0.096707,0.58474,0.48451,0.4534,-0.90856,-1.8596,-0.7286,0.4602,0.4967,-2.1649,-1.5766,0.46735,-0.35864,-0.82028,-1.3473,-1.0316,-0.1563,-0.26196,-1.2857,-1.7283,-0.68193,0.47478,-0.11619,-0.3886,-0.63671,0.73364,-0.4169,0.23464,-0.65745,-1.1068,-1.6466,-0.34479,-0.29401,-1.2165,-1.8036,-0.91384,-0.62621,-0.49417,-0.92568,-1.7284,0.0060213,0.68268,0.47171,-0.19957,0.14632,0.32526,0.063331,0.14836,-0.7712,-0.92649,-1.013,-0.30311,-0.95073,-1.5806,-0.82777,-0.38067,0.15438,-0.8487,-1.3488,-1.2099,0.090681,-0.050645,-1.324,-1.1073,-0.62081,-0.58813,-0.21492,-0.38908,-0.9889,-1.0619,-0.13005,0.016582,-0.1633,-0.78438,-0.97575,-0.64869,-0.54837,-0.59764,-1.0898,-1.1157,-0.6585,-0.04187,-0.87267,-0.11823,-1.3229,-0.37044,-0.15612,-0.36658,-0.65855,-0.94493,-0.23979,0.46533,0.94202,1.0462,-0.47889,0.00075809,0.66989,0.94749,0.39189,-1.3013,-0.17675,-0.19453,0.13108,-0.10877,-0.4104,-1.2245,-1.2298,-0.89879,-0.6905,-1.174,-0.86277,-0.89911
-1.0018,-0.64221,-0.16017,-0.58761,-0.71091,-0.40571,-0.14242,0.086459,-0.50165,-0.147,-0.35804,-0.92608,-0.78807,-0.69407,0.0014546,-0.68563,-0.74613,-0.41758,-0.11776,-0.84318,-1.5123,-1.2523,0.019064,-1.0781,-0.33357,-0.49073,0.29663,0.96033,0.10439,0.56254,1.0075,0.31349,-0.23481,-0.82821,-0.39395,-0.61922,0.016529,-0.45462,-0.57967,-0.57936,-1.1006,-1.2136,-1.3404,-1.5122,-1.5612,-1.7017,-2.0861,-1.6966,-1.3811,-1.8686,-0.62415,-1.4696,-1.9009,-1.5887,-1.0764,-2.069,-1.5123,-1.3514,-1.7295,-1.6904,-0.97077,-1.0733,-0.089712,-0.50032,-0.71634,0.2109,-0.31426,-0.93766,-0.57132,-1.1602,-1.1306,-0.66502,-0.69994,-0.76868,-0.59854,0.22761,0.67685,0.70567,0.98851,0.31753,0.71476,0.15268,-0.62847,0.019104,-0.29756,-0.5872,-0.47576,-0.72183,0.014097,-0.57232,-1.1,-0.78315,-0.53168,-1.1312,-1.4165,-1.1887,-0.088732,-0.2681,-0.91857,-0.73249,-0.15366,0.21288,-0.31279,-0.066368,-0.0026067,-0.18925,-0.36778,0.026004,-0.89971,-0.47151,-0.36994,-0.82414,-1.1773,-0.06104,0.063523,0.58656,1.104,1.415,1.5777,1.8855,1.326,1.6142,0.567,0.75893,-0.0096521,-0.20847,-0.1784,0.14022,-0.40304,0.14248,0.38007,0.013036,0.28279,0.3288,0.67278,0.41091,-0.096982,-0.13136,-0.91006,-1.1413,-1.1242,-1.5375,-1.3562,-1.2093,-1.1227,-0.66843,-0.61124,-0.46326,-0.25275,-0.36332,-0.65315,-0.5286,-0.731,-0.099267,0.32137,0.53603,0.42635,0.75053,0.9271,0.87785,-0.15423,-0.28532,0.46364,-0.097132,0.78199,-0.57444,0.25066,1.0899,1.4791,1.4532,0.72943,1.7515,1.3351,1.6862,1.9865,2.0098,1.4824,2.034,1.5427,2.4936,2.1803,1.7925,0.68245,1.4644,0.8334,-0.60628,-0.49626,0.089952,0.04072,-0.23767,-0.49251,-1.0898,-0.69853,-0.61309,-1.1798,-1.2043,0.063024,-0.47234,-0.072212,0.13076,0.52841,0.34858,1.1071,0.58315,1.283,0.84248,0.51991,0.66752,0.9774,0.5181,1.1432,0.75132,0.75126,1.0902,1.0926,1.6437,1.4198,2.0805,2.6276,1.9329,1.235,1.2821,1.0424,-0.075246,-0.82714,-1.02,-0.46869,-0.88397,-1.3109,-1.1374,-0.65059,-1.008,-1.1951,-1.2486,-1.0027,-0.32232,-1.3549,-1.4022,-1.0866,-1.4867,-1.5216,-2.1511,-1.5595,-1.1528,-1.5589,-1.9486,-0.77744,-0.71089,-0.74393,-1.0294,-1.2891,-0.69129,-0.057652,-1.0737,0.61788,1.6071,0.37484,0.33282,0.24425,0.57353,-0.38663,-0.43603,-0.34235,-0.27701,-0.19875,-0.71985,-0.62785,0.4582,0.72459,0.84348,0.72908,1.152,1.1764,1.9757,1.5879,2.0592,2.4165,2.8692,2.5373,2.437,2.5224,2.3938,2.7296,2.1955,1.2696,1.0429,0.9808,1.0289,1.2335,1.1563,1.293,1.2522,2.0356,1.716,0.32939,0.73877,0.031678,0.071959,-0.032211,-0.23082,-0.17514,-0.10675,-0.37404,-0.33021,-0.90205,-1.0097,-1.6982,-1.2695,-1.7087,-2.0728,-2.2905,-1.367,-1.507,-0.5452,-0.8007,0.54185,0.95799,0.23355,0.23075,0.2721,0.13617,0.59633,-0.74404,-0.16171,0.013946,-0.075571,-0.0010925,-0.18297,0.9277,0.1362,0.97951,1.0708,0.4134,1.0935,1.1073,1.0481,0.97371,0.14963,0.064145,-0.98263,-0.73924,-1.0994,-1.1308,-1.6353,-1.1661,-0.94517,-1.5788,-1.2379,-0.75094,-0.14261,0.82917,0.68974,0.49944,1.0334,0.78277,-0.36416,-0.86355,-0.44115,-0.81389,-2.1318,-1.3532,-0.66422,-0.19904,-0.69675,-0.92071,-0.77551,-0.50243,-0.57466,-1.1445,-0.62166,-0.040621,1.7462,0.5602,1.5676,2.417,2.7471,0.97675,0.81538,0.9097,0.2928,-1.4378,-1.4085,-2.096,-1.8937,-1.3605,-1.3569,0.23754,0.068528,0.86883,0.46146,0.99545,1.3816,1.0351,2.4384,1.9533,1.9859,2.2507,2.5591,1.9301,1.8307,1.3892,0.90033,0.52277,-1.2425,-1.1023,-1.6735,-1.662,-1.236,-0.96122,-1.0972,0.062374,-0.57857,-0.87736,-1.8068,-1.2061,-1.5416,-1.0184,-0.56838,-0.87647,-0.39582,-0.80534,-0.9285,-1.1675,-1.6286,-1.4936,-1.5189,-1.3847,-1.2198,-1.9194,-1.259,-1.1098,-0.43628,-0.33918,-0.76581,0.40537,0.90807,0.8061,1.5251,1.3882,1.6441,2.2428,2.9229,1.6335,1.5504,1.5857,0.68674,0.6064,0.34274,0.45847,-0.12244,0.1041,-1.2854,-0.74886,-1.4031,-0.62147,-1.251,-0.70535,0.22904,-0.4796,-0.37742,-0.01345,0.12474,0.27451,-0.0045251,1.236,1.1016,0.13972,0.63651,0.71771,0.4152,0.18162,0.032194,-0.41978,-1.6622,-1.7984,-1.6324,-2.1534,-1.3081,-0.91201,-0.67609,-0.86032,0.64883,1.8317,1.0687,1.9526,1.4362,1.7178,2.5065,0.92399,0.98744,0.35826,0.11298,-0.27222,-0.41838,-0.41324,-0.25569,0.3568,-0.14406,0.31424,0.87,0.22221,1.3181,1.3772,0.98463,1.5028,1.3971,1.8439,1.317,1.8016,1.3019,0.64476,0.47781,0.034322,-0.55907,0.021875,0.44242,0.13285,1.4667,1.3295,0.80821,1.17,0.70812,0.49904,-0.19618,-0.30052,-1.2151,-0.88758,-1.431,-1.4111,-2.3708,-1.4974,-2.5578,-2.1877,-3.3205,-2.5123,-2.8285,-1.1844,-0.53794,-0.29925,0.17151,0.76191,1.2006,0.90295,1.5989,1.3606,2.1248,0.7305,0.19051,-0.39459,-0.49723,-1.0751,-0.58196,-0.61683,-0.06328,-0.27334,-0.1284,0.15492,0.091428,0.37155,-0.083973,0.91202,-0.049033,0.94267,0.59478,0.21272,-0.58412,-0.9944,-1.6808,-1.1312,-1.5457,-1.2211,-1.4217,-0.20451,-0.45456,-0.20591,-0.26233,-0.59671,0.60243,0.89434,0.33545,0.79711,0.87394,2.076,1.0717,1.7818,1.6793,2.21,2.4908,2.0586,2.0219,2.544,2.2273,1.5482,1.4689,1.1658,0.12055,-0.84046,-0.85494,-1.5829,-2.1665,-2.0144,-2.3656,-2.0077,-2.0442,-1.6632,-1.7254,-1.4703,-1.3287,-1.9775,-2.0134,-1.8816,-1.5576,-0.91717,-0.799,0.41513,0.10347,1.4264,0.62738,1.2072,1.8283,2.7093,1.968,1.4926,1.7865,0.60831,0.88382,-0.38642,-0.83848,-1.0365,-0.93123,-1.052,-1.8148,-1.1152,-1.2246,0.014751,-0.61167,-0.64259,-0.69859,-0.51421,-1.1098,-0.071053,-0.75121,-0.34724,0.15342,1.2285,0.19224,1.2016,1.0133,1.7891,2.1154,0.98333,0.88241,0.7349,0.82917,-0.21504,-0.58625,-0.20096,0.40484,0.26512,0.038105,0.58767,1.3467,1.2522,1.4507,1.035,0.90472,1.7354,1.6915,1.8867,1.7735,0.98476,1.4588,2.3059,1.1579,1.7409,1.6887,1.0458,1.1425,0.49471,0.74809,0.40065,-0.010451,0.1481,0.15965,-0.042533,-0.74207,-1.2098,-1.2265,-1.8715,-1.3967,-0.5622,0.14572,0.35851,0.19683,1.1749,1.6392,1.4483,1.2916,0.72626,1.2067,0.29996,0.10087,-1.0438,-1.175,-1.1742,-1.3979,-1.0949,-1.1711,-0.82423,-1.2531,-1.3924,-1.5122,-1.0201,-0.98347,-0.75232,-0.084796,-0.019477,0.97552,0.91047,1.1079,1.0742,0.92828,0.70381,0.50357,-0.20649,0.28236,-0.50956,-1.248,-1.2887,-0.80095,-1.4509,-1.564,-1.4549,-0.88691,-0.57502,-1.0796,-0.55125,-0.29364,0.99526,0.6552,0.24376,0.64815,0.74791,0.81032,1.4142,1.2783,1.8576,1.859,2.3807,1.9557,2.2692,1.988,2.1173,1.3237,0.50333,-0.10678,-0.98112,-0.67723,-1.4975,-0.94669,-1.0825,-0.37049,-0.2463,-0.76832,-1.056,-1.1013,-1.0885,-0.92897,-0.31681,-0.96354,-1.1234,-1.5796,-1.3485,-0.77251,-1.1164,-0.50282,-0.39269,-0.066392,-0.032473,0.75377,1.3438,1.0917,1.7991,1.698,2.3597,2.3471,1.8499,2.6927,1.7313,1.7023,0.94914,0.17201,-0.43228,-0.69617,-1.1707,-1.1223,-1.3233,-0.80431,-0.021381,0.6532,0.1632,-0.70656,0.58387,1.092,0.60454,1.2229,2.1558,2.8157,2.6354,2.799,1.9895,1.5268,0.20777,-0.55932,-1.3161,-1.2198,-2.026,-1.8941,-2.4728,-2.2743,-2.2729,-1.6865,-3.0748,-2.7466,-2.0266,-2.513,-2.7449,-1.8559,-1.4707,-1.3575,-0.60418,-0.13128,-0.10665,0.41357,0.60366,1.0146,1.4521,1.3837,1.5047,1.9196,2.2187,1.6094,1.8998,1.9716,2.0647,1.355,1.0185,1.3362,-0.22596,-1.3317,-0.85804,-1.1345,-0.89292,-1.6933,-1.387,-1.5058,-0.89239,-0.85413,-2.022,-1.5904,-1.6167,-0.056209,0.2043,0.71682,-0.1522,-0.060576,0.38414,-0.68513,-1.1229,-0.29651,0.59491,0.057243,-0.34952,0.94343,1.1836,0.20281,0.73368,-0.048978,-0.54161,-1.8749,-1.1686,-1.1439,-1.3236,-1.8525,-1.2817,-1.9814,-1.2435,-1.8805,-1.7889,-1.098,-1.2085,0.085718,-0.56927,-1.2354,-0.75087,-0.53056,0.099648,-0.3359,-0.2318,0.61163,1.1211,1.1484,1.0786,1.1438,1.9617,2.3953,1.4849,1.3084,1.6292,1.9748,2.1497,1.8262,1.7265,2.2885,2.0595,2.2233,1.636,1.3869,1.3892,2.0366,1.2922,1.6608,1.7034,1.6373,0.54257,-0.34905,-1.0022,-1.4292,-2.2345,-2.0707,-2.3202,-2.2944,-1.6222,-2.0235,-2.6039,-2.5766,-1.7499,-1.6804,-1.4844,-1.8854,-1.389,-0.55647,-0.85392,-1.0639,-0.3402,-0.2879,0.94538,-0.18014,0.69882,1.2305,1.4592,0.97354,0.39679,0.20573,0.17158,-0.4515,-0.58251,-1.1357,-0.8239,-0.5006,-0.2481,-0.51137,-0.50631,1.0038,1.5444,0.82776,0.50929,1.376,2.001,1.0554,1.2244,1.1809,1.5972,1.4519,1.3295,1.1369,0.97377,0.76179,-1.0067,-1.3472,-1.7289,-1.0334,-0.94839,-1.52,-1.0729,-0.41679,0.37385,0.65164,0.71777,1.1916,1.0496,2.1845,1.602,1.4445,1.4022,1.6112,1.9228,1.9274,0.94051,0.88688,0.18857,-1.1846,-1.7191,-2.8222,-2.4909,-2.8527,-2.4849,-2.5716,-2.0534,-2.6624,-2.2912,-2.2125,-1.6886,-2.4285,-2.5414,-1.8807,-2.1076,-1.0832,-0.95027,-0.47608,-0.61042,-0.3102,0.12904,1.1981,1.4386,0.59941,1.7443,1.3562,1.009,0.46008,-0.032507,-0.48469,-0.94885,-1.2907,-0.87999,-0.50889,-0.85596,-0.28263,-0.26519,-0.56647,-0.16148,-0.24323,1.2864,0.26043,-1.1837,0.013463,0.10117,-0.088096,-0.79493,-0.59664,0.32247,-0.032974,-0.02106,0.089818,0.35126,-0.24176,-0.55473,-0.58689,-0.6777,-0.73587,-0.84492,-0.84585,0.10002,0.19999,-0.28611,-0.53387,-0.063909,-0.50653,-0.29544,0.039088,-0.050735,-0.1865,0.30169,0.81832,0.96189,1.2688,1.2574,1.2807,1.5003,1.6588,1.5146,1.2327,0.88856,0.40954,-0.41673,-0.70878,-1.0037,-0.22516,-0.65405,-1.2805,-1.5468,-0.60109,0.14639,-0.31134,-0.79226,-0.79006,-0.016392,0.46421,0.44835,1.0071,0.20992,1.6744,1.491,1.3814,1.1527,1.5822,2.0818,1.9335,1.6314,0.65898,1.089,0.88389,1.2292,1.3575,0.73142,0.10596,0.18574,-0.26802,-0.89155,-1.3025,-2.3347,-1.6584,-1.5798,-1.8375,-2.211,-1.7213,-1.2411,-1.6262,-1.8964,-2.1276,-1.9954,-1.6027,-1.7261,-2.039,-1.7218,-1.1397,-0.72511,-1.1183,-0.79731,-0.50582,0.88855,1.0259,0.43159,0.87235,1.1887,1.9013,1.1714,1.5095,1.4826,1.6542,1.7683,1.8083,1.4099,0.95952,0.55572,0.94348,1.1776,0.64735,0.20683,0.19365,0.66567,0.77584,0.48186,0.72879,0.40506,0.10829,0.76658,0.57956,0.70516,0.50122,0.74726,0.57833,0.96793,0.74526,0.82733,0.83336,0.95542,0.87165,0.1862,-0.93025,-1.1465,-1.0069,-0.61562,-0.92224,-1.1214,-1.2579,-1.3936,-1.2507,-1.5396,-1.7285,-2.3349,-1.8262,-1.0089,-1.171,-1.4209
0.12326,-0.12927,-0.80176,-0.38885,-0.15847,0.089992,-0.98818,-1.0534,0.1165,-0.65459,-1.0212,-0.45718,0.4353,-0.19643,-0.16204,-0.01838,0.42475,0.40353,-0.42941,-0.80637,-0.77096,-0.97651,-1.7109,-0.77815,-0.5204,-0.52614,-0.1914,-0.17089,0.55193,0.072467,0.10861,0.26016,0.75126,0.083501,0.019302,-0.030104,-0.43754,-0.99685,-0.93873,-0.36736,-0.51078,0.14598,-0.35377,1.1696,0.93785,0.98868,0.11414,1.3788,0.88095,0.20539,0.63137,1.11,1.0803,0.31907,0.13271,0.30635,1.2068,0.52353,-0.28155,-0.11986,1.161,1.4896,1.3687,1.1534,1.9074,1.8481,1.885,1.2119,1.0874,1.1618,0.61518,0.1038,-0.81131,0.29967,-0.575,-0.7273,-1.0409,-0.90136,-0.89313,-1.6688,-1.0112,-0.47904,-0.20527,-1.033,-0.83995,-0.42636,0.31506,-0.57406,-0.12687,-0.4659,0.23744,-0.16301,-1.5067,-0.42052,0.82029,0.52567,0.038619,-0.043636,1.3328,1.0947,0.85245,0.21403,0.52391,-0.41554,-0.3683,-0.62485,-0.73357,-0.15326,-0.30859,-1.2289,-1.185,-0.49038,-0.79241,-0.74635,-1.4471,-0.76446,-0.25857,0.38205,-0.77975,0.12454,0.3507,0.42409,0.66766,0.26441,0.26666,0.26649,-0.51186,-0.18134,-0.16214,0.27626,0.44342,-0.31159,0.36575,1.2544,0.55264,0.25601,0.83732,1.0266,0.079715,-1.311,-1.6563,-0.89779,-0.94667,-1.2763,-0.77376,-0.44697,-0.85004,-0.98835,-0.92885,-0.78418,-0.82436,-0.49601,-0.53243,0.060203,-0.1854,-0.3969,-1.1033,-1.731,-1.5217,-1.1551,-0.96601,-0.83394,-0.8073,-0.89423,0.92942,0.88127,0.35,0.33541,1.6034,1.5604,0.98585,0.68485,1.324,1.0346,1.4273,-0.16511,-0.37511,-0.56668,-0.431,-0.80658,-0.21271,0.44625,1.5539,0.77467,-0.51549,0.211,0.13245,-0.8491,-0.95483,-0.67704,-0.9591,-0.80109,-0.88564,-0.75832,-0.74566,-0.61714,-0.18715,-0.26672,-0.167,0.59472,1.1684,0.98624,0.60845,0.59444,0.30429,-0.28706,-0.35772,-0.45454,0.14984,-0.76733,-0.55486,-1.3445,-0.29446,-1.0879,-1.1729,-1.0373,-0.14896,-0.085603,-0.30274,-0.089534,0.99928,0.772,-0.12896,0.15677,2.119,2.0264,0.67596,-0.085723,0.81109,1.363,0.84201,1.0416,1.6028,1.2468,1.0095,0.20802,0.043541,0.29436,1.0918,-0.32204,-0.2671,0.69056,0.63318,0.74225,0.55141,1.3278,1.1997,-0.4073,-0.30308,-0.14107,-0.12724,-0.98655,-0.66709,-0.14588,-0.25915,-0.62821,-0.10365,0.45211,0.71804,0.077912,0.26341,0.98841,1.2344,0.94567,-0.56717,-0.35814,-0.1645,-1.5345,-1.8441,-1.9279,-1.3588,-0.98919,-1.9448,-2.0814,-0.98716,-0.72496,-0.9393,-1.047,-0.79098,-0.49738,-0.44655,-1.276,-1.0369,-1.2487,-0.80445,-1.0797,-1.2185,-1.2337,-1.2628,-0.44141,0.62683,0.8069,-0.021787,0.29767,0.81731,0.037325,-0.64468,-1.2552,-1.4004,-1.2905,-0.87765,-0.30294,-0.27843,0.14288,0.25154,0.23908,-0.088751,-0.66491,-0.71393,-1.5452,-1.7287,-2.0788,-1.9733,-1.9821,-0.1548,1.0736,0.052051,0.80945,1.9187,2.4942,2.0494,1.7664,2.7699,2.4141,1.8483,0.83863,0.77973,0.8654,0.28496,-0.70823,-0.65033,-0.6239,-0.72108,-0.42644,-0.18786,0.96488,1.121,1.1865,1.3717,2.1532,1.8849,1.0269,1.3986,1.9832,2.4442,1.8561,2.5874,2.3145,2.5463,1.8667,2.2464,1.3684,1.8052,0.90895,1.1062,1.23,0.4054,-1.435,-1.3545,-1.0406,-0.68792,-1.1074,-0.40718,0.39717,0.75137,0.5287,-0.40781,-0.7974,-0.45216,-0.95651,-2.725,-2.2325,-1.5006,-1.1266,-1.1987,-0.43644,0.50701,0.81853,1.0527,0.59694,1.0376,1.3959,0.83564,0.13413,-0.051803,0.21942,0.27769,-0.19832,-0.074863,-0.34753,-0.44537,-1.0149,-0.49905,-1.6263,-1.7711,-0.8416,-0.3227,-0.61801,0.50282,0.62999,1.0476,0.50175,0.2315,0.098351,0.49326,-0.078863,-0.10896,-0.00043493,0.3444,0.38669,0.54716,1.7533,0.99277,0.65876,-0.27883,0.15748,0.26915,1.1895,1.0791,1.3873,1.7932,1.3766,1.4566,1.4758,1.7998,2.1842,0.78956,0.17173,-0.16841,-0.3357,-1.7111,-2.4749,-2.8715,-1.6435,-1.2852,-1.0173,-0.6334,-0.39318,0.37929,0.45892,-0.80269,-0.68484,-0.70585,0.2811,-0.11353,-0.18735,1.5658,1.7982,1.949,1.1823,1.0411,1.5725,0.86508,0.37079,0.21824,1.0055,1.5022,1.2768,1.373,1.3249,1.2109,1.0659,0.086359,-0.67824,-0.78552,-0.38296,0.042741,0.09533,-0.0083867,0.96273,1.5385,1.8145,1.9735,1.3061,0.7721,0.54934,-0.19278,-0.76042,-0.894,-1.0105,-0.91863,-2.1174,-2.1707,-2.0714,-1.2239,-0.74283,-1.1577,-1.1587,0.098268,1.0805,-0.4406,-0.61747,-0.031778,0.10453,-0.46461,-0.96584,-0.95021,-0.94532,-0.79227,-0.97065,-0.49774,-0.96516,-0.80402,-0.096245,-0.54339,-0.27847,-1.0088,-0.40248,0.22669,0.7283,0.35588,0.65287,1.0447,0.83926,0.025034,0.15024,0.34193,-0.17085,0.41074,-0.3492,-0.34809,0.25868,0.026939,-0.4919,-0.17018,0.32943,-0.53509,-1.3089,-0.41963,1.1387,0.88325,0.45314,0.52636,1.3346,1.3055,1.1575,1.1439,0.18074,-0.067777,-0.42714,-0.24717,-1.2635,-0.85083,-0.085214,0.47552,0.56931,1.2424,1.6764,1.1376,1.625,1.1575,0.65723,-0.14332,0.19868,-0.76829,-1.1062,-0.48549,-0.38319,-0.62936,-0.82224,-2.012,-1.6514,-1.2642,-0.61164,-1.5433,-1.3386,0.28359,-0.072252,-0.006165,-0.01781,0.062297,0.031488,-0.57018,-0.55237,-0.38693,-0.43907,-0.11661,-0.79437,-0.61062,-0.051608,-0.043212,-0.71845,-1.3714,-0.70718,-1.1808,-0.8148,-0.97854,-1.5377,-1.2861,-1.2674,-1.659,-1.3984,-0.9341,-0.31729,0.23002,0.29557,1.4873,1.9644,1.9814,1.9069,1.865,1.3485,0.56879,0.878,1.1634,1.2663,1.2415,0.79419,0.73635,0.26858,0.25533,-0.56963,-0.75572,-1.0541,-1.5031,-1.2663,-1.1839,-0.54781,-1.062,-1.2805,-1.8921,-2.0961,-1.1921,-1.5999,-0.99397,-0.61784,-0.01186,0.43895,0.94933,0.059877,-0.032915,0.41368,0.18118,0.2788,0.084839,0.81426,0.79844,0.36195,0.16983,-0.19874,0.00062272,-0.4313,-0.4502,-1.0012,-1.6457,-1.3163,-0.48791,-0.34192,-0.16413,-0.2531,0.54816,0.61331,0.16952,-0.41714,-0.87124,-1.0623,-1.0541,-1.7038,-1.1763,-0.78623,-0.94233,-0.5905,-0.53519,-0.060544,0.65548,1.36,1.0247,1.0956,1.673,1.4712,0.91162,-0.19869,-0.29059,0.73235,1.7752,0.75905,1.599,1.2917,1.8669,1.3311,1.0006,0.50801,0.35227,-0.1665,-0.67528,-0.3108,0.23478,0.2303,0.5193,0.37883,-0.22346,-0.63484,-0.91905,-0.77529,-1.2384,-1.1267,-0.92024,-0.12538,-0.38715,0.10215,0.20664,1.1998,1.4945,0.74144,0.61146,0.78815,0.76233,-0.26723,0.021003,0.022783,0.30038,0.66899,0.52323,0.55849,0.87012,1.1131,0.65784,1.3599,1.5555,2.0947,1.6224,1.177,2.0835,1.4004,1.4057,1.1183,0.91556,1.8866,0.85583,0.66014,0.21821,0.73648,0.87411,0.16811,-0.045627,0.73215,-0.6997,-0.4237,-0.60744,-0.70566,-0.86173,-1.1878,-1.2962,-1.6416,-2.0212,-2.1519,-2.2954,-2.9291,-2.8596,-2.9672,-2.8562,-2.578,-2.168,-1.9266,-1.0013,-0.19849,-0.10633,-0.11481,-0.030809,0.60583,0.77,0.48309,0.35569,1.2004,1.1206,1.4634,0.92654,1.4041,1.5225,1.3666,1.484,1.8869,1.7285,1.4176,1.397,1.0867,0.68009,0.50719,0.44545,0.47902,-0.53356,0.36676,0.087753,0.74686,0.66445,0.44536,0.97748,0.89259,0.0014784,0.80514,0.99862,0.77872,0.8814,0.64981,0.82515,-0.082191,-0.31843,-0.2823,-0.605,-1.0339,-1.3697,-0.94173,-1.7673,-0.69279,-0.95912,-0.87471,-0.58482,-1.4535,-1.1223,-1.3357,-2.135,-2.0824,-2.3872,-0.79863,-0.67845,-0.75235,0.17632,0.66782,1.4546,1.359,1.2714,1.0133,1.0748,0.66843,0.041136,-0.10877,0.35446,0.10313,0.19315,0.17722,0.22142,0.80867,0.24255,0.39534,0.63001,0.019735,0.052535,0.3812,-0.078081,-0.086582,-0.18777,-0.10515,-0.091214,-0.23737,-0.11418,0.5397,0.98859,0.82769,0.55443,1.2546,0.94735,0.52374,0.30207,0.87903,0.51917,0.2449,-0.33748,-0.41874,0.13951,-0.5317,-1.5604,-2.844,-3.0517,-2.3504,-2.2107,-2.0922,-2.1828,-2.2938,-2.4958,-3.0695,-2.6529,-1.3666,-0.36731,-0.89194,-0.28179,0.35192,0.90688,1.5871,1.3965,1.5334,1.4697,1.2052,0.79532,1.0157,0.97498,0.85782,0.8838,1.7361,1.9012,1.5524,1.8259,1.2651,1.8892,1.4472,1.1389,0.81729,0.99591,-0.6126,0.47398,0.90688,0.29303,0.35865,1.151,1.4207,0.78745,0.51252,0.41673,0.34456,0.26237,-0.76251,-0.1491,0.29174,-0.67865,0.7421,0.3416,1.1039,0.61635,-0.043359,-0.1607,-0.5399,-0.16855,0.74784,0.20443,0.3203,0.45105,1.3121,1.0988,1.0477,1.3936,1.837,1.5511,0.65874,0.43446,0.51951,1.0029,1.0031,0.93938,0.50949,0.49219,-0.1397,-0.07518,0.11018,-0.68439,-0.9557,-1.4549,-1.5417,-1.2803,-0.29608,1.4785,1.8748,1.1324,1.3284,1.8101,1.2548,1.046,0.45477,0.63677,0.67993,0.5516,-0.21727,0.029247,0.75572,0.90654,0.43656,0.88123,0.45634,1.1363,0.7501,0.70903,1.2227,1.2947,0.90988,-0.057162,0.031624,0.23977,2.2542,1.9625,1.5282,1.5892,1.31,1.538,0.50365,-0.02641,-0.56215,-1.0947,-1.5204,-2.2996,-2.5446,-2.4647,-2.8398,-2.727,-1.9437,-1.8819,-1.821,-1.5209,-1.5253,-1.3574,-1.1986,-0.41901,-0.11519,-0.21552,0.35109,1.1725,0.94477,0.66795,0.67628,0.94026,0.77937,0.72871,0.29811,0.41769,0.12794,0.547,0.24005,0.032264,0.10366,0.4301,-0.055317,0.085845,0.03247,-0.033571,-0.096536,-0.83593,-0.60822,-1.4274,-0.059431,-0.2386,-0.3591,0.3616,1.53,1.2189,1.0632,0.91244,0.91366,0.86083,1.0657,0.60522,-0.037323,0.58171,0.13297,0.75573,0.10408,0.0033294,0.21877,-0.04411,0.011442,-0.10465,0.85093,1.7495,1.6163,0.77154,0.8897,0.70325,0.55567,-0.24342,0.11383,0.029479,0.30564,0.52122,0.59499,0.96459,1.1622,0.80218,0.70123,0.31858,-0.41119,-1.2421,-1.6569,-0.73315,-1.5754,-1.8097,-1.5211,-0.988,-0.57073,-0.80894,-0.81313,-0.43004,-0.63939,-0.77546,-0.60837,-0.16839,-0.33243,0.28307,0.37383,0.55172,0.075613,-0.16696,-0.67108,-0.854,-0.71047,-0.11201,-0.21871,-0.23072,0.020823,0.41354,0.23403,0.59442,0.043907,0.66451,1.299,1.4405,1.2951,1.0815,1.3288,1.3744,0.78921,0.80437,1.1957,0.72093,0.97216,0.44222,0.55375,0.17398,0.4152,0.84885,1.2465,0.69809,0.68208,0.88944,1.5261,1.3512,0.016624,-0.31942,-0.11328,-0.24452,-0.55187,-0.77569,-1.0395,-1.176,-1.4809,-1.663,-2.0273,-1.883,-1.5438,-1.4791,-1.7672,-0.93179,-0.52841,-0.46056,-1.2191,-1.252,-1.1943,-1.3754,-1.8013,-1.973,-1.3153,-1.1822,-0.90686,-1.1391,-0.97844,-0.41215,-0.58692,-0.49892,-0.17462,0.22089,0.37027,0.20064,0.31644,0.98725,0.68309,0.64542,0.44811,0.57757,0.85054,0.70326,0.54043,0.68756,0.66321,0.80845,0.38298,0.58934,0.43816,-0.16279,0.40048,-0.71968,-0.45759,-0.98228,-1.2536,-1.4644,-1.7195,-1.5149,-1.6083,-1.481,-0.78775,-0.77835,-0.37649,-1.1578,-0.96719,-1.2463,-1.2418,-1.4932,-1.5625,-1.9286,-1.5735,-2.0125
-0.15996,-0.13517,-0.50617,0.22613,-0.70547,-1.2769,-0.37769,-0.2845,-0.94463,0.07504,-0.33569,-0.52087,-0.16006,-0.22769,-0.18389,-0.56064,-0.65272,-0.84826,-0.21012,1.0116,0.038926,-0.0018394,-0.22593,-0.12833,-0.38668,-0.29207,-0.71144,-1.1913,0.26898,-0.54298,-0.83329,-0.32078,-0.72683,-0.32015,-0.56793,-0.14308,0.46976,0.60753,-0.74445,-0.19986,0.52949,-0.32086,0.38367,0.50452,1.2881,0.59914,0.098113,0.58054,1.7313,1.5976,0.24466,0.27546,0.034677,-0.14014,0.89252,0.74111,0.52489,0.77508,-0.45117,0.38655,0.57298,0.34019,-0.075146,0.38209,0.044088,0.48127,0.75767,0.050689,-0.51233,0.40912,0.15449,-0.29353,-0.24439,0.29193,0.46674,-0.44591,-0.53097,-0.74673,-0.27698,-0.16254,-0.078829,0.20278,-0.72492,-0.026952,0.15585,0.10299,-0.71527,-0.30684,-0.59406,0.13609,0.61045,1.0296,-0.26986,1.1157,0.073755,0.34867,0.21641,0.063818,-0.64379,0.98514,0.084115,0.73008,0.2633,-0.40131,-0.17928,0.36701,0.19146,0.72605,0.97833,0.61137,0.52873,0.68189,0.65561,0.70383,0.83239,0.69688,0.74358,0.71325,0.9844,0.54361,0.61747,0.57344,0.76562,0.90254,0.38447,0.74356,1.7905,1.3478,1.1509,1.2736,0.42601,1.4557,0.72387,1.1019,0.043254,1.0639,0.69595,0.56217,-0.099323,0.56544,-0.29863,0.29377,0.84678,0.9181,0.43118,-0.34889,0.62867,1.1065,0.17802,0.33701,0.14912,0.64605,-0.10622,0.025701,0.90365,0.38855,0.0753,-0.026425,0.648,0.45608,0.51116,0.5335,0.53524,1.4094,0.6911,0.50683,1.2523,0.52817,-0.67406,1.8726,1.1978,0.49425,1.1785,0.64057,1.0356,0.22279,1.5195,0.5937,0.91291,0.54636,-0.44808,-0.32122,-0.84741,-0.96136,0.11803,-0.22798,0.13415,0.31261,-0.49116,0.12594,-0.11664,-0.020868,0.015778,0.048411,0.58879,-0.53834,-1.3176,0.0032422,-0.67905,0.77684,0.14292,0.96605,-0.23194,0.9719,0.67316,0.18364,1.2826,0.2791,0.42163,0.78584,0.88128,0.28455,0.20111,0.95402,0.41736,0.30066,0.71962,-0.054779,-0.19201,0.39065,0.40388,0.48276,0.37693,0.34209,-0.37676,1.3553,1.4427,0.54277,0.046428,1.4805,0.41548,0.57952,-0.26594,0.40577,0.20674,0.14393,-0.7907,0.051268,0.093104,0.23963,0.053935,0.28135,0.58498,-0.37731,0.00040374,-0.53172,-0.31963,-0.80197,-0.36885,-0.056106,-1.1874,0.1348,-0.21552,-0.63022,-0.28802,-1.0265,1.3966,-0.068553,0.45911,0.18159,0.2404,0.91214,0.80349,1.1649,0.37167,0.44958,1.7711,0.17642,0.88204,1.6116,-0.064783,0.2238,-0.11137,0.47437,-0.067806,0.83839,0.012408,0.14907,0.0087963,0.38539,0.21568,-0.31869,0.42577,0.71053,0.32635,0.035392,-0.23502,-0.34357,0.085532,-0.67259,0.25477,-0.21176,-0.050066,0.93318,0.95819,0.73289,1.35,0.50055,0.40127,0.071214,0.85818,0.1649,0.72042,-0.68843,-0.55224,-0.20325,-0.027077,-0.061587,0.21084,-0.52637,-1.1097,-0.79981,1.1823,-0.83685,0.31837,0.38446,0.35268,0.4312,0.25489,0.57981,0.83429,1.2235,0.1923,0.51898,0.0025771,0.047692,-0.32953,-0.32627,-0.39092,-0.30791,-1.0634,-0.66716,-0.28898,-0.21345,-0.26535,-0.69869,-0.66387,-0.099693,0.081223,0.11349,-0.45801,-0.40882,-0.20522,-0.51107,0.18497,0.37043,0.49618,-0.34075,-0.90114,-1.1648,-1.2773,-1.2025,-0.54701,-0.59047,-0.52393,0.017134,0.13366,-0.4488,-0.050144,0.30026,1.0097,0.27327,0.24578,-0.7101,0.043259,-0.068598,-0.60798,-0.43483,-0.95661,-0.91366,0.020826,0.29425,-0.69695,-0.20787,-0.074768,-0.099674,-0.48759,-1.074,-0.15585,-0.1594,-0.59975,-0.37008,-0.020844,-0.096615,0.81503,-0.1117,-0.75684,-0.87643,-0.083344,-1.2021,-0.6255,-0.10281,-0.56451,-0.71667,-0.16927,-1.1226,-0.17866,-0.63939,-1.357,-0.52314,-1.6406,-1.0263,-1.5643,-1.0554,-0.70374,0.36353,-0.2886,-0.07981,0.24746,-0.45278,-0.93024,-0.54937,-0.17827,-0.54686,-0.79389,-0.8474,-0.71071,-0.59181,-0.13856,-0.22909,-0.39921,-0.31277,-0.27697,-0.32817,-0.1108,0.1676,-0.18681,0.058132,-0.26498,-0.2692,-1.1752,-0.70391,-1.2361,-0.90717,-1.4434,-1.2078,-0.36586,-0.73877,-0.94203,-0.64901,-1.1042,0.90704,-0.64794,-0.91332,-0.40902,-1.1732,-0.5703,-1.2652,-0.78969,-0.73906,-0.76248,-1.6478,-1.0429,-0.37933,0.23335,-0.78257,-0.90691,-0.047323,-0.42837,0.12951,-0.19994,-0.31941,-0.89795,-0.55145,-0.64796,-0.21249,-1.1852,-0.46561,-1.0443,-1.2392,-0.92074,-0.86265,-1.1696,-0.32427,-0.32689,0.92863,0.18252,0.063331,-0.11128,0.1923,0.15937,0.33177,-0.22808,-0.81735,0.012656,-0.51278,-0.79522,-0.90771,-0.71805,-0.67972,-0.74566,-0.68568,0.49947,-1.1103,0.28493,-0.42932,0.32536,0.18212,-0.22543,-0.63973,-0.82369,-1.3887,-1.553,-1.6172,-0.58166,-1.0386,-1.5582,-1.1007,-1.0635,-0.094859,-0.066944,0.88943,-0.51942,0.18712,-0.11782,-0.55485,0.71892,-0.5543,-0.3037,-1.4803,-1.1239,-0.68016,-0.84142,-1.3153,-0.013366,-0.96879,0.39179,-0.49062,-0.66134,-1.0494,-0.75698,-0.68954,-0.016457,-0.65799,0.12232,0.049448,-0.88199,-0.3681,-0.8736,-0.17599,-0.80548,-1.7606,-1.511,-0.86801,0.26739,-1.2683,-1.1649,-1.2245,-0.53244,-0.33724,-1.1414,-1.7239,-0.42601,-0.50593,-1.0262,0.17463,-0.34128,0.13159,-1.2526,-0.97965,-0.5994,0.30635,0.038468,0.29762,0.16543,-0.59805,-0.7907,-0.54602,-0.98745,-0.019128,-0.53868,-0.25972,-0.55779,-0.64513,-0.50314,-0.7331,-0.84449,-0.81656,-1.1638,-1.3049,-0.44757,-0.21601,-0.81638,-0.60098,-0.78676,-0.50031,0.9455,0.73369,0.43939,0.094464,-0.018524,-0.42354,-0.54667,-0.030062,-1.1745,-0.44707,-1.421,-0.074555,-0.65391,-0.40188,-0.57997,0.087299,-0.39881,0.084123,0.037495,-0.025869,0.63835,-0.32076,-0.98668,-0.31726,-0.30983,-1.0062,-0.36263,-0.75323,-0.76206,-0.79745,0.64708,0.34004,0.71569,0.36984,-0.7998,-0.30949,-1.3518,-0.62771,-0.23285,0.20067,-0.091566,-0.11593,0.25015,0.21659,0.2904,0.12081,0.22926,0.42713,0.22052,0.56118,1.2387,1.0407,0.4743,1.6039,0.59231,1.3249,0.68727,-0.47843,0.31844,-0.37175,0.37706,0.60595,0.015955,-0.54676,-0.41603,0.1501,0.029847,0.5544,0.62845,0.40986,0.21578,0.71806,0.6449,1.0718,-0.085461,0.38394,0.35923,0.22579,0.55498,-0.07951,0.18873,-0.046149,0.36752,-0.27248,-0.31291,0.13399,0.58077,0.29514,-0.019618,0.36901,0.23477,0.5108,0.0042824,0.85745,0.74672,0.9984,1.45,1.5137,2.2653,1.6037,0.72108,0.72183,-0.82075,0.83958,1.0261,-0.22252,-0.0057085,-0.93794,-0.13201,-0.048837,0.032373,-0.16382,-0.25837,0.020229,-0.24888,-0.41305,-0.31939,-0.18773,0.33134,0.62418,0.17018,0.80843,0.047647,1.0544,0.57562,-0.3304,0.69601,1.3284,0.71661,-0.14811,0.50797,0.74871,-0.23905,-0.10809,-0.53129,-0.010091,0.459,0.3642,1.4177,-0.038158,0.51527,-0.4442,-0.10047,-0.12984,-0.12156,-0.12196,-0.47508,0.70938,0.42611,0.054498,-0.22818,-0.26457,0.26818,0.42428,-0.050317,-0.71864,-0.10525,-0.38489,-0.34721,-0.79789,-0.53418,-0.65657,-0.81766,-0.60615,-0.96913,-0.25071,-0.41449,-0.23979,0.07921,-0.98254,0.12804,-0.48215,-0.051183,0.051571,0.23476,-0.029939,0.59496,-0.2351,0.40105,0.54943,0.54563,1.3162,1.1791,0.7737,1.1799,0.93386,0.86387,1.1852,0.33102,1.6528,0.66419,-0.53569,1.3847,0.14842,0.03445,0.16475,0.024508,-0.13137,-0.41636,0.17325,-0.033791,-0.2593,0.32461,0.79205,0.6509,0.49064,0.30207,1.0968,1.3157,0.75941,2.4209,0.029843,0.58886,0.90046,0.18955,-0.091335,-0.1489,-0.24099,0.15191,-1.0497,-0.81055,0.36768,0.31066,-0.13113,-0.71562,0.76089,-0.1348,-0.35359,0.0036564,-0.091652,-0.19573,0.31405,-0.46635,-0.49825,0.25189,-0.04146,-0.31207,-0.22663,0.89174,0.4554,-0.36458,-0.44815,0.013843,-0.56019,-0.57193,-0.21514,-0.8579,-0.34984,-0.18272,0.24536,-0.11438,-0.3299,0.13508,0.47837,0.038666,-0.29589,-0.071963,-0.16665,0.47352,0.16654,0.283,0.21163,0.50058,1.0382,-0.24001,0.60592,0.028771,-0.09987,0.2016,0.22502,0.64457,1.2841,0.087006,0.34645,-1.0457,0.782,-0.65915,0.24818,-0.086939,1.0938,-0.073045,-0.33631,-0.96978,-0.36696,0.53027,0.094412,0.13944,-0.44011,-0.51418,-0.40595,0.83189,-0.61616,0.2661,0.39245,0.61958,0.91366,0.61005,0.40527,0.41241,0.64146,0.61967,0.75827,1.3327,0.44259,0.81227,0.57781,0.46512,0.17092,-0.14282,-0.45744,-1.1316,-1.3624,-0.10857,-0.31461,-0.68967,-0.81608,-0.14983,-0.38106,0.48316,-0.13721,0.82427,0.0075947,0.72426,0.68207,0.49362,0.076636,0.27228,-0.70815,0.41984,0.016857,-0.18272,-0.38802,-1.0022,-0.08346,-0.78202,-1.15,-0.42191,-0.47753,0.235,-0.79248,-0.10927,0.43536,0.83447,0.18221,0.30501,0.52605,0.24397,0.33489,-0.11391,1.1098,0.073322,0.5895,1.0289,1.0976,0.8498,0.89389,0.75941,0.10722,-0.30941,-1.0141,-1.5271,0.18744,-1.0444,-0.05747,-0.24328,-0.055002,-0.45254,-0.82632,0.063573,0.97897,0.23342,-0.30803,0.23341,0.24721,1.3159,-0.23751,0.52576,0.27107,0.30916,-0.76664,0.30198,-0.081062,0.39666,0.46166,-0.35272,0.28127,0.059701,-0.45458,0.051434,-0.4155,-0.28173,-0.83856,-0.038204,-0.89456,-0.63307,0.33661,-0.13641,0.31582,-0.22344,0.36853,-0.2521,0.97133,-0.033424,-0.18234,-0.033827,0.096568,0.36893,-0.1981,-0.011965,-0.16907,0.067864,0.54325,0.46308,0.15347,-0.17973,0.86186,0.77296,0.50256,0.47391,0.62756,0.65448,0.63391,0.38732,0.75562,0.15488,0.61243,1.3881,0.66108,-0.15163,1.1081,-0.12293,0.23937,0.70682,0.40881,-0.15834,-0.68753,0.30865,-0.26731,-0.43358,-0.37564,-0.89742,-0.67589,-0.10181,-0.30994,0.94067,0.03398,0.46979,0.20226,0.58615,0.90936,0.72372,0.078652,0.27157,0.083302,0.13841,0.73955,0.20301,0.42407,0.36438,-0.22606,-0.64298,-0.6438,0.44048,0.33316,-1.224,-0.5566,-0.40967,0.18379,0.42059,0.44491,-0.20169,-0.01598,0.11159,0.093921,-0.04037,0.42567,1.5221,0.47337,0.26748,-0.071064,-0.28207,-1.026,-0.49765,-0.42284,-0.051238,-0.61542,-0.98842,-0.77032,-1.1433,-1.4383,-1.4213,-0.65352,-1.2159,-0.59957,-0.6503,-0.95445,-0.046745,-0.35802,0.77101,0.73283,0.31521,1.0258,0.19553,0.25714,0.89371,0.44869,0.92273,0.57129,-0.084984,-0.42304,0.085184,0.2591,-0.71845,-1.0535,-0.27232,0.17222,0.072729,0.62734,0.27445,0.65484,1.2844,0.15545,0.28122,-0.37401,-0.54349,-0.45703,0.19775,-0.00067247,0.033312,-1.1004,-0.83931,-1.0601,-0.87311,-0.40161,-0.81727,0.0050272,-0.32587,-0.35869,0.41332,0.40329,0.94809,0.50219,0.06311,0.11183,-0.20317,0.76831,0.67932,-0.20578,-0.23258,-0.27333,-0.24271,-0.49799,-0.69222,-0.76049,-0.025472,0.29286,-0.3807,-0.36118,0.31232,0.58837,0.32322,0.54544,-0.28921,-0.24634,0.36563,0.063427,0.084166,-0.52982,-0.28268,-0.17901,-0.036179,0.050518,-0.32852,0.046377,-0.078289,0.33031,-0.1892,-0.058134,0.083973,-0.00045988,0.88799,0.37069,0.045824,0.16368,0.019404,0.28156,-0.27355,0.30446,0.19445,-0.87103,0.42609,0.64976,0.70511,-0.058681,-0.020268,0.00028725,0.20112,0.17677,0.021766,0.10212,-0.73551,0.66757,0.058393,-0.0097136,0.14147,-0.14852,-0.032334,0.2071,-0.1367
-0.19836,0.25326,-0.066532,0.15886,-0.48939,-0.23595,0.035071,0.13551,-0.81364,0.0046788,-0.10257,-0.2118,-0.24459,-0.39523,0.51723,-0.18099,0.023899,-0.0082834,0.45589,0.36752,0.099302,0.11182,0.25017,-0.57347,0.21664,0.030322,1.3184,0.30277,0.76196,1.1803,1.0536,0.25461,0.4477,1.3011,0.79101,0.52699,0.63587,0.59579,1.6789,0.56268,0.68786,0.88247,1.1128,0.78445,0.50268,-0.13118,1.6277,0.34752,0.18709,0.11889,1.5194,0.52464,-0.25917,0.17334,0.93099,0.92032,0.24067,0.15366,0.51319,1.8873,0.34894,0.015787,-0.93452,0.51839,-0.48946,0.43358,-0.36092,1.1152,0.47568,0.48742,0.89374,0.51491,0.23844,-0.37841,-0.27495,0.40827,-0.46331,-0.11557,-0.13295,0.022971,1.1222,0.09057,0.026401,1.3962,1.1783,0.90808,0.16332,0.82504,0.6959,0.39209,0.30852,0.5385,0.90301,0.04476,-0.6933,-0.21682,-0.037912,0.99582,0.67297,0.062081,-0.429,0.63867,0.045108,0.35874,0.92169,0.73014,0.37971,0.037107,-0.38614,0.025347,-0.0969,-0.074405,0.088113,0.14385,-0.13151,0.28787,-0.88964,-0.71327,-0.14435,-0.68832,-0.78203,-0.87931,-0.48047,-0.11511,-1.1687,-1.1502,-0.4764,-0.0013249,-0.083736,-0.0056371,-0.0033399,0.55523,-0.24976,1.0113,0.22781,0.63633,0.97138,0.58634,1.2909,0.84532,0.77387,0.04817,1.2905,-0.27148,0.975,0.41289,0.36233,0.75829,0.94011,0.28791,0.5106,1.4421,1.6964,1.2824,0.31729,0.36085,0.62155,0.56135,0.63198,-0.54291,-0.019436,0.2791,0.33053,0.047787,-0.21254,-0.38113,-0.32181,1.0085,-0.29857,0.56188,0.32426,1.3863,0.012242,0.95054,0.48457,0.9968,0.38252,0.57925,0.8143,0.48786,0.65718,0.36508,0.3808,0.015307,1.3069,0.88,0.45272,1.0753,1.7173,0.91622,1.1275,0.61348,1.0215,1.1778,-0.29502,0.049343,0.11679,0.71763,0.96482,0.038859,-0.85928,0.35019,-1.2025,0.28316,-0.96367,-0.26673,-0.33293,-0.66285,-0.68905,-0.82201,-0.14142,-0.45225,-0.8804,-0.50312,0.51709,0.49603,-0.2536,0.68253,0.28317,0.73693,-0.14623,-1.0363,-0.71894,0.18014,-0.7011,-0.61376,-0.36438,0.18244,-1.3968,-1.3247,0.46177,-0.27834,-0.61407,-1.4979,-0.10537,0.19205,-0.2658,-0.22099,-0.32452,0.50774,0.12273,-0.13607,-0.026994,-0.011166,0.90332,-0.064194,0.42538,0.49451,0.16973,0.069038,0.11459,-0.23292,0.93937,0.34677,0.96328,0.94553,0.60017,-0.35079,-1.1588,-0.42963,-0.75524,1.1748,-0.36644,0.10339,-0.029841,-0.08099,0.37112,-0.10355,0.62935,-0.47181,-0.58153,-0.11493,-0.11612,0.14686,0.18479,0.23418,-0.57514,-0.46176,0.39069,-0.45758,0.17041,0.12544,0.73564,0.55953,0.66997,0.61873,0.48516,0.68132,1.1563,0.65302,0.11593,-0.75366,0.30277,0.033192,0.12074,0.026675,-0.48176,-0.39344,0.058303,-0.384,0.90798,0.409,-0.86704,-0.84113,-0.47059,0.35988,-0.29858,0.053381,-0.73157,-0.4912,-0.36118,-0.55948,-0.33779,-0.44161,-1.3924,-1.9789,-1.1195,-1.2477,-1.2632,-1.1294,-1.351,-0.34226,-0.902,-0.66547,-0.62622,-0.26289,-0.90818,-0.23462,-1.0883,0.80421,-0.52849,-0.0035549,-0.071009,0.41712,0.28046,-0.23664,0.29464,-0.14678,0.71804,-0.37518,-0.024719,0.031136,0.26012,-0.19378,0.15081,0.29015,-0.38394,-0.53666,-0.24096,0.27135,0.90026,0.029629,-0.86442,-0.62024,-0.88835,-0.46715,-0.89414,0.20265,-0.18878,-1.851,-1.0458,-0.62342,-0.066535,-0.5759,-0.76972,-0.064257,-0.51531,-0.15752,-1.2883,-0.75626,0.29888,-0.64628,-1.1921,-0.20322,-0.35942,-0.078173,-0.95443,-1.0171,0.11992,0.78471,0.57171,-0.50559,-0.65294,-0.69102,-0.53254,-0.19813,-1.0342,-1.0558,-0.89055,-0.40333,-0.4242,-0.81977,-0.59449,0.36972,0.58071,0.34009,0.098378,-0.0068649,0.019279,0.45884,0.391,-0.67729,0.33231,0.49276,0.15135,0.098423,-0.27323,-0.44889,-0.48911,-1.5981,-1.189,-0.48151,-0.75291,-0.83581,-0.22679,-1.0086,-1.1801,-0.92957,-1.2478,-1.1735,-0.69207,-0.91879,-1.2147,-1.2826,-0.45257,-0.65532,-0.51612,-0.73684,-0.9097,-1.1306,-0.53045,-0.42002,-1.6724,-0.32053,-0.37048,-0.90681,0.26241,-0.97883,-0.8631,-1.0723,-1.0995,-0.20049,-0.6072,-0.91086,-1.3781,-0.90312,-1.1813,-1.449,-0.65734,-0.63768,-0.53574,-0.82378,-0.13649,-0.19561,0.44123,-0.99315,-0.80202,-0.84136,-1.1914,-0.30035,0.24907,0.36271,-0.10411,0.60721,0.66057,-0.1785,0.23762,0.39946,-0.30492,1.0902,0.24402,-0.10439,-0.30875,0.080719,-0.17812,-0.35204,-0.48891,0.14229,-0.56719,-0.093885,-0.22139,-0.17272,-0.33934,0.25771,-0.14082,-0.073472,-0.65205,-1.5508,-0.49217,-0.045063,-0.61991,-0.39009,-0.54213,-0.1877,-0.90022,-0.49234,0.15564,0.092508,0.358,-0.73333,-0.87103,-0.35147,-0.79443,0.0014866,0.38533,0.2896,0.21518,0.20493,0.15918,0.034204,-0.037697,-0.072576,-0.046815,0.076637,0.50757,1.1142,0.7097,0.84991,-0.30402,0.15513,0.37858,-0.82108,-0.84753,-0.62761,-0.62138,-0.84457,-0.23082,-0.44253,-0.082416,-0.50298,-0.50286,-0.6294,-0.18058,-0.68657,-0.74356,-0.29478,0.099979,-0.47179,0.50639,-0.92416,0.67759,-0.28054,-0.98164,-0.67842,-0.54079,-1.5264,-1.6754,-1.4236,-0.7509,-0.97306,-1.0963,-1.0219,-0.88793,-1.1839,-0.41375,-0.72993,-0.25085,0.36861,0.81098,-0.36296,0.67676,0.75175,0.89614,-0.45011,0.62753,-0.2161,-0.81759,-0.40043,-1.4133,-0.51833,-0.43482,-0.11442,-0.84947,0.29334,0.45788,-0.41744,0.74547,0.25332,0.94121,0.88178,1.2376,1.1964,1.6547,0.91284,0.13883,0.40716,0.19619,-0.044752,0.15476,0.42082,-0.40243,0.19878,-0.26011,-0.73632,-0.40466,-1.1836,-1.4984,-0.92403,-1.2103,-0.77945,-0.91581,-0.55747,-0.1422,-0.37288,-0.4007,-0.14618,-0.16423,-0.33945,-0.54206,-0.31101,0.11181,-0.10541,0.34756,-0.060776,0.26527,0.25721,0.80279,1.2131,0.8247,0.72442,-0.56942,-0.31789,-0.036343,0.34703,-0.36263,0.36161,0.20381,-0.41187,-0.37998,0.2056,0.30879,0.7471,0.17446,-0.16171,0.81926,-0.0096444,0.22793,0.62539,1.1636,0.65114,0.90228,0.95823,1.4912,1.1668,1.3665,1.5494,0.989,0.69816,1.0052,1.3737,1.1781,1.1163,1.3235,0.68365,0.57781,0.42775,0.52232,0.64573,1.4309,1.6962,0.45035,0.123,0.5892,1.1786,0.83399,0.6074,1.0676,2.3487,1.4174,0.90482,0.52717,0.90737,0.87121,0.4391,0.2919,0.35157,-0.37773,0.0095993,-0.17747,-0.2208,-0.56563,-0.28334,-0.44019,-0.50417,0.30162,0.18408,-0.40044,-0.21756,-0.22849,-0.31953,0.43382,0.34639,0.39803,-0.025757,0.75596,0.83544,0.23429,0.4241,0.027291,0.24813,0.14183,-0.055193,-0.032299,-0.11936,-0.72117,-0.45588,-0.36098,-0.4367,-0.41944,-0.37287,-0.32064,-0.30512,-1.5801,-0.85543,-1.0055,-0.9862,-1.0464,-1.0692,-0.66228,-0.96993,-0.99672,-1.4436,-0.51034,-0.83207,-1.5268,-1.0954,-1.0664,-1.2036,-0.2205,-0.1925,-1.0297,-0.86366,-0.085566,0.043503,0.061773,0.22525,-0.5871,-0.72542,0.33105,0.71848,1.4273,0.97818,1.0432,1.4016,1.0263,0.84123,1.0523,1.5748,1.2483,1.2034,1.4804,1.1736,1.294,0.30348,-0.053833,0.21789,-0.25015,0.61012,-0.35165,-0.63978,-0.2672,0.546,-0.10473,-0.6039,0.25641,-1.0488,-0.98954,-1.8809,-1.197,-0.83642,-1.3617,-1.1988,-0.93159,-0.70616,-0.30445,-0.35455,-0.27082,-0.532,-0.51575,-0.0195,0.19655,0.38891,0.051325,0.55671,0.27491,-0.31247,-1.1001,-0.28888,-1.275,-0.45504,-0.85937,0.21204,-0.52131,0.12594,-0.12311,0.64001,0.03788,-0.83825,0.22053,0.37734,1.1228,-0.46059,0.3454,0.45626,0.27066,0.4226,-0.041736,-0.042099,-0.68108,-0.080318,-1.0385,-0.22085,-0.31535,-0.88149,-0.44793,0.034521,-0.16197,-0.8266,-0.4762,0.1338,-0.10217,-0.048083,-0.64937,-0.29997,-0.55036,0.39426,0.39304,0.16235,0.33952,1.0308,1.0878,1.2485,0.78425,0.93735,1.1294,1.4207,0.58,0.066704,0.56845,0.13136,0.17052,0.45541,-0.010031,0.13955,0.17982,-0.06179,-0.073192,-0.30912,-0.1532,-0.79695,-0.54112,0.54616,0.75278,-0.44379,-0.80366,-0.25884,0.45269,0.55938,0.78383,1.0083,1.3878,2.036,-0.044773,-0.048677,1.0711,0.72459,0.14312,0.38163,-0.38857,0.49479,0.89147,2.0384,0.2353,0.083544,-0.27427,-0.56223,-0.8412,0.64589,-1.6867,-1.9511,-1.7039,-1.193,-0.63587,-1.1383,-1.1937,-1.41,-0.99244,-0.9234,-1.2975,-1.6763,-0.73728,-0.089856,-0.51409,0.26674,0.08209,-0.34037,1.1608,-0.83839,0.50803,-0.017336,0.42886,0.53412,0.26828,-0.42765,-0.38998,-0.22615,-0.30599,-0.64722,0.44511,0.56098,0.20676,-0.2902,-1.2373,-0.64828,0.23474,-0.017835,-0.2317,0.39799,0.18267,0.22828,-0.15504,-0.26026,0.036825,-0.27384,-0.555,-1.2161,-1.0689,-1.2819,-0.83476,-1.2392,-0.72787,-0.64123,-0.46954,-0.75756,-1.2583,-1.346,-1.1064,-0.44971,-1.5897,-0.48586,-1.3156,0.26862,0.091273,0.051201,-0.2581,0.077712,0.31231,-0.97256,-1.6594,-0.75327,-1.1717,-0.93035,-0.88766,-0.68969,-0.81271,-0.60322,-0.29166,-1.4566,-1.0027,-1.3587,-1.3757,-1.1386,-0.70118,-0.40419,-0.87486,-1.1657,-1.2163,-0.57048,-0.69384,-0.44781,-0.68544,-1.1816,-0.68994,-0.7406,-2.3396,-1.1227,-2.0814,-0.47159,-1.1339,-0.97916,-1.1555,-0.78052,-1.3884,-0.93965,0.076415,-0.65712,-0.034192,-0.080518,0.77975,1.4048,0.90664,0.91003,0.46101,0.43347,0.62407,0.44726,0.055,0.9263,0.61862,-0.47455,0.1278,-0.54055,-0.58903,-1.0481,-1.0427,-0.8087,0.021144,-0.091688,-0.57026,-0.25451,0.067045,-0.65032,0.12338,-0.44534,0.34714,0.63258,0.65333,-0.41207,1.4347,1.939,0.30064,0.70597,0.47187,1.0274,1.1501,0.80292,1.1936,0.37681,-0.31414,-0.21755,0.012131,-0.1949,-0.74776,-0.54141,0.0087201,-0.2461,-0.19258,-1.1065,-0.96143,-1.2301,-1.1496,0.069243,-0.054091,-0.70974,-0.069732,-0.41108,-0.11597,0.22772,-0.48681,-0.68129,-1.098,-0.9682,-0.055433,-0.43242,-1.0239,-0.72404,-0.8224,-1.5389,-1.1609,-0.88439,-0.65169,-1.7214,-0.84285,-0.24111,-0.90872,0.64724,0.88392,1.8719,1.3241,1.3292,1.1976,0.97495,0.35772,1.4398,0.90226,0.69316,0.68546,0.87134,0.912,0.27183,0.33996,-0.24792,0.63229,-0.30167,-0.091509,-0.1285,-0.039211,0.60917,0.022363,0.1276,-0.94933,-0.3117,0.089249,-0.070307,0.55375,0.32261,0.55798,0.4456,0.73922,0.042834,0.34672,1.2691,0.55144,0.56169,0.13237,0.49723,1.3397,0.70305,0.62962,-0.47018,0.41915,0.77294,0.98755,0.83768,0.05088,0.61298,0.39736,0.39131,0.54353,0.33936,0.57515,0.37388,-0.22418,-0.67414,-0.35969,-0.087637,-0.23382,-0.41377,-0.14836,-0.61994,-0.35363,0.42155,0.26392,0.22351,-0.041573,1.1931,0.36627,0.035507,0.59627,-0.12011,0.82228,0.7677,0.46533,0.48447,0.60933,1.0939,1.36,1.6104,1.184,1.426,1.1538,0.75121,0.6687,0.75992,-0.06032,0.60553,0.54371,-0.19552,-0.3648,0.3628,0.16679,0.43777,0.297,-0.28513,-0.03004,-0.92097,-0.16697,-0.082613,-0.49842,-0.36107,-0.28988,0.16859,0.0049929,0.69462,0.41403,0.065944,0.95653,-0.022783,0.48083,0.83904,0.37766,0.94091,1.0568,0.90746,0.59261,0.17976,0.44416,1.0208,0.86516,0.64269,0.83445,1.3392,1.2915,1.8747,1.3365
0.69477,1.0061,0.72263,0.0049248,-0.0050784,0.29304,-0.12348,0.11625,0.31112,0.024122,-0.0019538,0.41801,0.34497,0.57988,0.85227,0.76435,0.33269,-0.023922,0.20382,-0.055561,0.20207,0.06328,0.45301,0.36797,1.5636,1.0053,1.2176,0.9695,0.92352,-0.32575,-0.96747,-1.3449,-1.2209,-1.1473,-2.1698,-1.3062,-1.3298,-0.65656,-0.90245,-1.7599,-1.5148,-1.4675,-2.025,-1.1679,-1.1433,-1.0195,-1.5779,-1.3413,-0.20249,0.10561,-0.31285,0.61942,0.59031,0.36812,-0.036691,-1.0392,-1.1122,-1.7641,-1.2901,-1.0794,-1.3302,-0.91795,-0.51967,-0.50073,-0.34217,-0.72627,0.53609,-0.99488,-0.86712,-0.86386,-0.89072,-0.039864,-0.56008,-0.067591,-0.020318,-0.52766,-1.1479,-0.42614,0.095178,-0.77056,-0.42492,-0.29426,0.078434,-0.69755,-0.83866,-1.2385,-1.4906,-0.9774,-1.2294,-0.99425,-0.15334,0.20831,0.33013,1.1863,2.1613,2.4157,2.0364,1.2255,1.3847,0.79237,-0.46307,-0.89099,-1.1993,-0.78991,-1.5007,-1.0449,-0.71101,-0.31337,-0.48276,0.41029,-0.16749,-0.027364,0.17414,0.22701,-0.21163,-0.10296,-0.047426,1.0099,0.46326,-0.089313,0.50785,1.2144,0.97999,1.0475,0.67714,0.99555,0.81012,0.36546,1.0326,1.1866,1.2951,0.94611,0.96397,1.408,1.786,0.6131,-0.019122,-0.72356,0.064028,-0.86276,-1.5539,-1.4578,-1.3209,-1.3121,-1.605,-0.88627,-1.3547,-1.7378,-1.4738,-1.0876,-0.65653,-1.5255,-1.7228,-1.609,-0.4538,-0.95482,-0.050987,-0.2697,-0.49058,-0.51311,-0.25908,-0.93211,-0.64128,-0.91777,-0.44399,-0.73091,-0.2664,0.0096737,-0.87021,0.28581,0.57413,0.8058,0.91827,1.9101,1.2492,1.2323,1.0094,1.5154,1.3662,1.0999,0.78214,0.8081,-0.37067,-0.92818,-0.42034,-1.2337,-0.89195,-0.55167,-0.86977,-1.0347,-0.42562,-0.65273,-0.67941,-0.91658,-1.1074,-1.5973,-2.0801,-1.1141,-1.6718,-0.39469,-0.90128,-1.6365,-1.4305,-0.31507,-0.31054,0.33483,0.46551,0.72115,1.2969,1.539,1.1984,1.8647,2.4439,1.5827,1.2545,1.1586,1.2327,1.8114,0.98495,2.0053,1.2395,1.9602,1.9598,1.8202,2.4621,1.7248,1.504,1.0331,1.7193,2.2642,1.8271,2.7115,2.5763,2.6107,2.0608,1.3459,1.0625,0.59931,0.4154,0.23065,-0.90313,-1.4175,-0.45667,-0.91663,-0.66216,-0.60988,0.28996,-0.41853,-0.88563,-0.62928,-1.093,-1.0102,-1.7466,-2.4512,-1.5579,-1.0351,-0.42593,0.067164,-0.49593,0.080688,-0.049816,0.21947,-0.021641,-0.23484,-0.37445,-0.50406,-0.53139,-0.62969,-0.27617,-0.56276,-0.81031,-0.81021,-0.29457,-0.28946,-0.68911,0.1343,0.42244,0.47814,-0.29073,0.061163,0.59243,0.51963,0.10437,0.41662,0.018607,-0.70217,0.23672,0.046796,0.23436,0.62358,1.0801,1.7362,2.2414,1.709,1.0718,0.31474,0.58091,-0.57838,-0.76615,-0.87494,-0.23591,-1.2013,-1.2829,-1.9757,-1.2458,-1.4094,-1.194,-1.7717,-1.2667,-0.8315,-1.2427,-1.2659,-1.0018,0.22143,1.1328,0.87528,0.14238,0.95677,1.8469,1.8608,1.398,1.4201,1.5267,1.6855,1.2838,1.2293,0.4637,0.97936,1.0355,-0.016658,0.32638,0.58041,0.46639,0.8509,0.47542,0.29835,0.5916,0.13327,-0.90852,-0.78995,-0.63728,-0.83081,-1.6277,-1.1369,-1.0007,-0.82236,-1.6514,-0.44486,-0.42015,-0.33454,-0.56995,0.35998,1.115,1.7125,1.8829,2.3384,2.568,1.0606,0.58119,1.246,1.2722,0.07646,-0.83215,-1.0908,-0.37774,-0.5125,-1.2617,-0.98935,-0.40892,-0.29902,-0.3382,-0.65738,0.49946,0.94032,-0.17559,0.52076,0.084413,0.22209,-0.16604,-0.33164,-0.55167,0.25197,0.20362,0.19103,0.27353,0.16212,0.83266,0.79843,-0.26264,0.055419,0.32424,0.86734,1.0884,0.54364,1.0378,1.1389,0.69208,0.3673,0.13442,0.74837,0.76387,-0.54958,-0.72021,-1.4054,-0.93064,-1.6195,-1.8101,-2.0139,-2.0997,-2.4458,-1.5808,-0.67994,-0.30009,0.26557,-0.70185,-0.45262,-0.0055325,-0.20998,-1.0058,-0.33625,-0.081269,0.25146,0.24778,-0.38322,-0.36079,-0.04733,-0.42825,-0.94887,-0.10756,-0.36879,-0.66532,0.011023,-0.29537,-0.31074,-0.43641,0.11428,-0.9757,-0.70767,0.1529,0.0099277,-0.11061,-0.66295,-0.17198,0.70211,0.38627,0.21254,-0.46825,0.38727,-0.11529,-0.55622,-0.86373,-0.40599,0.049815,0.81529,0.92656,0.95516,1.7221,1.7197,2.025,1.4124,1.0414,1.1037,1.2186,1.1855,0.85301,0.73088,0.45218,1.2702,1.0444,1.7079,2.457,2.3818,2.0743,1.5921,1.0388,0.56485,0.20993,-1.0255,-0.50103,0.040303,-1.3739,-1.3162,-0.58796,-0.34565,-0.31517,0.52729,0.40021,-0.3235,-0.21224,0.34757,0.079508,0.49524,-0.49193,-0.064857,-0.16959,0.60203,-0.26903,-0.33541,-0.36965,-0.98702,-0.50462,-0.96026,-0.22613,-0.67328,0.035965,0.030371,0.10172,0.82041,0.80344,1.5096,1.5985,1.2975,0.9234,0.66183,0.43993,0.21162,0.02446,0.39808,-0.33278,-0.82371,-0.0078861,0.22009,-0.94091,-0.76252,-2.0256,-0.92975,0.029268,-0.48425,-0.20372,0.22329,0.22028,0.050789,-0.65656,-0.23924,-0.1924,-0.16529,-0.57189,-0.73529,-0.50426,-0.057733,-0.55672,0.47348,0.12195,0.91205,1.2909,0.62101,1.7156,1.358,1.1497,1.1645,0.50476,-0.55226,-0.47559,-0.271,-0.041036,-0.46768,0.56644,0.73668,0.64939,0.89998,1.1084,0.85983,0.76071,1.7757,2.1097,2.3777,2.0506,1.5049,0.97788,0.87699,0.16586,-0.30752,-1.2834,-1.2896,-0.96845,-0.54464,0.086134,-0.54635,-0.6331,-0.28313,0.17356,-0.18273,-0.1078,-0.35712,0.50913,1.3031,1.357,1.2166,1.0597,1.0639,0.48785,0.96735,0.9891,1.5376,1.3847,1.9437,1.1982,1.0761,0.029844,-0.57818,-0.19123,-0.47282,-0.52452,-0.9729,-0.069603,-0.28277,-0.64098,-1.31,-1.4476,-0.7373,-0.60864,-1.2798,-1.7019,-0.82785,-0.2155,0.21168,-0.70093,0.40815,0.057017,-0.10109,-0.57406,-1.2732,-0.28564,0.54781,-0.19207,-0.06787,-0.49423,0.20229,0.75045,0.1681,-0.3963,-0.46414,-0.61562,-1.3181,-1.4915,-1.4528,-1.1229,-0.92086,-0.98449,-0.5081,-1.0164,-0.57826,-0.24584,-1.2222,-0.64408,-1.1215,-0.55754,-0.4135,-0.28695,0.66913,0.73859,1.4776,1.5626,1.9911,0.86057,0.30326,0.16546,-0.043262,0.10222,-0.2293,0.66911,0.80409,0.62894,-0.077422,0.4885,0.43361,0.11983,0.34034,0.24755,0.44044,0.47778,0.042773,0.41931,1.3518,1.0722,1.2173,0.52084,0.56939,0.24113,0.32835,0.19708,0.18037,0.030699,0.47287,0.81104,0.077369,0.26249,0.12857,0.27123,0.62338,0.027392,0.72839,0.73954,0.80739,1.0822,0.6367,1.4547,1.9057,1.3088,1.2748,0.17404,0.91825,0.43159,0.054607,-0.23929,-0.79879,-0.87581,-1.2657,-0.74402,-1.1034,-0.16275,-0.30402,-0.32734,0.19142,0.52405,-0.056925,-0.15756,-0.55397,0.0040873,-0.14457,-0.86432,-0.80367,-0.43745,-0.23022,-0.1051,-0.86885,-0.41582,-0.16558,-0.52204,-0.60073,-1.436,-0.8524,0.064605,-0.62517,0.10537,-0.19821,-0.23164,-0.32724,-0.0097062,-0.32576,-0.34581,-0.35148,-0.14001,-0.067281,-0.059905,0.54753,1.2042,1.2022,1.4109,0.97124,0.76724,0.6688,-0.65329,-1.6146,-1.8076,-1.3432,-1.9875,-1.8274,-1.7914,-1.2283,-2.2099,-1.9676,-2.2336,-2.5538,-0.39643,-1.1417,-0.80709,-0.78305,0.077273,0.46317,0.35417,0.29018,0.10761,0.10437,0.51399,-0.35969,-0.16271,-0.046889,-0.43448,0.012227,0.070273,0.39562,0.42405,0.39091,0.61954,0.66772,0.84328,0.69033,0.53843,0.029726,0.12266,0.78836,0.92025,0.81036,0.24291,0.38918,-0.26117,-0.052816,-0.56005,0.24532,0.18822,-0.38129,-0.37613,1.0658,1.2931,0.50858,1.5731,1.295,0.37011,0.138,-0.3956,-0.090478,-0.97022,-1.4255,-1.3364,-1.0577,-2.1558,-1.4132,-1.5288,-1.8666,-1.4752,-2.0097,-1.8297,-0.93531,-1.4283,-0.72386,-0.85706,-1.267,-0.53902,-0.50945,-0.32907,-0.3125,-0.5456,-0.035983,0.2826,0.20521,0.68975,0.94219,1.5655,2.0874,1.9186,2.1631,2.6871,2.2879,2.1321,2.5695,1.4131,0.70948,-0.40668,-0.80429,-0.51257,-0.56326,-1.2274,-1.4648,-1.0475,-1.3466,-0.56527,-1.1167,-1.4065,-1.2459,-1.9099,-0.71892,-0.92261,-1.2927,-1.6663,-0.39224,-1.0032,-1.3305,-1.4451,-1.3682,-2.1211,-1.971,-1.2106,-1.1839,-0.11193,-0.37108,0.095681,0.25541,0.6554,0.66015,0.31856,0.95305,0.41149,0.02199,0.71454,0.55145,1.1295,0.51073,0.90183,1.0159,0.36596,0.63516,-0.62518,-0.51826,-1.3894,-1.7574,-1.6027,-1.6633,-0.76397,-0.18535,-0.33635,0.51549,0.86845,1.0491,0.97751,0.50958,0.51271,0.013491,0.40621,0.10303,-0.72353,-1.7706,-1.2508,-1.45,-0.7707,-0.93446,-0.88786,-0.01588,-0.28816,0.31262,0.15037,1.1842,2.2654,2.5629,2.6864,2.6464,2.2648,1.6535,0.6063,-0.79831,-0.71703,-0.80406,-1.2885,-1.3756,-0.68579,-0.059413,0.50784,-0.11354,-0.57015,-0.24273,-0.82154,-0.88687,-1.9027,-1.8254,-1.2347,-1.2919,-1.3149,-0.74026,-0.46494,-0.21318,-0.48643,-0.89474,-1.3536,-1.5738,-1.7696,-2.1724,-1.7231,-1.7789,-1.3069,-1.7105,-1.354,-1.9069,-1.4216,-0.40826,-0.1127,-0.61944,-0.65692,0.0056227,0.23091,-0.36422,-0.38449,-0.012551,-0.9636,-0.49438,-0.4777,-0.47208,-0.33721,-0.67678,-0.87626,-1.4132,-1.4469,-1.3832,-0.98122,-1.2153,-1.9514,-0.99223,-0.17666,0.10059,-0.11376,0.16307,-6.4015e-05,0.50378,-0.0037433,0.352,1.1976,1.1031,1.5289,2.2588,2.5117,2.258,1.8959,1.6521,2.1938,0.50799,0.16256,0.08335,0.36043,0.044602,0.098076,-0.23467,-0.33822,-0.64637,-0.45991,-0.6989,-0.43639,-0.42843,-1.0465,-0.51477,-0.28927,-0.90914,-0.11341,-0.80418,-0.64173,-0.69672,-0.24434,0.54503,-0.20536,-0.40145,0.21288,0.32688,0.48577,-0.53178,-0.97331,-0.91318,-0.97683,-0.9784,-1.7223,-2.1146,-1.4917,-2.0415,-1.5179,-0.51174,0.12057,-0.41562,-0.86629,-0.51522,0.13068,0.44956,1.1513,1.6233,0.98006,1.4007,-0.055386,0.0060128,-0.041888,-0.91784,0.10388,-0.23197,-0.53668,0.10085,0.17332,0.89945,0.53967,0.57143,-0.41354,-1.1309,-1.4086,-1.2411,-1.5896,-1.6369,-1.5749,-1.1213,-1.621,-1.5594,-0.83193,-0.29029,0.27343,0.86495,1.6489,1.7758,2.7299,2.4934,2.0537,1.4284,0.70505,0.20441,0.1862,-0.43425,-0.38953,-0.61358,-0.74194,-0.049467,0.6969,0.21654,0.63517,1.1768,1.0723,1.1394,0.9553,0.73658,0.53129,0.96432,-0.12579,0.17269,0.32328,0.89025,0.34468,0.28658,0.53825,0.911,0.62686,0.87086,0.70299,0.49693,1.0881,1.1608,1.2179,1.4721,0.85858,0.58387,-0.16771,-0.97494,-1.419,-2.0599,-1.793,-2.1276,-1.9207,-2.2634,-2.3453,-2.1448,-2.2181,-2.003,-2.0507,-2.0645,-2.2187,-1.4941,-1.186,-1.9977,-1.022,-0.33935,-0.59534,-0.54165,-0.76016,-0.57608,0.094689,0.090548,0.27567,-0.0078414,0.52393,0.48294,0.72988,0.76306,0.79192,0.69804,0.81024,1.1545,1.0935,1.1722,1.0106,1.3813,2.2252,1.8604,2.0553,2.2813,2.5945,2.6183,2.9018,2.9713,3.1123,2.6738,3.0234,2.8838,2.2477,2.8258,2.0588,1.8019,1.0266,0.2923,-0.95464,-1.4762,-1.8213,-1.5632,-1.4856,-2.0764,-1.9113,-0.81318,-0.89258,-0.64271,-1.0769,-1.3555,-1.4887,-2.0019,-2.1398,-2.3534,-2.5115
0.030445,-0.04409,-0.81692,-0.58818,-0.27268,0.018919,-1.1923,-1.1257,0.28404,-1.2193,-2.0727,-1.0595,0.58889,-0.40404,-1.3941,-0.19476,0.97111,0.53558,-0.63889,0.029442,1.1466,0.60988,-0.83222,0.81772,1.1392,0.49708,-0.91831,-0.72297,0.5198,-1.4456,-1.5844,0.26461,0.46984,-1.405,-1.5985,-0.43086,-0.3431,-0.63763,-1.3761,-0.66848,-0.065883,-0.29987,-0.69411,0.96814,1.1412,0.99176,-0.079807,1.3813,2.1717,0.86829,-0.18003,0.61221,2.138,0.030111,-0.57771,0.7068,0.78291,-0.4899,-0.01055,-0.73458,-0.072443,0.63391,0.16491,-0.81094,1.1195,1.6074,2.0739,1.2702,1.2152,1.398,2.2304,1.7794,0.14922,1.6525,2.0646,0.93536,-0.6146,-0.30775,-1.248,-0.93681,-1.7254,-0.71473,0.61791,0.75414,-0.55683,0.021081,1.4424,0.57601,-0.6081,0.74299,1.2021,1.2149,-1.5552,-0.88275,0.30868,0.56447,-1.4244,-2.237,-0.96891,0.52802,-1.9126,-1.8122,-1.5133,0.18581,-0.42779,-2.1376,-0.60604,0.10272,0.040178,-1.6331,-1.4757,-0.4712,-0.73827,-1.0538,-1.473,-0.86114,-0.60558,-0.48094,-1.2369,-1.7482,-0.099124,0.0074128,0.0091656,-1.0957,-0.14444,-0.36701,-0.64225,-1.8517,-0.70982,0.24092,0.69677,-0.20694,-0.57323,0.82406,0.84671,0.5015,-0.53249,0.86881,1.0321,-0.27384,-1.2504,-0.19323,0.6708,0.49947,-0.44343,-0.96786,-0.3051,-0.033845,-0.23872,-1.0453,-0.22196,1.1472,0.062423,-0.51674,1.1515,0.48393,0.44473,-0.42322,-1.5316,-1.1708,-0.3465,-0.43161,-1.1769,-0.60973,1.4885,1.1622,-0.84321,-0.48473,-0.034422,1.1134,0.90961,-0.81017,1.1052,0.5575,0.71661,-1.2027,-1.1696,-0.65204,-0.95591,-2.0778,-2.4373,-0.94195,-0.74104,-1.6983,-1.776,0.15676,0.4963,-0.5696,-1.3454,-1.1551,-0.56133,0.46217,-1.3554,-1.7235,-1.2826,-1.734,-2.293,-2.0939,-1.7091,1.0174,0.29211,-0.93093,-0.38271,0.9447,0.74658,-0.72186,-0.87733,-0.15285,1.1075,-0.62241,-0.92276,-0.74267,0.33758,-1.4218,-2.1415,-1.5966,-0.26026,0.2955,-1.1932,-0.8234,0.51417,1.5744,-0.77654,-0.46164,1.3841,1.8168,0.47315,-0.34541,0.92731,1.8038,1.8113,0.68531,0.38309,1.1713,0.50871,-0.31042,-1.0635,0.21701,-0.13492,-0.82223,-1.4185,-0.50717,0.12232,-0.51615,-1.1238,0.21959,0.36986,-0.76953,-1.9799,-0.45935,-1.3413,-2.2796,-2.1329,-1.0941,-1.4124,-2.506,-1.3563,0.41667,1.4789,0.053062,-0.68312,1.7472,2.5793,0.67217,-0.45968,0.93259,0.3756,-1.1672,-2.1147,-1.587,-0.048063,0.066526,-1.5273,-1.7566,-1.0234,-0.35434,-0.22755,-0.71053,-0.76069,-0.52475,-1.2046,-0.42131,-0.77238,-1.1946,-0.20905,-0.096738,0.26377,-0.77591,-1.0105,-0.50697,0.6106,0.81811,-0.2222,0.018581,0.83955,0.013638,-0.37673,-1.5263,-2.2926,-2.2926,-2.0012,-2.0048,-2.6772,-1.8666,-1.5995,-0.67568,-0.078124,-0.8425,-0.33325,-0.0038291,0.36995,-1.1217,-1.8081,-1.7597,-0.060209,-0.38387,-3.0879,-1.5206,0.94523,0.76211,0.35348,0.26666,1.7661,1.8961,1.1947,0.027388,-0.010683,0.60574,0.32456,-1.4694,-1.2478,-1.0438,-1.0765,-0.73599,-1.497,-0.10275,0.64419,0.21191,0.74519,1.9079,1.9398,1.548,1.5212,2.4048,3.0577,2.9983,2.5313,2.6062,3.0838,2.3478,1.543,1.8081,1.8663,-0.19486,-0.12412,1.3238,-0.14205,-1.5732,-2.3725,-0.0026133,-0.025423,-2.029,-2.6954,-0.9102,0.31021,-0.036657,-1.6915,-0.64732,0.0044085,0.15419,-2.0113,-2.4483,-0.81258,-0.090907,-0.68457,-0.72188,0.70604,0.77798,1.0499,1.3653,1.4953,2.2428,2.4875,1.7104,0.24985,0.90937,1.3052,0.73782,0.085636,-0.16788,0.72101,0.9076,1.2519,-0.59994,-0.10318,0.75618,0.81669,0.018939,0.7943,1.8255,2.5665,2.0396,0.93207,0.87159,1.2762,1.2403,-0.28854,-0.75852,-0.362,-0.75626,-1.9348,-0.57096,0.14184,0.66664,-0.69458,0.50501,0.8773,1.1134,-0.011419,0.52306,2.0424,2.0047,0.72144,1.3233,1.9298,2.5871,1.9108,1.4519,1.7951,1.1786,0.0082566,-2.1605,-1.4758,-0.59158,0.068104,-1.1854,-1.2463,-0.50822,0.78804,-0.11796,-0.72522,-1.5126,-1.2508,-0.83227,-1.0642,-3.3515,-2.6091,-0.05927,-0.64924,-0.65845,-1.4435,0.648,0.48796,-0.7472,-0.51296,0.82936,0.60999,0.97896,1.2078,1.955,2.1924,2.0021,2.0019,1.2409,0.046395,0.71592,1.0305,1.3022,0.58153,0.9829,1.9493,2.0866,2.0849,0.84603,1.0244,0.95445,0.67938,-0.61314,-0.11747,-0.038953,0.27396,-0.026881,-0.85003,-1.3727,0.65679,1.2592,-0.29382,-1.3772,-0.38385,0.30409,-0.35917,-1.7725,-0.74348,-0.42919,-0.08509,-0.98154,-1.1032,-0.47826,0.24678,0.0043322,0.17936,-0.73071,-1.3475,0.3889,0.15659,1.3443,0.46679,1.0507,1.4198,2.074,1.7275,1.418,1.2203,1.3177,0.89131,-0.70298,0.10745,0.59896,0.65312,-0.6016,0.34347,0.74742,0.6181,-0.41749,-1.0668,-0.0031379,-0.48352,-1.4573,-1.9437,0.052154,0.21779,-0.14423,-0.38025,0.46799,1.1214,0.95162,0.60017,-0.23355,0.58685,0.31031,-0.42454,-1.411,-1.7456,-0.60638,0.3144,-1.0787,-1.1057,-0.22797,0.25536,0.71905,0.63608,-1.0135,-0.53463,0.64554,-0.14677,-0.15351,0.43521,1.4567,1.5136,0.98465,-0.74462,-0.0074409,1.0173,0.78559,-1.1072,-0.045509,1.3381,0.73172,0.49085,0.88316,0.7555,1.8086,0.20388,-0.44017,0.26914,1.2026,1.9138,1.247,1.1441,2.2404,2.5763,2.4226,2.1062,1.9653,2.8319,2.6224,1.9267,1.2409,1.4997,1.7956,0.37672,0.38162,0.58299,1.7363,0.99889,0.42129,1.1213,1.1679,0.17171,-0.48035,0.36742,0.48393,-0.012096,-0.40349,0.39849,0.47693,0.65358,0.11218,0.34405,0.33553,0.34818,-0.69731,-1.187,0.39709,-0.46894,0.020056,-1.2891,0.42848,0.25672,0.23461,-2.0651,-2.5424,-1.5921,-1.8011,-2.2358,-2.0158,-1.2565,-1.1699,-0.28064,-1.8567,-1.5067,-0.9909,-0.67329,-0.7594,-1.5499,-0.29535,0.11589,-0.27725,-0.38143,-0.093883,0.63965,0.30626,0.35881,0.24604,-0.82992,-1.1225,-0.45181,0.28676,-1.0971,-0.56695,0.4774,1.7294,1.5491,1.3105,1.6411,1.9171,1.6866,0.78985,0.76442,1.146,1.5515,1.6374,1.2235,0.69071,1.7806,2.5943,1.4859,1.5201,2.574,2.5849,2.2099,1.2654,-0.17902,0.94636,1.5531,0.05318,0.1746,0.83627,1.0779,0.80571,0.89896,0.72725,1.0945,0.47471,-0.47071,-0.16008,0.45006,0.62796,1.0632,0.73644,0.010326,-0.19208,0.13955,-0.25057,-1.6375,-1.2554,-0.53982,0.712,0.16371,-0.23969,0.094503,1.637,2.33,0.32875,0.11594,0.72736,0.84734,-0.38596,-1.0288,0.097592,0.3315,-0.30859,-0.43323,-0.4381,0.31978,-0.5671,-0.77833,-0.98915,-0.14049,-0.010438,-0.89747,-1.4019,0.030493,0.62295,0.19749,-1.7182,-0.26574,0.20339,0.40399,-0.32666,-0.55513,0.53364,1.312,0.50853,-0.17054,0.86849,0.58709,0.53607,0.61398,1.0925,0.5872,0.60727,0.16047,-0.37048,-0.47352,-0.49147,-0.038849,0.15125,-0.48028,-0.89504,0.08888,0.23183,-0.40058,-1.8392,-1.0495,-0.6286,-1.5573,-1.9393,-1.0264,-0.67725,-0.24332,-1.6492,-1.6573,-0.40407,0.48975,-1.1289,-1.5231,-1.1525,-0.13162,0.13707,-0.66901,-0.21361,0.63137,1.1342,0.97004,0.92852,0.82146,1.5016,1.3193,1.0972,-0.35267,0.030801,0.49701,1.09,0.02932,-0.84512,0.56947,0.91692,0.77245,0.13865,1.3177,1.0623,1.4251,1.1034,0.97954,0.029555,0.31852,0.98496,0.58788,0.30867,1.2089,1.1525,-1.0137,0.28554,0.70606,1.0636,0.68112,-1.3649,0.24848,0.81533,0.99284,-0.56968,-1.7435,-1.0291,0.079723,-1.135,-1.8261,-0.71791,0.21677,0.77749,-0.59477,-0.42018,0.61222,0.36794,0.013391,-0.39239,0.25836,0.58694,0.81393,0.24648,0.31492,0.49755,0.62077,0.99665,1.3304,0.3654,0.59802,1.466,1.3636,0.9067,0.85265,1.2963,1.442,0.41015,-0.067318,-0.055808,0.27664,-0.56954,-0.80737,-0.61792,-0.61783,-0.72796,-1.6441,0.084867,0.51289,-0.071111,-0.57171,-0.89094,-0.84687,-0.31247,-0.45793,-2.4722,-2.0268,0.0083611,-1.381,-0.58563,-0.92109,-0.2924,-0.55196,-2.0405,-1.8524,-0.83761,0.47348,0.31373,0.15254,0.77046,2.1772,1.233,1.0071,0.99565,1.4672,0.68979,-0.082422,0.18007,0.43099,0.73388,0.42702,0.23802,1.1129,0.79429,1.4721,0.71629,0.31734,0.024942,0.42292,-0.36556,-1.1648,-1.9167,-0.23582,0.69381,-0.6575,-0.73844,1.035,1.9173,0.70425,0.64123,0.98467,1.221,0.38497,-0.53988,-0.62204,0.45334,0.97438,0.2422,0.10317,1.1495,0.90016,0.49681,-0.27427,-0.57371,-0.070471,0.94344,1.4711,0.55223,0.2627,1.1966,0.79615,0.24862,0.047457,0.67028,0.31683,-0.16437,-1.3425,-0.87198,-0.41099,0.5879,0.17433,-1.0823,-0.86217,-0.82359,-0.17565,-0.92072,-1.1977,-1.1292,-1.8867,-2.585,-2.468,-0.61459,1.038,0.76406,-0.55254,-0.23049,0.82514,0.9777,0.00047999,-0.12617,0.72699,0.47701,0.35265,-1.3816,-1.0733,-0.10097,0.26079,-0.77307,-0.9,0.1751,0.8784,1.5133,0.69822,0.91286,0.48164,0.95607,-0.45637,-1.5303,-1.215,-0.13062,-0.91033,-1.6836,-0.88237,-0.071429,1.3773,0.89554,-0.090372,-0.40333,-0.36801,-1.0816,-2.6355,-2.3822,-1.3814,-1.1283,-1.6815,-2.494,-2.063,-1.2821,-0.47876,-1.379,-0.84787,-0.82668,0.03656,-0.31587,-1.1753,-1.3409,0.1256,-0.83157,-1.329,-0.37366,0.19641,-0.0075986,-0.44298,-0.34302,0.35536,0.15924,-0.61013,-0.60274,-0.2105,0.4732,0.28769,0.15936,0.072569,-0.087817,0.64056,0.67072,-0.25731,-0.32943,-0.39125,0.26139,0.18277,-1.0068,-0.13132,-0.029042,0.80176,-0.55716,-1.3974,-0.84265,-0.8338,-0.18491,-0.68515,-0.88627,-0.99919,0.065002,0.071368,0.052932,-0.87521,-0.98093,-0.44715,-1.0758,-2.2308,-1.5587,-0.7164,0.044818,-1.6963,-1.0493,-0.50061,-0.2583,-1.6118,-2.1866,-1.4256,-1.2127,-1.2825,-2.0068,-0.88881,-0.29955,-0.87381,-1.1358,-1.5833,0.17584,-1.6966,-0.33137,-0.18863,-1.0052,-1.4434,-0.26568,-0.34932,-1.036,-1.2307,-0.92946,0.10984,0.084146,-0.012685,0.48263,1.1206,1.2,1.2808,0.23706,0.71544,0.62436,-0.19001,-1.242,-2.2045,-0.99197,0.036026,-0.32962,-0.73278,-0.12248,0.48949,0.54647,0.31235,0.18439,0.66401,1.4728,2.0148,1.4695,1.1541,2.3915,1.9648,2.0871,1.2649,1.6025,1.3973,2.0328,1.643,1.365,0.040451,-0.17333,0.41288,1.1843,0.2278,0.049721,0.99998,1.5566,1.1809,-0.89951,-1.8908,-1.6696,-1.7814,-1.7648,-2.0774,-2.3162,-2.1722,-1.8268,-1.9246,-2.4484,-2.1895,-2.0514,-1.9634,-2.0565,-2.2369,-2.0683,-1.7587,-1.4656,-1.9546,-2.2377,-1.6892,-1.6886,-1.5629,-1.3415,-1.2108,-0.26234,-0.0478,0.16547,0.69377,0.43329,0.66934,0.74773,1.6963,1.7697,0.79686,0.61335,1.4332,1.4223,0.94899,0.96858,1.1119,1.8937,1.8536,1.6031,1.6777,0.98608,1.3668,1.1527,1.0516,0.57481,-0.019873,0.75862,0.74134,0.6296,0.48875,-0.53568,-0.3,-0.94905,-0.60398,-1.1098,-1.4467,-0.31079,-0.79332,-0.46076,-0.016402,-0.0091012,-0.72806,-0.43912,0.065664,-0.55984,-0.84076,-0.92959,-0.66754
-0.15035,-0.097524,0.055786,0.61716,-0.16879,0.031201,-0.053745,0.46694,0.74844,0.3777,0.22339,0.55609,0.21585,0.32858,0.48672,-0.031335,0.475,-0.051722,0.056266,0.32538,0.30386,0.28584,0.40561,0.57876,1.0887,0.70953,0.93749,0.34469,0.1245,-1.2288,-0.31269,-0.27187,-0.54538,-0.50962,-0.40494,-0.79258,-1.2756,-1.3983,-1.0675,-1.186,-1.2079,-1.4717,-0.88926,-1.0374,-0.96792,-1.1,-0.38815,-0.91855,-0.83352,-0.93814,-1.1686,-0.96998,-0.95936,-0.70215,-0.41014,-0.63848,-0.3976,-0.55748,-0.52729,-0.93429,-0.9565,-1.2118,-0.77987,-0.50226,-0.36294,0.38744,-0.10019,0.61154,0.21594,0.2456,-0.10283,-0.11561,-0.60861,-0.28698,-0.4085,-0.15128,-0.75023,-0.56639,-0.87291,-0.7042,-0.71612,-1.0188,-0.5149,-1.2562,-0.82757,-0.82009,-0.77933,-0.70225,-0.36857,-0.047041,-0.57248,-0.68863,-0.23088,-0.98179,-0.99602,-1.5274,-0.64815,-0.3635,-0.67019,-0.4776,-1.0778,-0.46824,-1.7588,-1.2155,-1.0164,-1.0722,-0.99436,-0.49067,-0.84231,-0.59995,-0.65906,-0.77926,-0.93472,-0.31585,-0.11827,-0.091812,0.44942,0.70493,0.67343,0.9931,1.2713,1.0006,0.77987,0.93348,1.0572,0.16423,0.92323,0.50284,0.94194,0.85328,1.0105,0.5449,0.34186,0.20629,0.26302,0.062132,0.10563,-0.19853,-0.36441,-0.32279,-0.65182,-0.50665,-0.31869,-0.079104,0.097464,1.3703,1.1122,0.8199,0.90712,1.2661,1.5301,0.98755,1.5109,1.2544,1.0127,1.2375,1.01,0.81863,0.55861,0.36146,-0.088015,-0.30015,-0.68434,-0.35343,-0.50443,-0.88632,-0.26053,0.96562,0.96131,1.1603,0.94166,1.1228,1.7794,1.6094,1.3189,1.768,1.8524,1.6037,1.2642,1.4033,1.1544,0.06402,-0.32173,-1.1283,-1.6048,-1.2344,-1.372,-1.0938,-1.1473,-1.291,-1.2942,-1.1635,-1.1116,-0.99854,-1.2926,-1.6197,-1.2567,-1.5856,-0.87036,-0.9711,-0.48685,-0.27404,-0.52529,-0.42114,-0.10432,-0.21424,-0.19558,0.17924,0.44112,0.10692,0.56034,1.0959,1.0106,1.0119,0.65162,1.8542,1.8386,1.7034,1.189,1.3069,0.55508,0.20773,-0.064178,-0.28269,0.13236,-0.32015,0.31035,0.34079,0.29774,0.39977,0.66719,-0.49837,0.12433,0.030074,0.064218,-0.054379,0.2829,0.23188,-0.16119,-1.0755,-0.61211,-1.0243,-0.64462,-0.45381,-0.62091,-0.84568,-0.1492,-0.48126,-0.66697,-0.7152,-0.63171,-1.1629,-1.0004,-1.4126,-0.89474,-0.82837,0.22762,-0.53794,0.1955,0.18282,0.32442,-0.28931,-0.059462,-0.12023,-0.85682,-0.83707,-0.50094,-0.79463,-0.63345,-0.58547,-0.21902,0.80634,0.75937,1.2522,1.6402,1.2112,1.8416,1.8615,1.2466,1.2098,0.59279,0.46934,0.81399,1.1707,0.98059,1.23,0.77175,1.2228,1.508,1.7857,1.4351,2.0301,1.7738,1.3367,0.29354,-0.48109,-0.76874,-1.2003,-0.57753,-1.358,-1.4072,-1.7938,-2.1009,-2.1599,-2.7362,-2.7272,-2.2585,-2.0503,-2.3326,-2.1667,-1.7308,-1.0328,-0.74422,-1.4084,-1.033,-0.11185,-0.049859,0.23674,0.33481,-0.18086,-0.0011187,-0.079665,-0.16231,-0.1225,-0.36522,-0.12966,0.26584,0.25294,0.52963,0.46362,0.60044,1.2796,1.298,1.1106,1.0952,1.6189,1.2012,0.73471,0.53706,-0.07925,-0.25578,-0.49993,-0.76428,-0.86039,-0.64454,-0.74328,-0.40263,-0.21304,-0.15424,0.54669,0.31781,0.71544,1.2839,0.83826,0.62903,0.69923,0.40638,-0.39302,-0.54764,-0.81431,-1.4048,-1.92,-1.5507,-1.4241,-0.89436,-0.81459,-1.0188,-0.72367,-0.58042,-0.53348,0.06858,1.1019,0.88176,1.0013,1.6829,1.1983,1.2973,1.0355,0.75601,0.43092,0.19487,-0.62436,-1.1082,-0.85416,-0.44663,-1.0152,-0.69189,-0.50426,-0.22054,1.0581,0.81747,1.6083,1.3904,2.3723,2.8433,1.9945,2.6808,2.685,2.6648,1.5974,0.77664,-0.13103,-1.137,-1.5604,-1.7618,-2.2322,-2.009,-2.461,-2.29,-1.9786,-1.839,-1.0801,-1.3016,-1.5662,-1.6252,-0.94064,-1.0507,-0.81803,-0.61487,-0.59281,-0.40188,-0.7973,-0.84669,-1.5007,-1.1208,-0.65854,-0.57489,-0.71851,-0.27144,-0.59206,-0.054382,0.23853,0.059442,-0.47715,0.37674,1.0298,0.73002,1.4824,1.5812,1.7422,1.6069,0.91982,0.80475,0.62894,0.25045,-0.40769,-0.67815,-0.65187,-0.73206,-0.8435,-0.88911,-0.98296,-1.1864,-1.0723,-1.0044,-0.92126,-0.66383,-0.4355,-0.0085506,-0.35346,0.53264,0.44076,0.73401,1.2245,1.6878,1.5168,1.9105,1.9666,2.3497,2.4221,2.0557,1.5837,0.87925,0.27595,-0.61227,-0.99406,-1.829,-1.3119,-1.456,-0.69515,-0.929,0.46724,0.37275,0.70815,1.0186,0.77259,0.59008,0.13611,-0.23883,-0.34118,-1.5455,-2.1867,-2.1793,-2.0232,-1.7163,-1.7574,-1.1548,-1.1266,-0.90158,-1.0574,-0.41959,0.67553,0.24174,0.48019,0.96166,0.8708,1.3371,1.3684,1.6674,1.0985,0.66711,0.22906,0.31913,0.81972,0.46376,1.5396,1.5948,2.191,1.796,1.0555,1.2736,0.674,-0.053549,-0.35795,-0.55308,-0.39474,-0.8859,-1.2891,-1.778,-1.3466,-1.5949,-2.0049,-1.9149,-1.9971,-1.2751,-1.4701,-1.3778,-0.91182,-0.53892,-0.82265,0.028555,0.24277,0.41466,0.42916,0.97699,0.5481,-0.41633,-0.42205,-1.0534,-1.1055,-1.3908,-0.7944,-0.84471,-0.73225,-0.14077,-0.31538,-0.2534,0.12925,0.13267,0.18345,0.23639,0.57523,0.9128,0.3612,1.164,-0.052245,0.091353,-0.28481,-1.2308,-0.61197,-0.41644,-0.69989,0.40354,0.17259,0.52476,0.87539,1.239,1.6871,1.666,2.1855,1.9842,2.8723,3.0127,3.6801,3.3078,3.4106,3.5719,3.7238,3.4693,2.9087,3.6584,3.589,3.8769,4.0836,3.5231,2.9947,1.4383,1.0379,-0.887,-1.5782,-2.0706,-2.6227,-2.3503,-2.5948,-2.1882,-2.8374,-2.7074,-3.3309,-2.9283,-2.8785,-2.5658,-2.7012,-2.2714,-1.9939,-1.6723,-0.43072,0.13571,0.019427,0.84881,0.91332,0.76056,1.1403,0.94437,2.0129,1.886,1.16,0.69936,0.079439,-0.92564,-1.253,-1.7741,-1.7173,-2.1603,-2.0583,-2.1495,-1.8313,-1.5034,-1.4094,-0.76271,-0.46705,0.34152,0.16798,0.4792,1.8395,1.9078,1.3202,1.7421,1.7491,2.0524,2.4853,2.4969,1.7383,2.1157,1.7553,1.0419,0.61415,0.78604,0.74564,1.8267,1.8826,1.2504,1.2332,0.91441,1.275,1.229,0.969,1.0296,1.113,1.4999,1.0469,1.2957,1.1807,1.4116,1.2557,0.70099,0.74812,-0.35253,-0.043867,-0.36028,0.13524,-0.4609,-0.17897,-0.25238,-0.32751,-0.23021,-0.85846,-0.93121,-0.43374,-0.46826,-0.35235,0.60395,0.15375,0.92134,0.82673,1.1591,1.7132,1.4461,1.6798,1.5939,0.43091,0.14038,0.10476,-0.68324,-1.1276,-1.3087,-1.5781,-1.12,-1.414,-1.2765,-1.4142,-1.557,-2.0074,-1.5078,-2.1447,-1.5028,-1.5686,-1.304,-0.76813,-0.29036,-0.24637,-0.27313,-0.16042,-0.53572,-0.64117,-1.1374,-1.3171,-1.7952,-1.2195,-1.5121,-1.0944,-1.5884,-1.0214,-0.96025,0.047483,-0.56254,0.65355,0.91984,0.6241,1.2651,1.7751,1.9635,1.7454,1.9548,1.7202,1.723,2.201,2.6962,2.946,2.9485,2.9882,2.893,2.9975,2.5091,2.1469,1.7811,0.87742,-0.61989,-0.90029,-1.3224,-1.278,-2.0679,-1.881,-1.966,-1.7312,-1.4347,-1.8196,-1.6134,-1.7281,-1.4799,-1.7161,-1.8134,-1.608,-1.6315,-1.0241,-0.47616,-0.64373,0.57407,0.42052,0.89109,1.119,1.3112,1.2415,1.3697,1.9258,2.0893,2.3956,2.8926,1.4959,1.0452,0.71181,0.029481,-0.42976,-0.63745,-0.95782,-1.3571,-1.3812,-1.2686,-1.1032,-1.2499,0.020386,-0.42832,-0.15023,0.29077,0.62566,0.64429,1.7081,2.4847,1.6376,1.2273,1.2243,1.2741,0.4171,-0.26602,-0.35996,-0.78824,-1.3239,-2.1009,-2.207,-2.0256,-1.0886,-1.1294,-1.3393,-1.5894,-1.3998,-1.5252,-1.5738,-0.95051,-1.2397,-1.1758,-0.89627,-0.44616,-0.13324,-0.17674,0.053009,0.47142,0.72763,1.1028,1.1172,1.6625,1.817,2.2865,1.9917,1.7913,1.6786,1.741,1.3852,0.91447,1.1371,-0.86803,-1.1154,-1.1481,-1.6232,-1.9147,-1.9156,-1.7693,-2.1325,-1.7479,-2.4866,-1.2516,-1.0554,-0.79023,-0.25386,-0.42531,-0.68517,-0.062646,0.38957,0.01954,-0.085127,-0.047782,-0.061073,0.65562,0.71435,0.71503,1.1771,1.0116,1.169,0.51658,0.26667,-0.93578,-0.83427,-1.338,-1.5586,-1.7479,-1.3592,-1.2658,-1.3958,-1.4526,-1.1326,-1.2318,-0.60307,-0.53317,0.036103,0.17972,-0.16892,-0.55978,-0.57064,-0.032693,0.2289,0.53133,-0.29883,0.44025,0.1402,0.47048,0.40495,0.5045,0.07245,-0.56807,-0.80778,-0.52853,-0.022348,-0.022242,-0.60282,-0.42872,0.086284,0.74773,0.40846,1.1365,0.7417,0.78436,1.0402,1.336,1.5449,2.0513,1.6414,0.90152,0.48058,-0.39049,-1.0758,-1.7014,-1.9224,-2.144,-2.7811,-2.6337,-2.4313,-2.3583,-2.421,-1.9856,-1.7062,-1.3038,-1.5258,-1.4556,-0.49694,-0.22901,-0.44274,0.21753,0.45419,0.58592,0.55204,0.3992,0.38263,-0.40932,-0.31942,-1.4181,-0.99349,-1.2595,-1.5933,-1.5432,-1.758,-1.6693,-1.2173,-0.62071,0.14367,0.88692,0.87304,1.0645,1.382,1.8913,2.5224,2.1362,2.3183,2.3171,1.6746,1.7849,2.1219,1.9212,1.5668,1.4078,0.15734,-1.0351,-1.2553,-1.1863,-1.1837,-1.6556,-1.2116,-0.55139,-0.24963,-0.3074,0.27923,0.47155,0.3276,0.77051,0.42477,0.9998,0.87451,1.2851,1.3824,1.5709,2.0246,1.6177,1.2401,0.44353,-1.1211,-1.5631,-2.2224,-2.8013,-2.5102,-2.607,-2.1685,-2.0704,-1.5114,-1.3843,-1.5361,-1.62,-1.9199,-1.6902,-1.6026,-1.4761,-1.4905,-0.55401,-0.77232,-0.33395,-0.95429,0.17499,1.1276,1.5494,1.7311,1.8836,1.8469,1.8008,1.0875,0.54758,-0.33395,-1.6088,-1.6102,-1.9444,-2.4645,-2.3879,-2.1402,-2.3156,-2.2434,-1.6051,-1.1049,-0.77525,-0.95529,-1.6531,-1.1573,-0.62483,-0.38446,-0.301,0.018568,0.26586,-0.91029,-0.29088,-0.73474,-1.0779,-1.6057,-1.9023,-2.0704,-1.714,-2.0008,-1.8057,-1.9114,-1.6073,-0.97595,-0.88224,0.20183,0.72122,1.26,0.5865,1.1374,1.1279,1.183,1.0147,1.3303,1.7608,1.505,2.1629,2.4029,2.4118,2.4261,1.9697,1.5386,1.2682,0.46999,0.064089,-0.50642,-1.1955,-0.68376,-0.80158,-1.1724,-1.1344,-0.23782,0.044691,-0.1055,-0.4203,-0.64722,-0.35751,-0.34825,0.32893,0.45458,0.4287,1.0957,0.98208,1.2941,0.85046,1.4138,1.4314,1.0537,0.96413,0.82136,0.71633,0.81828,0.66688,1.2559,1.4714,1.5248,1.4501,1.6295,1.3828,1.6371,0.30189,-0.3547,-1.0528,-1.7572,-2.2101,-1.4793,-0.98564,-1.3,-1.2526,-1.1295,-0.92354,-0.76827,-0.95625,-1.2256,-1.4903,-1.2066,-1.2322,-0.85212,-1.2776,-1.3092,-0.54223,-0.97254,-0.66306,-0.28362,0.43669,0.85826,0.57135,0.9343,0.5778,1.1697,0.96269,1.2206,1.3746,1.2742,0.8787,1.6038,1.07,1.6997,0.96641,0.90157,1.4648,1.0313,1.1841,1.3198,1.039,0.72821,1.141,0.67814,0.34551,0.016487,0.25325,0.22706,0.76125,0.84768,0.83525,0.39609,1.2952,-0.31001,-0.47432,-0.68867,-0.93101,-0.45323,-0.892,-0.62878,-0.70113,-1.4027,-1.0792,-0.95456,-0.98885,-1.0931,-1.1766,-0.78063,0.22535,0.28067,0.42937
-0.46374,-0.67633,-0.25298,0.016164,0.017457,-0.28394,-0.11607,0.45302,-0.35788,-0.48503,0.69325,0.22333,-0.041282,0.43258,-0.41263,-0.30896,-0.21252,-0.46644,-0.5335,-0.48589,0.062229,0.13415,-0.47572,-0.31053,-1.2745,-0.37074,0.96184,0.47575,-0.96524,-0.089436,0.23352,-0.16044,-1.2556,0.21182,0.85131,0.25368,0.33987,-0.57051,0.59314,-0.3133,-0.078416,-0.55505,-0.12616,-0.67175,-0.98338,-0.52984,1.114,0.34334,-0.18837,0.052738,0.69346,0.6151,0.64943,0.56983,0.17634,0.19955,-0.48314,-0.40548,0.015469,-0.06164,-0.70935,-0.96906,0.44831,0.21098,0.0047723,-0.11027,-0.012582,0.15078,0.85974,-0.90856,-0.85791,-0.85469,0.3195,-0.33817,-0.74108,-0.65777,0.46204,0.16723,-0.16119,-0.20536,0.34486,0.62682,0.098522,0.12511,0.85347,0.97466,0.74704,-0.087692,0.36961,0.52051,0.095465,0.98766,0.56245,0.86627,0.71154,1.0104,0.55002,0.80019,1.4857,1.4299,1.3541,0.75063,1.1432,1.3898,1.4777,0.9892,1.1862,0.57555,0.23601,0.2803,2.0244,0.34425,0.51199,-1.0219,0.1288,0.4737,0.76773,0.19415,0.69942,0.90283,0.74302,1.2492,0.43364,0.48946,0.23943,0.53024,0.99113,-0.025163,0.21087,-0.2601,0.1336,0.58295,-0.189,0.98165,1.0518,0.21704,0.1908,-0.55119,-1.1506,-0.28352,0.36627,-0.36289,-0.30759,0.23134,0.029153,1.2387,-0.19272,0.57271,0.35455,0.98465,-0.031193,-0.3642,0.065502,-0.59678,0.099147,0.20539,0.0053067,0.49013,0.30184,0.4933,0.068569,-0.34444,0.070725,-0.1603,-0.44515,-0.8227,-0.5152,-1.7341,0.18485,-0.32949,0.51368,-0.20998,0.36214,0.040827,-0.43363,-0.11253,-0.18737,0.16638,-0.072794,0.30713,0.43789,0.8373,1.0805,1.2365,-0.027834,0.77973,-0.14032,1.1558,0.54037,0.83243,-0.11037,-0.36996,0.012784,0.27958,-0.327,0.42526,0.63062,0.043772,-0.78697,-0.11615,1.1399,-0.06022,0.23063,-0.17443,-0.053925,0.61736,-0.083123,-1.0273,-0.31709,0.60436,-0.57038,-0.16122,-0.025335,-0.60549,-0.38934,-0.52949,-0.44837,-1.1275,-0.2839,0.22059,-0.11376,0.33524,0.048069,1.0711,0.32911,0.42266,0.67424,0.6431,0.40662,0.23111,1.5781,1.0225,1.5449,1.043,0.25112,1.1266,0.38438,0.052694,-0.78733,-0.26456,0.18727,0.15834,-0.19281,0.47567,0.43081,0.10813,0.034346,0.21897,0.44302,-0.48974,-0.71742,0.056889,0.18908,0.0079533,0.51768,-0.70924,2.0354,1.0147,0.98071,0.35076,2.1045,0.64565,0.81865,1.6356,1.4636,0.76454,-0.26602,0.37074,-0.18375,0.31589,-0.71033,-1.0451,-1.8927,-1.1555,0.26671,-1.0035,-0.12302,-0.0031742,0.37164,0.22251,0.031005,-0.72737,-0.80595,-0.8161,-0.85103,-1.5547,-1.8983,-1.0742,-0.98999,0.022268,-0.23776,-0.026877,0.42225,-0.37542,0.37844,-0.32831,0.016923,-0.02701,0.1459,-0.44973,0.072324,0.16425,0.040071,0.1713,-1.0853,0.030372,-0.18591,1.1607,-0.14887,-0.36462,-0.76217,-0.39691,-0.30158,-0.18694,-0.34304,1.0817,0.14121,0.0035324,-0.73971,0.11335,-0.3978,0.11418,0.56772,-0.35974,-0.35624,-0.3429,0.32427,-1.2792,-0.86641,-1.0238,0.10652,-0.53356,-1.1638,-0.6601,0.4622,-0.12814,-0.15825,0.63373,0.58191,-0.14521,0.11437,-0.79138,0.63033,-0.16902,0.037588,0.094331,0.64163,0.23525,-0.80088,-0.59103,-0.88294,-0.60419,0.042942,0.33328,0.72092,0.20942,0.96701,0.42721,0.92525,-0.056473,0.7526,1.0538,2.0613,1.5299,0.71686,1.604,0.68325,0.84639,0.76323,-0.073334,-0.019514,-0.80763,-0.4375,-1.7114,-0.4731,-0.75673,-0.51156,-0.57977,-0.27967,-0.0051758,-0.85305,-0.69821,-0.44231,-0.48963,0.30902,0.299,-0.6973,-0.38636,-0.9752,0.4286,-0.79048,-0.94272,-0.55574,-0.48691,-1.3937,-0.90823,-1.1969,-0.41187,-0.37165,0.083562,-0.73247,-0.159,-0.22399,0.15799,-0.11384,-0.54484,0.55308,-0.24653,-0.083038,-0.084807,1.4481,0.78421,1.6006,0.40648,1.537,0.79872,0.84641,-0.34451,0.27418,0.98058,-0.10487,0.17711,0.44452,0.82191,0.36597,-0.027414,0.42127,-0.015963,-0.11018,-0.47483,0.37066,0.26143,-0.54962,-0.66191,-1.0227,-0.42223,-0.064051,-0.76252,-0.2054,-0.68514,0.055295,0.21313,-0.2279,-0.57476,0.60121,-0.34398,0.48438,0.5987,0.23567,1.1355,1.362,-0.15984,-0.55272,0.49913,-0.26697,-0.474,-0.30831,0.080162,0.32394,-0.60043,-0.68539,-1.065,-1.4143,-1.3254,-1.0393,-2.0722,-1.539,-1.5573,-0.71091,0.083955,-0.071654,0.087771,-0.044254,0.061813,-0.51844,-0.39504,-0.32479,0.41862,-0.57997,-0.43743,-0.73195,-1.4066,-0.27885,-0.80452,-1.2731,-1.3197,-0.17686,-1.1323,-0.78799,-0.75169,-0.0066489,-0.64183,-0.18375,-0.91567,0.57368,-0.72625,-0.56726,-1.1131,-1.6076,-2.1484,-1.9641,-0.68072,-1.1653,-1.4,-1.2557,-0.37155,-0.6779,0.26866,-0.057578,-0.24179,-0.58907,0.85439,-0.70126,-1.0601,-1.367,-0.24676,-1.1382,-1.5225,-0.56244,0.35987,-0.54435,-0.747,-0.57529,-0.050281,0.032629,-0.24235,-0.52781,0.074675,-0.73595,-0.25136,-0.74011,-1.0194,-0.27003,-0.41055,0.022183,-0.81451,-0.65549,-0.40385,-0.83718,-1.373,-0.90118,-1.0442,-1.1655,-0.93218,-2.0501,-0.085281,-0.78803,-0.45871,-0.44801,-0.62357,-0.066297,0.32461,-0.95916,-1.3335,-1.448,-0.1173,-0.58462,-0.67124,-1.2533,-0.54577,-1.4165,-0.96946,-0.97913,-0.93037,-0.71249,-1.0503,-0.25007,-0.4885,0.88866,0.21491,-0.28957,-0.69775,0.168,-1.3161,-0.77129,-1.2735,-0.16302,-0.80086,-0.30551,-0.45728,-1.385,-1.2124,-2.1005,-1.5243,-1.6652,-0.98512,-0.50834,-0.25527,-1.1007,-0.65968,-0.58228,-1.6056,-0.501,-1.3669,-1.1087,0.13552,0.11068,-0.22838,0.78834,0.83361,0.12156,0.70248,0.36169,0.59272,0.17183,0.1224,0.8508,0.23802,0.34013,-0.95405,-1.4295,-2.0054,-0.50428,-0.98517,-1.8376,-0.76981,-1.4303,0.02775,-1.2622,-1.2206,0.39973,-0.094198,-1.3763,-1.251,0.18391,0.14512,-0.13223,1.1534,0.45909,0.89775,1.1196,1.3881,0.96247,0.56227,1.3681,0.38958,0.22947,0.62158,-0.019861,0.10722,-0.38904,-0.086395,-1.1099,-0.55138,-0.43798,-0.43659,-1.3297,-0.76719,0.23121,-0.41369,0.22153,0.14354,0.70459,0.46478,0.16743,-0.6744,-0.33135,-0.3635,-0.67698,0.2692,-0.48864,-0.99604,-0.18184,0.2354,0.12403,0.26389,0.65364,1.015,0.18696,0.1512,-0.81395,-0.40846,0.79136,-0.73897,0.66759,0.64162,1.3837,1.131,0.72961,0.97938,0.79512,0.72109,0.76353,-0.22819,0.37876,0.21353,-0.17478,-0.50592,-0.62068,-0.3876,0.47816,-0.60588,0.00096755,-0.95527,0.018,-0.12137,-0.2839,-0.80545,0.71842,-0.32151,0.043856,0.18357,0.61987,1.0177,1.1992,1.3475,1.1551,1.6409,0.84863,1.2218,0.76829,0.73315,1.1059,0.54555,0.54995,1.223,0.64106,0.82747,1.2219,1.1962,1.4017,1.971,0.48992,1.2523,0.77915,1.2668,0.27064,0.84448,1.1287,0.61962,1.4389,0.76515,-0.033623,0.3801,0.032782,0.071579,-1.3494,0.33619,-0.83806,-0.12702,-1.2088,-1.5154,-1.1015,-1.4115,-0.08863,-0.91373,-0.83586,-1.08,-0.02252,-0.40052,-0.67778,-0.45689,-0.34525,0.17215,0.10471,0.6948,1.3662,1.0876,1.4691,1.6072,0.99978,1.3468,1.4434,0.90382,0.4402,0.41555,0.81872,1.147,0.2734,0.26493,0.93267,1.3329,0.63995,-0.44621,0.083784,-0.18721,0.52491,-0.3733,-0.74171,-1.5307,-0.18203,-1.3766,-0.28605,-0.53915,0.69486,1.1465,0.68604,1.2916,0.74576,1.4448,0.64867,0.82862,0.95696,0.23603,1.1319,-0.11261,-0.44012,-0.56565,0.34065,-0.59305,-1.5724,-1.3684,-0.71092,-1.2959,0.1181,0.098953,-0.04113,-0.012237,0.68442,-0.60758,-0.62071,-1.1547,-0.20688,0.21132,0.57255,0.037582,0.10344,0.63981,0.6653,0.88662,0.46218,0.86254,0.60855,-0.089582,-0.17984,-0.51151,-0.51362,-1.2247,-1.4355,-1.0535,-0.43641,-0.62829,-0.46207,-0.74628,-0.82045,-0.31047,-0.45913,-0.45158,-0.3542,-0.24734,0.21818,-0.090489,-0.34418,0.14545,0.36503,-0.10965,0.1109,0.98394,1.1664,1.7464,1.3418,1.5137,1.2354,1.2678,1.066,1.0773,0.75086,0.59849,1.118,-0.57549,-0.053004,0.0038275,0.044782,0.08952,0.18653,1.2745,1.0106,0.89755,0.027614,-0.53934,0.057409,-0.33959,-0.34773,1.2985,1.4941,1.4946,1.4449,1.2619,1.1763,1.2739,0.57135,0.4925,0.68703,0.49213,0.89919,0.3998,0.95485,0.85959,1.1973,0.55902,0.96794,0.79639,0.8471,0.069867,-1.1195,-0.95648,-0.11898,-0.17578,-0.72993,-2.0263,0.078067,-0.04656,0.47366,0.33501,0.80296,0.93279,0.5722,0.69109,0.80741,0.96143,0.66253,-0.89605,-0.89102,0.19877,-0.98133,-0.78892,-0.22254,-1.3447,-0.23687,-0.71048,-0.084334,-0.064006,0.5913,0.87732,0.94417,1.3098,0.82634,0.52943,1.6543,1.6698,0.75468,1.1602,1.2236,1.2175,1.5812,0.38538,1.9381,1.3904,1.429,0.76522,0.87535,0.24473,1.4462,0.97246,-0.84136,0.52001,0.42368,-0.054319,0.26788,0.12155,1.2127,0.97644,0.93201,1.172,0.94267,0.64714,0.13587,0.059461,0.72308,0.72504,-0.34095,-0.76756,-0.23444,0.3307,0.0046731,-0.15782,-0.94754,0.90972,1.1534,0.2751,-0.88968,0.023715,-0.93431,0.1225,0.57623,-1.0619,0.7554,0.7064,1.5807,0.37632,0.48643,1.1391,0.91488,0.52021,-0.29184,-1.1072,-0.34908,-0.29996,-1.3238,-1.1534,-1.26,-1.1623,-0.29452,-1.0398,-0.76196,-0.30574,-0.4673,-0.09992,0.097994,0.70343,0.45214,0.70146,0.4984,0.58349,1.2749,1.2863,1.0926,1.3023,1.19,1.4705,1.0349,0.60962,0.6805,-0.024067,-1.2372,-0.27822,-0.8895,-1.5026,-1.1854,-0.74062,-1.3507,-1.0547,-0.18137,-1.099,-0.60597,-0.69031,-0.082617,0.49458,-0.10997,0.76508,0.194,1.1085,1.0432,0.22823,0.2956,0.68821,0.56178,1.485,0.40573,-0.0040178,-0.31035,0.59068,0.31562,1.3996,-0.43739,-0.18071,0.2587,-0.45139,0.25007,0.58971,0.95073,0.69047,0.62802,0.10079,0.31943,1.0043,0.64803,0.98203,1.0209,0.51853,1.3483,1.5294,1.3221,1.363,2.0363,0.26874,0.34431,-1.5464,-1.7822,-0.70777,-1.3256,-1.3385,-1.1743,-0.83532,-0.70903,-0.83585,-0.19297,-0.54891,0.13878,0.4578,0.19576,0.24546,0.36438,0.91823,0.53926,0.36815,0.22366,0.60018,-1.0748,-0.36904,-0.97422,-1.233,-0.88894,0.014252,-1.2501,-0.50162,-0.17089,-0.71648,-0.63142,-0.70492,-0.50209,0.66568,-0.40543,-1.3124,-1.3198,-0.38089,-1.4146,-0.7097,-0.94904,-0.64815,-0.44315,-0.76741,-0.56973,-0.062412,0.0016214,-0.43551,0.36259,0.08486,0.47938,0.47511,0.17397,0.75591,0.25011,1.0201,0.41459,1.0251,0.97908,0.48643,0.87518,0.34038,0.57727,-0.076123,-0.13744,-0.59023,-0.44534,-0.05853,-0.5175,0.73263,0.1665,-0.74468,0.0043154,-0.12694,-0.41474,-1.0459,-0.35099,-0.42736,-0.23349,-0.48548,-1.018,-0.38076,-0.14811,-0.32706,-1.0089,-0.63255,-1.2239,-0.94157,-0.63809,-0.5725,-0.75462,-1.0785,-0.87994,-0.57388,-0.70938,-0.49759,-0.61656,-0.47992,-0.73257,-0.79495,-0.26445,-0.57494,-0.52758,-0.54674,0.30571,-0.27573,0.49803,0.40931,-0.28036,0.50273,0.22486,-0.3104,-0.67379,-0.11243,-0.90036,-0.48632,-1.1623,-1.209,-1.0345,-0.88684,-0.47459,-0.41207,-0.59329,-0.62553,-0.20119,-0.28151,-0.022899
-0.78663,-0.73627,-0.60194,-0.89184,-0.23408,0.12455,0.19745,0.04376,-0.51765,0.14988,0.38663,-0.076654,-0.50876,-0.39887,-0.14735,0.19708,-0.0086866,-0.14496,-0.21349,-0.71226,-0.37835,0.12633,0.038559,0.18727,-0.027687,0.34463,-0.02071,0.63622,0.50382,0.01058,0.014523,-0.12941,-0.023593,0.53559,0.53035,-0.63339,-0.13134,0.091059,-0.26197,0.21489,0.19915,-0.33009,0.2843,0.44523,1.0209,0.69631,-0.052531,0.67566,-0.48897,-0.56449,0.16979,-0.24,0.61882,-1.0622,0.043977,-0.16183,-0.088318,0.24107,0.8323,0.2403,0.58048,0.67789,0.837,-0.2307,-0.13983,0.37335,-0.24229,0.90354,0.22931,0.81988,-0.082782,0.31505,0.29054,0.17423,-0.68115,-0.055112,-0.065824,-0.13503,-0.28334,-0.24946,-0.063939,-1.0993,0.47626,0.46751,-0.36335,-0.53936,-0.079997,-0.57381,-0.12637,0.59069,0.26981,0.37231,0.85934,0.25851,0.63534,0.0076697,0.60259,0.28367,-0.070319,-1.093,-0.48477,0.87695,0.39799,-0.83824,-0.30118,-0.16822,0.11383,0.66963,-0.086542,0.61837,0.28864,-0.040499,0.23541,-0.268,0.20866,0.60056,0.31034,0.27799,0.58816,0.51795,0.44806,0.1809,-0.1087,0.5671,0.76616,0.63024,0.73149,0.72081,0.47378,0.028864,0.38034,0.38954,0.25041,1.0069,0.048369,-0.93809,-0.091198,0.13297,-0.92353,-0.33368,-0.80753,-1.0161,-0.9578,-0.44693,0.77928,-0.12684,0.40068,0.34582,1.2042,-0.23753,0.47173,-0.3501,-0.92271,-0.38574,-1.2683,-0.36974,0.021719,-0.11427,-0.52335,0.50745,0.012244,0.24433,0.37784,1.2309,0.55075,-0.5384,0.82131,0.9211,1.4576,-0.95134,-0.024612,0.15945,-0.94741,-0.49138,0.22412,0.027287,0.28563,0.31394,0.10479,0.49022,0.091621,-0.19837,-0.30251,0.34357,0.25672,0.081288,1.0348,0.40872,-0.080702,0.55404,0.20143,-0.29483,-0.61932,-0.31398,0.16463,0.40581,-0.16919,0.86452,1.6799,1.0618,1.3594,0.11696,0.80941,-0.5873,0.037958,-0.048931,0.2517,-0.27884,-0.024513,1.2247,0.3334,0.92891,0.54011,0.37915,-0.027113,0.3914,0.12216,0.031257,0.89887,-0.162,-0.47026,-0.14008,0.14308,-0.41114,-0.067113,-0.29936,-0.070592,0.64585,0.21783,0.92538,0.9652,1.0328,0.85307,0.047257,-0.70138,-0.42404,0.33437,-0.015788,-0.16889,-0.011529,0.034904,1.416,-0.27286,-0.19291,0.73387,0.45238,0.44098,-0.19486,0.43045,-0.76414,0.37828,0.3812,0.58208,-0.81205,0.10106,1.0757,0.24637,-0.075399,0.71768,0.8262,0.22696,0.089411,-0.35103,0.57461,0.38239,0.82915,0.23334,0.27095,0.62977,0.26588,-0.40147,0.32958,0.54252,-0.3435,-0.16797,0.055244,0.0087906,-0.01425,0.70509,-0.3269,0.37858,-1.0356,0.080242,-1.0175,0.052471,-0.64793,-0.37274,0.25182,-0.096276,-0.15375,-0.74084,0.25703,-0.29587,-0.36147,0.64657,0.71997,0.76589,0.59476,0.25008,0.40826,-0.46314,-0.32012,0.57345,0.39416,0.16969,-0.36613,0.58804,0.15816,0.42406,0.25462,-0.48154,0.11039,-0.59537,0.028256,0.48374,0.91953,1.2037,-0.92616,-0.19822,-0.89936,-0.067275,0.64454,-0.13051,-0.71826,-1.2401,-0.9794,0.0023724,-0.50112,-0.96133,0.23259,-0.28916,0.23066,-0.11975,-0.17216,0.23802,0.82629,0.68625,0.84579,-0.29034,-0.22812,-0.85209,0.0008379,0.25427,-0.089855,-0.2736,-0.35738,0.52923,-0.53016,-0.35435,0.65119,0.32014,0.32587,0.97329,0.081815,0.1337,0.60911,0.57896,1.0934,0.66896,-0.49629,0.19249,0.086061,0.2734,0.68024,0.57076,-0.69506,0.11507,0.32535,-0.45836,-0.0034736,0.15841,-0.40448,0.47113,-0.37735,0.34577,-0.029205,0.0073604,0.6832,-0.19158,-0.10742,-1.0457,-0.36595,-0.92883,0.093997,0.49086,-0.34157,0.29933,-0.56162,-0.58888,-1.3752,-0.11919,-0.74956,-0.58671,-0.51751,0.33776,-0.66394,-1.0523,-0.38255,0.83711,-0.084293,-0.89815,0.39269,0.61706,-0.024903,0.39296,-0.23521,0.32014,0.85543,-0.049651,1.1316,1.3499,1.0088,0.82128,0.82318,1.3583,1.0395,0.54947,0.2777,0.68278,0.077144,0.58767,0.075566,1.0532,0.17824,0.51505,-0.48764,-0.69051,-0.054041,-0.27755,-0.48232,-0.13902,0.90676,1.1805,0.29463,0.82933,0.12122,-0.075892,1.0193,-0.92823,0.54469,1.1564,0.43806,0.30141,0.4128,-0.52156,-0.087332,0.65857,0.066767,-0.67345,-0.031811,0.05624,0.13338,0.16564,0.87358,-0.45378,-0.1088,-0.15483,-0.061881,-0.14741,-0.50741,-0.67454,-1.2587,-0.50474,-0.34316,-0.78679,-1.1777,0.30389,-0.50381,0.24656,0.44947,-0.67182,-0.4437,-0.45347,0.10014,0.46579,-0.036874,-0.60058,0.1802,-0.2581,0.14673,0.53389,-0.66807,0.38298,0.52585,0.49194,-1.1085,-0.22131,1.4931,-0.17977,-0.081003,-0.44533,0.17519,-0.51017,-0.43663,-0.48322,0.42561,-0.50903,-0.92754,-1.2376,-0.36502,-0.27613,-1.3114,0.49267,-0.17977,-0.45353,-0.46337,0.091061,0.51575,-0.14886,-0.19997,-1.1504,0.019127,-1.4277,-0.85458,-0.26209,0.55541,-0.93033,-0.84429,-0.82553,-0.48546,0.10983,-0.8569,-0.46473,-1.0059,0.26168,-0.58028,-0.68533,0.13986,0.41824,0.067402,-0.40946,-0.27,0.50875,0.33112,0.19895,-0.83018,0.26879,0.16546,-0.28561,-0.10649,-0.58011,-0.90263,0.45396,0.21126,-0.83635,0.56191,-0.51536,-0.36312,-0.76122,-0.75043,-0.67422,-0.08923,0.29627,-0.53566,0.42003,-0.17464,-0.35803,-0.62375,-0.64695,-0.22854,-0.40653,0.024829,-0.14606,0.63448,0.78527,0.033204,0.30474,-0.20848,0.20405,0.30133,-0.47024,-0.52145,-0.52503,0.69172,-1.0709,-0.30265,-1.1032,0.36732,-0.41572,-1.0427,-1.5353,0.076506,0.0017038,0.10956,-0.82132,-0.66478,-0.53188,-0.57122,-0.5562,-0.25165,-0.17476,-0.25599,0.24846,-0.15343,1.1125,-1.2102,-0.56473,-0.16416,0.50054,0.89748,-0.067996,-0.023024,1.0116,-0.047671,0.070215,-0.087958,-0.41276,-0.16908,0.43006,0.17197,-1.0072,0.41074,-0.26537,0.22379,-0.38075,-0.053878,0.039562,-0.99785,-0.7939,-1.2949,-0.48816,-0.2135,-0.86436,-0.10612,0.48083,-0.97021,-0.88229,0.45053,-0.40444,-0.45355,0.14687,-0.10982,0.39165,-0.058991,-0.11736,0.012775,-0.51763,-0.11348,-0.11149,-0.28999,-0.19991,-1.5626,-0.53166,-0.74695,-0.37156,-0.15924,-0.015,-0.093536,-0.020816,0.72978,-0.50496,0.19673,-0.4809,-1.0831,0.20769,-0.21379,-0.15643,-0.65772,-0.99037,-0.86604,-0.82757,-0.56141,-0.50137,-1.0328,-0.98155,-0.71159,-1.0565,-0.74215,-1.2831,-0.94861,-1.005,-0.56172,-0.53432,-0.15943,0.3033,0.31542,-0.011935,-0.62634,-0.41849,0.1814,-0.87057,0.036028,-0.12661,0.11782,0.5442,-0.13033,-0.84361,0.13757,0.22554,-0.051916,0.083334,-0.096287,-0.53233,-0.24241,0.71265,-0.359,0.2785,-0.36955,0.47105,-0.8528,-0.012002,-0.36189,-0.063789,-0.13364,-0.60844,-0.65949,-0.11953,0.23153,-0.23213,0.61372,0.50525,0.63774,0.44376,1.3854,0.86026,0.32862,0.85108,-0.035735,-0.63982,0.17994,-0.21607,1.0221,0.052433,-0.98534,0.99753,0.079435,1.4446,0.93412,-0.44198,-1.7128,-0.27359,-0.62093,-0.0015585,-0.30669,-0.29059,-0.028284,-0.25803,-0.95391,-0.16603,-1.2247,0.20205,-0.52404,0.11476,0.057952,0.31416,0.17378,-0.25635,-0.33662,-0.004792,-0.067364,-0.37362,-0.55279,-0.09323,0.50327,-0.2368,0.23313,0.35616,0.85317,-0.24787,0.13855,0.56585,1.1734,1.0896,1.1757,0.18746,0.47729,1.64,0.39284,-0.033916,0.33829,-0.12307,0.35953,-0.3103,-0.062061,-0.070238,-0.10695,-0.82128,0.26866,-0.79355,0.82676,-0.77334,1.0738,-0.23596,-0.025284,-0.083119,0.62048,-0.073057,-0.10747,-0.016881,-0.10666,-0.46461,-0.32938,0.085199,-0.80547,-0.56193,0.21587,-0.29642,1.0488,-0.87132,-0.23119,-0.3847,1.0825,0.78241,0.27131,0.49428,-0.18034,-0.56659,0.58436,0.23997,0.71744,0.94432,0.13678,0.78385,0.4136,0.055673,0.39743,0.23765,1.0821,-0.57972,-0.9733,-0.56862,0.31004,0.20108,-0.039688,0.65831,-0.50079,-0.44791,-1.0197,-0.8377,-0.48923,-0.76634,-0.36575,-0.76038,-0.50715,-0.10841,-0.12552,-0.53684,-0.64967,-0.90354,-0.56203,-0.86882,-0.64278,-0.73064,-0.16758,-0.94,0.23575,0.42517,-0.52681,0.18444,-0.14493,0.29495,0.89662,0.50366,-0.11068,-0.0087579,-0.94273,-0.77481,0.02994,-0.71949,-0.3204,0.36844,0.43313,0.37838,0.41301,1.2837,0.15949,0.33237,0.37632,0.68952,0.18891,0.367,0.24029,-0.10855,0.91928,0.036281,0.16944,-0.21012,0.29047,1.1892,0.73299,0.30957,0.77128,0.74727,0.83859,0.19579,-0.1048,0.96878,0.80081,0.12079,-0.15958,-0.77228,0.55933,-0.38783,-0.2247,-0.2423,-0.29954,-0.27383,0.27435,0.10114,-0.074761,-0.10167,0.31845,0.030449,-0.36475,0.18228,-0.37028,-0.082397,-0.52756,-0.57664,-0.19846,-1.349,-0.12542,-1.2255,-0.62954,-0.48801,-0.48904,-0.6576,-0.24673,-0.58847,-0.32965,0.54324,-0.32224,-0.23215,0.13376,0.80399,0.57177,0.55338,1.2408,0.6294,0.73047,0.64718,0.014014,1.0858,0.81524,0.048435,-0.53418,0.035844,0.27333,0.14188,-0.32315,-0.42536,-0.62037,0.044143,0.18005,0.15846,0.66698,0.35452,0.91146,0.098966,-0.32492,0.045311,0.74144,0.1254,0.19002,0.70374,-0.3454,-0.10789,0.44891,-0.77088,0.1899,-1.141,1.0182,0.051944,-0.35206,0.19634,0.44295,-0.50112,-0.35719,0.5112,-0.94938,0.35377,0.59573,1.0387,0.51022,0.59568,-0.09112,0.7927,0.68643,-0.052798,0.44044,0.72337,0.3828,0.84271,0.69111,-0.30496,1.1568,0.2709,-0.20459,0.055952,-0.73158,0.25849,0.050536,-0.56609,-0.7843,-0.71213,-0.27981,-0.22867,-0.47526,-0.29616,-0.21846,0.42451,-0.11625,-0.42145,0.11525,0.50149,0.13572,-0.079061,0.24782,0.43734,0.50927,0.0039199,-0.086512,-0.19376,0.63181,0.22766,-0.28947,-0.15197,0.085892,0.53234,0.18981,-0.89104,0.0069097,0.35163,0.2809,0.029156,-0.34974,-0.099679,-0.13397,0.32323,-0.57818,-0.62923,-0.20904,-0.31132,-0.18796,0.29461,0.061423,0.0089108,-0.31107,0.073601,0.12433,0.44567,-0.28435,-0.51707,0.80024,1.3206,0.31348,0.77765,-0.066706,-0.37404,0.24601,0.73687,-0.56018,-0.40549,0.50969,1.8102,-0.29571,0.70066,0.26991,0.65693,1.1793,0.79488,0.024476,-0.11739,0.70251,0.48834,-0.54503,-0.23988,0.023664,0.094464,0.40146,-0.86025,-0.44316,0.14599,0.44199,0.1386,-0.1998,-0.12828,-0.087267,-0.18495,0.2067,0.0044801,-0.28393,0.04619,-0.00026393,0.15852,0.48935,0.57645,1.0726,0.77866,0.048517,1.175,-0.23023,0.62958,-0.013344,-0.018922,0.7567,1.0053,0.24797,0.15504,0.61407,-0.40902,-0.5646,-0.65122,0.58432,-0.47713,-0.34027,-0.3313,-0.65171,-0.34642,-0.85798,-0.32957,-0.43035,0.20031,0.07795,0.303,-0.3592,0.11807,0.17085,0.65547,0.15763,0.13114,0.96152,0.56831,0.99866,0.38426,0.89728,0.51989,0.50947,0.4027,0.81447,0.527,0.21865,0.53788,0.716,0.14371,1.0668,0.51543,-0.1161,0.66898,0.9458,-0.15205,-0.21554,0.037891,-0.11378,-0.059947,-0.76256,0.3166,-0.38166,-0.50442,-0.1102,-0.61603,-0.5435,-0.081613,-0.49618,-0.032892,-0.57593,-0.16413,-0.97717,-0.11353,-0.032674,-0.38476,-0.14807,0.10997,-0.2294,-0.27757,-0.37191,-0.2616,-0.24041,-0.61552,-0.43315,-0.66181,-0.23648,-0.61872,0.18123,-0.34525,0.18551,0.22498,0.24034,0.46225,0.40085,0.39421,-0.48774,0.55444,0.41819,-0.12178,-0.30164,0.61761,-0.098246,0.2961,0.48756,0.19952,0.6846,0.42214,0.14204,-0.18216
-2.3585,-1.7496,-2.4847,-2.1981,-2.2529,-2.6167,-1.702,-2.303,-2.4535,-2.5041,-1.8095,-1.3164,-1.641,-2.0623,-2.0658,-2.0389,-2.114,-2.2179,-1.6831,-0.91372,-1.1261,-1.1577,-0.69448,-1.6976,-1.51,-1.8147,-2.157,-1.9737,-2.0263,-1.0192,-0.95078,-0.69689,0.34031,0.48142,-0.35938,0.7504,0.50681,-0.39205,-0.13253,0.17649,1.369,-0.095788,-1.0306,-0.35749,0.35028,0.49543,-0.0076894,1.5495,1.3841,0.87955,-0.36315,-1.219,-0.14207,0.019325,0.78752,0.96353,0.73319,1.7158,0.76788,0.7188,0.52519,0.35447,-0.98169,-1.2539,-1.0142,-1.2299,0.38469,-0.44993,-0.64321,0.12369,0.46204,0.96256,-0.062678,0.93431,0.87429,0.70883,0.39117,0.25108,1.1136,0.14527,-0.39421,-0.53452,-0.092623,0.60665,-0.63721,-0.31434,0.28484,-0.2827,-0.4751,0.0019239,-0.38131,-0.30274,-0.90315,-1.3083,-1.4681,-0.42338,-1.0237,-0.57297,0.0031236,-1.3074,-0.94829,-0.72155,1.1438,0.5851,0.88507,0.66332,1.4364,0.98022,0.34575,-0.09225,-0.20746,-0.81418,-0.17298,0.55665,0.42693,-0.08001,0.011971,0.38461,-0.39078,-0.32041,0.0069629,0.45896,0.31424,0.15626,0.89414,1.4865,1.0902,0.21991,-0.97579,0.9451,0.040554,0.029369,-0.28799,-0.12617,-0.26352,-0.31451,-0.12064,0.81034,1.37,1.5514,-0.15015,1.9276,2.5214,1.8728,1.1366,0.56808,1.6346,1.8517,0.73671,0.45916,1.9826,1.6795,1.5125,0.59094,1.2076,0.71649,0.030559,0.49847,0.033652,1.3232,1.4357,0.59382,0.8835,1.4778,1.7372,0.75543,1.3735,0.92447,1.8324,0.97941,0.089033,-0.43141,0.68217,1.3488,-0.033031,-0.53497,1.2423,-0.72535,0.22337,-0.43259,-0.41332,-0.48841,-0.35776,-0.46004,0.94349,0.25085,0.52053,0.81497,0.47212,0.26824,-0.70872,-0.27225,0.44884,-0.6296,0.10128,-0.61032,-0.47312,-0.80106,0.2311,0.3029,-1.2441,-0.31027,0.64478,0.37274,0.2472,-0.04426,1.1326,-0.047827,0.59662,0.25411,0.36201,-0.66034,0.087401,-0.30366,-0.78726,-1.8114,-0.9073,-1.2822,-0.84847,-1.2526,-1.0245,0.073556,-1.1157,-1.4329,-2.0758,0.65382,-0.066246,-0.1644,-0.6174,0.75377,-0.88272,-0.16692,-1.3875,-0.5233,-0.28819,-1.2189,-1.4383,-0.65099,-0.48027,-0.35993,-1.0698,0.96671,0.12708,-1.1873,-0.35687,0.0015122,0.60414,0.5898,0.84803,1.0933,0.1666,0.27399,0.0097696,0.81377,0.40672,-0.59579,0.2322,-0.93395,-0.13046,-1.1464,-0.064177,-0.75602,0.91785,1.1927,0.79087,0.79779,1.1974,1.3881,2.1653,1.7104,0.78177,1.093,0.52685,0.85469,-0.55902,0.11779,0.372,0.053095,-0.095613,0.22235,0.089165,0.62002,0.98367,1.4055,1.3273,-0.55917,0.031351,-0.73309,-0.20301,-0.85105,-1.894,-1.0583,-0.62965,-1.5124,-1.247,-0.04884,1.4341,-0.050485,0.42963,0.51279,0.34139,0.67623,0.19841,-0.42741,0.67133,0.75652,-0.15418,0.045156,0.13798,-0.2409,0.092371,0.25177,-0.66167,-0.15049,-1.2998,-0.77565,-0.50581,-0.8203,-0.29048,-0.94903,-0.47531,-0.70276,-1.1201,-0.5536,-0.27051,-1.0027,-0.60508,-0.16008,-0.67487,-0.83407,-1.7907,-1.5552,-1.8566,-1.3819,-1.7717,-2.0101,-0.57466,-2.1259,-0.78269,-0.11535,0.40593,0.38307,1.1823,0.48277,0.75742,0.72374,0.25898,0.16863,0.27339,-0.68036,-1.1724,-1.662,-1.207,-1.5616,-1.4158,-1.7463,0.24347,-0.84749,0.48298,0.32923,0.43314,-0.29382,-0.26888,0.39182,0.63287,0.2026,0.87259,0.34608,1.0345,0.23015,1.1363,-0.1568,-1.1078,-0.047066,-1.1121,-1.7026,-1.2393,-1.3433,-0.45029,0.097313,-0.56423,0.41685,1.1082,0.40047,0.030098,0.12485,0.30325,-0.42118,-0.029764,-1.2761,-0.2889,0.44601,-0.95298,-0.95616,-1.6098,-1.8236,-0.8908,-1.6155,-1.974,-1.6063,-1.6001,-1.1758,-0.43469,0.23127,0.26373,0.32198,1.5124,0.98268,0.9382,0.44636,-0.65176,-1.3515,-0.87748,-0.6429,-0.93376,-1.5548,-0.54642,-0.44543,-0.6263,0.24304,0.46648,0.53121,0.13427,-0.064664,0.18071,0.70899,0.15864,0.24105,0.84429,0.52939,-0.53925,-0.63212,-1.0129,-0.35334,0.085933,-1.1411,-1.5995,-1.7014,-1.5563,-0.78861,-2.3541,-1.2055,-1.2471,-0.30939,0.33085,-0.57822,-0.63835,-0.30662,0.0089005,-0.17721,-0.45275,-0.48,-0.47645,0.82865,-0.74763,-0.32399,-0.35616,-0.098811,-0.022213,-0.61906,-0.88498,0.26311,-0.55087,-1.0212,-1.4948,-0.88203,-0.52856,-1.1962,-1.9718,-2.8473,-1.4499,-0.81582,-0.93871,0.21466,0.55561,0.39973,0.40829,0.8024,1.0912,1.1979,0.28632,-0.44309,-1.1884,-1.0515,-0.72378,-1.6446,-1.2904,-2.1949,-0.40948,-0.15417,0.59747,-0.58095,-0.28884,0.29065,0.54105,0.7399,0.47267,-0.18289,0.30692,0.35595,-0.64747,-1.2241,-2.2224,-2.0069,-2.2759,-1.8423,-2.0964,-1.9466,-0.88582,-0.82166,-0.64082,-0.14331,-0.029062,1.0405,-0.15515,-1.2832,0.14716,-1.6778,-1.3102,-2.9141,-2.5243,-2.3233,-1.7762,-1.2654,-0.44942,0.30865,0.071225,-0.32264,-0.57542,-0.91718,-0.5497,-0.14967,-0.82244,0.31065,0.24928,-0.0073575,0.34032,0.6974,0.35578,-0.098609,0.1472,-0.92759,-0.94857,-1.5583,-0.60702,-1.5399,-1.526,-1.2346,-1.3361,-0.51862,-1.0431,-0.33628,1.3022,0.12793,-0.59829,-0.97977,0.03833,0.054401,-1.0068,-0.47176,-0.53715,-0.5553,-0.85059,-0.12957,-1.7156,-1.6776,-0.54056,-1.1055,-0.18222,-0.1011,0.59863,1.4346,0.58294,0.52811,0.64436,0.14898,-0.10279,-0.017962,-0.98772,-0.093549,-0.73096,0.22842,-1.0504,-0.42925,-1.026,-0.88614,0.51074,-0.48342,-0.36654,0.0088407,-1.062,-0.48408,-0.39419,-0.33104,-1.1129,-1.3352,0.2564,0.35618,0.26497,0.22553,0.77427,1.9126,0.36875,0.70313,1.361,1.0963,1.4259,1.2065,0.80206,1.7938,1.0676,0.92541,1.2505,0.78956,0.72179,0.60711,-0.50875,2.1375,2.5368,2.3574,1.3025,0.059903,0.38365,0.55514,-0.26113,-0.01453,0.8272,0.95406,1.0344,1.4366,0.54682,1.9632,1.7402,2.0585,1.4563,1.7475,2.3078,2.1445,2.4092,2.5631,1.6665,3.2096,2.7059,2.393,0.77498,0.77239,0.59798,0.24288,-0.21657,-0.1339,0.28047,0.41532,1.0154,0.84478,1.8285,2.0928,2.3746,2.9659,2.3681,2.1386,1.6102,1.7901,1.5038,1.3209,0.40432,0.18895,1.3483,0.87555,1.5412,1.2356,1.8106,1.221,0.76561,1.4399,0.73238,0.51532,0.65853,0.89203,1.636,2.2317,2.0881,2.1393,2.4728,2.9904,2.5339,2.2161,1.4266,1.8203,1.7568,1.789,1.6219,0.80059,0.028572,0.53777,-0.69625,-0.24275,0.08248,-0.24374,-0.45579,-0.62226,-0.55285,-0.15395,0.39959,0.83058,1.2201,1.9259,1.2813,1.5675,1.2293,2.0448,1.8423,1.2931,2.1052,1.3015,1.2924,-0.17466,0.19819,-0.19686,-0.21296,0.37121,-0.7211,0.31572,1.4325,1.7934,1.2865,-0.086148,0.47397,1.2745,1.5234,1.0283,0.596,1.7316,1.3232,1.0608,1.4862,1.5203,2.4685,2.2121,0.99762,0.016585,0.33042,0.92462,0.56674,-0.12937,-0.28078,-0.51766,-0.84955,-0.30835,-1.1599,-0.62793,-0.50141,-0.53418,-0.17396,-0.0749,1.0704,0.59665,1.4786,0.71298,0.78937,1.5735,1.6499,0.6801,0.50332,0.07606,1.7146,1.7758,1.1246,1.7053,2.4083,1.8792,1.9747,0.021156,1.2843,1.8192,1.5739,1.4856,1.1743,1.2313,2.1201,1.0894,0.29423,-0.14324,0.20267,-0.35201,-0.28266,-1.231,0.078677,0.2393,0.87874,0.61092,1.6383,2.1693,2.1301,2.3281,2.087,2.6957,3.4249,3.0427,2.2706,2.1168,1.0773,0.12522,-0.71002,-0.72778,-0.054556,-0.57951,-1.1356,0.04832,0.20799,1.1805,0.94238,1.3332,1.4512,1.2,1.7125,1.0006,0.71327,0.53378,1.1421,1.4786,0.73849,0.89646,0.70422,1.8095,2.5372,1.3789,1.1654,1.4808,0.80775,0.090851,-0.35543,-0.83125,0.29401,0.028044,-0.3646,-0.94056,-0.61652,-0.57752,-0.79113,-0.86308,-0.84117,-1.2279,-0.62505,-0.95377,-0.46869,-0.33925,0.02965,0.23276,-0.66998,1.149,1.4743,1.4354,1.1244,1.0632,1.5713,1.6795,2.3328,1.7458,1.1522,2.0995,0.33968,-0.20387,0.44944,0.77791,0.96062,0.93302,0.10364,0.6442,1.4286,0.42222,-0.048015,-0.18793,-0.06172,-0.85345,-1.0688,-0.70143,1.0627,-0.68283,0.70065,0.60806,1.2378,0.76039,0.007334,0.75427,1.1218,1.1452,0.28018,0.92135,0.70298,1.5639,0.58856,1.0593,1.3873,1.551,2.2412,1.9273,-0.62971,-0.94891,-0.37477,-0.10911,-0.84392,-1.2637,-0.83369,0.21649,0.86432,0.43672,1.3141,1.2708,1.7896,1.9717,1.8679,1.8753,1.5662,1.5953,-0.0052401,-0.64184,-0.58318,-0.89028,-1.4555,-1.4854,-2.0558,-1.3747,-1.4567,-1.6294,-1.5133,-1.3558,-0.3781,0.11537,0.02453,1.0915,1.0472,0.74794,0.57185,0.50807,0.98832,1.0277,1.1866,0.74236,0.92459,1.1643,1.6405,0.16685,-0.62985,-0.51726,-0.054972,-1.5454,-2.3168,-2.7332,-1.7205,-1.652,-0.67928,-0.21459,0.36302,0.30776,1.3223,1.395,1.7,1.7778,2.3731,0.85028,0.27309,-0.38884,0.44923,-1.3465,-1.7283,-1.2907,-0.97518,-1.1928,-1.7275,-0.23418,0.43966,0.14084,0.51925,-0.68956,0.40648,0.58308,-0.87548,-0.31408,-0.97138,-0.00778,-0.33293,0.7944,0.18656,0.18055,0.6558,0.46805,0.046537,1.0746,1.1134,0.50807,0.44643,-0.0020559,-0.091307,-0.44846,-0.68023,-0.85887,-1.1524,-0.63077,-0.30251,-0.22627,-0.79904,0.88433,1.1387,1.5084,0.98535,1.2835,1.2063,1.54,0.8605,1.2413,1.4052,2.0367,2.0201,0.80295,-0.12447,1.4218,0.95013,0.36828,-0.54876,-1.111,-0.27641,-1.0986,-1.7573,-1.7008,-1.3184,-2.2946,-1.6993,-1.3508,-1.9678,-0.52496,-0.079288,0.041068,0.36658,0.8615,1.1514,1.159,0.98108,-0.14184,0.39861,-0.2596,0.13431,-0.025428,-1.8788,-0.88402,-1.4455,-1.8829,-1.8257,-1.8246,-1.0332,0.24721,-1.5439,-0.1771,0.61751,0.56755,0.97804,0.034598,0.93043,0.44257,-0.085997,-0.4073,-0.084417,0.2802,0.62017,-0.19747,-0.96587,0.66156,0.61686,0.12474,-0.53908,-1.0421,-0.36046,-0.40398,-0.14263,-1.3419,-2.2043,-2.009,-1.694,-1.9079,-2.4022,-2.0347,-1.4264,-0.83568,-0.76662,-0.047915,0.80389,1.3721,1.2346,1.3582,1.1371,0.77038,0.65885,0.20096,-0.72903,-0.52756,-0.89872,-1.4277,-1.431,-2.0265,-0.85841,-1.1742,-0.58857,-0.26676,0.14013,-0.16034,-0.38317,-0.252,-0.71589,-0.71996,0.40659,-1.9733,-1.8936,-2.0139,-2.0487,-2.5855,-2.1826,-2.2381,-2.8383,-2.2157,-2.0913,-1.4957,-0.50454,-0.24542,-0.6055,0.10061,0.68222,0.45314,0.87666,0.66091,0.55057,0.34597,0.51844,-0.068535,0.06145,-0.65446,0.30579,-0.79446,-0.88236,-1.0909,-1.0533,-1.753,-1.8234,-1.0654,-1.4737,-0.32401,-1.3993,-0.95255,-0.94574,-1.4649,-1.76,-1.2831,-0.99535,-1.2941,-1.729,-1.5858,-1.6118,-1.5295,-1.4881,-1.0937,-1.2526,-0.84314,-1.6092,-1.3983,-1.4762,-0.95987,-0.6842,-0.90174,-0.54103,-0.82466,-1.0542,-1.3636,-1.3645,-1.755,-1.702,-1.3394,-1.2921,-0.60149,-0.34152,0.10773,-0.12743,0.64681,1.0123,0.1025,0.07921,-0.47261,-0.22204,0.082478,-0.41628,-0.083865,-0.6083,-0.77954,-0.66405,-0.6804,-0.58462,-0.4249,0.27449
1.5854,1.0842,1.453,1.4537,2.0799,1.0636,1.1932,1.2463,0.5824,0.63957,0.48539,-0.39177,-0.69263,0.29541,0.2394,0.46874,1.9077,0.96901,0.82929,0.47838,1.0351,0.26511,-0.4266,-0.36238,-0.77623,-0.19788,0.76469,0.067121,0.39421,0.96353,0.37984,0.24284,0.5569,-0.012295,-0.54155,-1.2419,-0.33936,-0.66122,-0.42557,-0.59855,-0.42354,-0.65197,-0.0034042,0.1593,-0.025886,0.058608,-0.1812,-0.30519,-1.1111,-0.71365,-0.24807,-0.46195,-0.40788,-0.19058,-0.38642,-0.74594,-0.59048,-0.66009,-1.5576,-2.0021,-1.7092,-1.8646,-1.7407,-0.8592,-1.6516,-1.654,-1.2018,0.17287,-0.34739,0.31513,0.72087,1.482,1.7505,1.8751,1.4255,1.9767,1.4532,1.7068,1.0058,1.0793,0.4026,1.1235,0.7004,0.96153,0.91903,0.52869,0.91414,0.82968,1.3766,1.2021,1.2804,0.52386,0.34921,-0.17925,-0.52565,-0.35122,-0.64881,-0.89231,-1.417,-0.78304,-0.68432,-1.5376,-1.2516,-1.0446,-0.89077,-1.7663,-1.6243,-2.145,-1.8972,-2.7528,-2.6042,-2.0991,-2.1938,-2.4799,-2.0311,-2.8525,-2.5056,-2.2134,-1.9585,-1.9388,-1.9454,-3.0105,-2.4029,-2.9255,-2.6028,-2.6518,-1.8574,-1.7521,-2.0618,-2.0911,-1.8398,-1.0292,-0.94123,-0.86347,-0.37233,0.10982,0.38004,1.1404,0.68769,0.85945,0.27571,-1.0165,-0.96716,-1.0111,-0.91666,-1.0577,-2.0176,-1.0021,-2.105,-2.1611,-1.8297,-2.1287,-1.9076,-1.6386,-1.8725,-2.2104,-2.4175,-2.8752,-1.8725,-2.4112,-1.8014,-1.902,-0.95351,-0.9108,-1.9135,-0.11519,-0.90285,-0.83605,-0.66547,-0.80863,-1.3517,-2.0448,-2.1648,-3.0248,-3.0324,-2.6681,-2.9373,-2.3251,-1.6973,-1.6589,-1.5385,-1.0487,0.27442,0.24042,0.007855,0.95173,1.6463,1.2671,0.94341,0.79062,1.2958,2.0256,1.6246,1.1682,0.87457,1.1577,-0.49866,-0.43416,-0.62932,-0.68972,-0.59163,-1.6123,-2.027,-2.0722,-2.4656,-2.7564,-3.1081,-2.2447,-2.2957,-2.2387,-2.2103,-2.1997,-1.9654,-2.6558,-2.0464,-2.5024,-1.5739,-2.2344,-0.99039,-1.4287,-1.1556,-1.34,-0.73987,-0.97247,-0.94486,0.09011,-0.46239,-0.68418,-0.73271,-1.2674,-1.6675,-1.0154,-1.4433,-1.3383,-1.5173,-1.8434,-1.5006,-1.4279,-0.93299,-0.53286,0.049654,-0.42346,1.1984,0.56203,0.7697,0.63464,-0.15492,0.22171,-0.29345,0.19426,0.70271,0.3232,-0.23237,-0.22647,-0.54207,-1.3803,-1.1235,-1.3062,-1.2467,-1.2399,-0.74941,0.29793,-0.70596,-1.1826,-0.49189,-1.1097,-0.7058,-0.51616,-1.1246,-1.9182,-1.7274,-1.6032,-0.98705,-1.0704,-1.9997,-0.82057,-1.166,-1.2611,-1.1595,-0.93452,-1.083,-0.37216,-0.67997,-0.87276,-0.080876,0.042777,0.019175,0.46419,0.0099971,-0.16558,0.30839,-0.21844,-0.68171,-1.8304,-1.2169,-1.1556,-1.2102,-0.53712,0.11994,-0.51203,-0.14734,0.44361,0.92649,1.2026,1.2949,2.0356,2.4193,2.6774,2.4694,2.3157,2.9877,2.5218,1.8147,0.75509,0.13382,-0.16381,-0.31212,0.39771,0.3595,0.74522,1.2773,0.55013,-0.13327,-0.22697,-0.30553,-0.5564,0.13394,-0.11915,-0.023,-0.81179,-0.78609,-0.6992,-0.71304,-0.53558,-0.23095,-0.32405,-0.17427,0.30746,0.21397,0.68201,0.63835,0.62914,0.8952,1.2977,0.39527,0.51613,0.14952,-0.22727,-0.090482,-0.34087,-0.24709,0.071465,0.25214,0.39622,-0.49387,-0.70723,-1.261,-1.5468,-1.4697,-1.025,-0.024857,0.99968,0.77141,1.4693,1.4499,0.84712,1.1503,1.12,0.99688,0.27635,1.307,0.95159,0.89439,0.68896,0.81002,0.91992,1.249,1.6818,1.5768,0.81977,0.89398,0.86359,0.37423,0.19264,0.16903,0.083647,0.26503,0.39134,1.2429,1.0158,1.0416,0.85653,0.63926,0.40872,-0.96892,-0.43519,-0.30789,0.41821,0.50641,0.83685,1.4422,1.4802,1.855,1.8006,2.1732,2.1893,1.9406,1.7358,2.2072,2.0307,1.7419,2.1402,2.0081,2.4911,3.1183,3.0928,3.2284,2.0743,3.0165,1.9459,1.6076,1.6827,2.0536,1.8015,1.1288,0.71579,1.1416,0.6754,0.57718,0.74327,0.21613,0.3642,0.15068,-0.075488,-0.53531,-0.37176,0.31474,-0.51321,0.26445,-0.84957,-1.3076,-1.4165,-0.81784,-0.96061,-0.80412,-0.14567,0.15474,-0.017114,0.7956,1.3774,0.83697,0.84071,0.66341,1.61,0.75501,2.0573,1.2974,0.65659,1.1934,1.2946,0.83982,0.90381,1.3044,1.0098,0.12626,0.14644,0.80434,0.40704,0.9421,0.33218,-0.10453,0.051737,0.68546,0.32108,-0.16049,-0.45389,0.24278,0.7234,-0.0080135,0.39406,0.96157,1.4196,0.33716,0.54136,0.094502,0.33591,0.87746,0.67013,0.95906,1.5863,2.2222,2.0464,2.3278,2.2102,2.2454,1.7586,2.163,2.7356,2.8863,1.3081,2.0735,1.484,1.6061,1.3431,1.3225,0.65316,1.4737,0.77042,0.65503,0.624,0.28301,0.23458,0.69702,1.1184,1.0286,1.8831,1.0476,1.4017,2.4035,2.4757,2.0091,2.2439,1.6957,0.90101,-0.54559,0.037804,0.016948,-0.09177,-0.23392,0.40592,0.71199,0.61478,1.0383,1.2075,0.67956,0.90416,0.33478,-0.59906,-0.73451,-0.33854,-0.55172,0.29211,0.11446,0.088931,-0.26138,0.31328,0.96106,0.91805,1.9618,1.3673,0.7243,1.0376,0.67133,0.93401,0.6269,0.087337,0.76892,1.8355,1.4999,2.0061,0.84259,1.6338,1.4769,1.7305,2.1393,1.8028,1.9882,1.9698,2.1653,1.6458,1.9422,1.2813,1.2445,1.3119,1.8921,2.0313,1.5943,1.6065,1.4551,1.5418,2.1019,0.98423,1.0571,0.87557,0.27787,-0.42935,-1.3175,-0.90567,-0.70372,-0.47645,0.23943,-0.93677,-0.46581,-0.61944,-0.1892,0.47618,-0.35566,0.11155,-0.33643,-0.094104,-0.17643,0.16318,0.72799,1.2604,1.8469,2.0131,1.2657,1.1662,0.85235,1.1083,1.4534,1.6094,1.1824,0.93799,1.8135,1.5478,1.3707,1.1728,0.70018,0.71856,0.93191,1.3818,1.4735,0.77385,0.64891,0.16405,0.16477,-0.28876,0.69868,0.27402,0.68328,0.43462,0.62241,0.85105,0.76993,0.92332,0.67035,0.36125,-0.20031,0.33747,-0.22238,-0.010585,-0.064827,-0.1079,-0.58927,-0.18745,0.124,0.39423,0.72966,0.22512,0.49054,0.7063,0.29084,-0.28214,0.48763,0.46992,0.26672,0.2799,-0.2496,0.30236,0.22531,0.13926,0.58212,0.99886,1.1285,1.2864,0.93547,0.64079,0.69201,1.6489,0.6426,0.1692,0.30628,0.61307,0.56299,0.73393,0.17461,0.65003,0.5827,-1.1742,0.066229,0.40914,0.12566,0.4006,-0.15789,0.93866,0.12665,0.46391,0.10464,-0.50326,-0.55037,-0.79833,-0.48003,-1.0571,-0.3471,0.15109,0.02323,0.27716,-0.16942,0.085194,0.36717,0.53683,0.57689,0.38741,-0.022582,-0.028103,0.38662,0.23293,0.069704,-0.39914,-0.18402,0.03626,0.27901,0.00060249,0.57383,0.35503,-0.95759,0.00038377,-0.38896,0.22133,-0.080884,0.086273,-0.44779,-1.0201,-0.65989,-0.58436,-0.52266,0.06371,0.41317,0.4727,0.37866,0.83972,0.31629,0.28542,0.48035,0.45361,0.12028,-0.39978,-0.52637,-0.27608,0.36764,0.48334,0.83432,0.6558,0.42884,0.03747,-0.11668,-0.17807,-0.2555,-0.56075,-0.86638,-0.60167,-0.49815,-0.30168,-0.27825,0.22725,-0.38551,0.3176,0.15274,0.11616,0.45961,0.11027,0.15235,0.049117,-0.76627,-0.79427,-0.95367,-1.37,-1.3873,-1.225,-1.643,-0.7594,-0.6191,-1.292,-0.67927,-0.64895,-0.69863,-1.0659,0.22824,-0.35663,-0.43817,-0.80358,-0.57516,0.33862,-0.11847,-0.3973,-0.29492,-0.19337,-0.16729,0.23668,0.52712,0.68277,0.13637,-0.034322,0.16484,0.19478,0.2224,-0.090037,-0.30321,0.037315,0.12715,0.49311,0.27158,-0.32386,0.24325,0.10777,0.13076,-0.22876,-0.84722,-0.4937,-0.92137,-0.51438,-0.10936,0.58014,1.1942,0.44095,1.4497,1.1564,0.9959,0.88589,0.36712,0.53353,1.1201,0.60414,0.15373,0.66655,-0.30954,0.12574,0.26319,0.6135,-0.27797,0.051896,0.24435,0.78517,0.032233,-0.26267,-0.35582,0.15453,-0.3826,-0.74549,-0.72927,-0.81702,-0.85896,-0.7016,-1.1238,-1.0026,-1.6816,-1.5521,-2.1499,-1.6882,-1.283,-0.44627,0.25835,0.3894,0.47854,0.45008,0.099016,0.10442,0.33879,-0.31519,-0.52321,-0.29928,-0.92391,0.47028,-0.61317,-0.53503,0.19858,-0.48538,-0.0019004,-0.49272,-0.90573,-0.68837,0.042841,0.034416,-0.14866,0.31632,0.7241,0.10564,0.00082561,-0.42291,-0.79389,-1.5251,-0.71085,-0.50034,-1.2003,-0.90644,-1.0575,-0.23904,-0.53614,-0.50208,-0.36071,-0.75208,-0.6575,-0.059696,-0.285,-1.0274,-0.15827,0.18899,-0.20289,-0.13266,0.55018,0.61858,1.0117,0.97873,0.38893,0.66908,1.1323,1.3002,0.80392,0.75346,1.0611,2.3061,1.818,1.3017,-0.063312,0.9419,1.5132,1.6019,1.3519,0.89901,0.5748,0.59183,0.44818,0.07995,-0.49212,-0.14265,0.30725,0.23173,0.25488,0.48457,0.87503,1.2388,0.80761,0.91862,0.75495,0.59919,-0.36885,-0.7575,-0.45785,-0.80888,-0.31727,-0.82103,-1.0212,0.11046,-0.5251,0.33012,0.05699,0.81274,0.17442,0.12835,0.40049,0.57873,0.63545,0.6302,-0.11605,0.15104,0.27394,0.088735,-0.4956,-1.174,-1.9057,-1.5426,-1.7721,-2.0296,-1.5942,-1.3803,-1.0163,-1.6992,-1.803,-1.6871,-1.8752,-1.5448,-1.5423,-1.2878,-1.2267,-0.3163,0.13799,1.1645,2.6553,3.3571,2.8413,2.1246,3.0286,3.3045,3.0825,2.447,1.3869,1.9231,0.94626,0.75048,0.5258,0.30626,0.16376,-0.152,-0.10087,-0.286,-0.71559,-1.04,-0.80105,-1.2173,-1.7533,-1.3076,-1.53,-0.94973,-0.63714,-0.37856,-0.16475,-0.072594,-0.48431,0.0078694,-0.24024,0.48917,-0.55889,-0.89642,-0.4366,-0.22104,-0.095326,-0.12562,-0.61209,-0.28899,0.97908,0.69617,0.94494,-0.29079,-0.1063,0.018999,-0.28632,-0.13497,-0.55396,-0.092566,0.33961,0.61667,0.66646,0.41052,0.29484,0.13006,-0.40474,0.55035,0.45884,0.99572,0.74043,-0.47235,-0.93585,-0.50796,-0.42586,-0.19042,-0.23636,-0.64251,-0.51232,-0.23683,-0.27511,-0.64244,-0.66153,-0.86678,-0.51892,-0.26504,0.0060556,0.36482,0.057039,0.092162,0.0014873,-0.3036,-0.23921,-0.9379,0.041442,0.49191,0.60302,-0.12544,-0.27531,0.26623,0.74016,1.506,1.4217,0.9699,0.85208,0.05793,-0.074543,-0.30849,-0.96526,-0.98199,-1.3101,-1.1449,-1.1546,-0.5371,-0.40396,-0.30372,-0.68875,-1.1574,-0.61541,-0.076162,0.47954,0.46202,-0.29142,0.34004,1.1547,0.62798,-0.40116,-0.11219,0.33606,0.43122,-0.65712,-1.6351,-1.0545,-0.41501,-0.58859,-0.99736,-1.2066,-1.4055,-1.0616,-0.20475,-0.075366,0.039878,-0.48201,-0.66518,-0.5368,-0.2686,-0.57999,-0.69108,-1.2104,-1.1792,-1.0862,-0.19363,-0.088218,0.13784,0.27638,0.25061,-0.23151,0.057673,0.083175,0.27072,-0.60442,-0.80565,-0.74244,-0.50479,-0.72847,-1.2315,-0.98663,-1.3935,-1.2651,-2.1835,-2.2117,-1.6106,-1.6194,-1.175,-1.6121,-1.6929,-1.2089,-1.2678,-0.99722,-0.64053,-0.85309,-0.86123,-0.41203,0.12161,-0.2341,-0.84999,-0.9048,-1.0698,-1.2329,-0.72659,-1.4876,-1.2548,-1.1442,-1.3265,-1.1606,-0.93572,-1.6486,-1.3365,-1.4006,-0.79845,-0.56362,-0.65717,-0.35199,-0.21668,0.031195,0.1349,-0.3694,-0.21972,-0.23886,0.48847,0.72124,-0.05329,-0.21434,0.20096,0.28194,0.95006,0.71025,-0.044316,0.82675,1.1857,1.1281,0.7151,0.19094,-0.16072,-0.2436
0.2247,-0.11422,0.24523,-0.22402,0.35617,0.51084,0.74855,0.050274,-0.11498,0.366,0.60876,-0.55143,-0.010714,0.4587,-0.41975,-0.37567,0.062716,0.59563,0.15098,-0.47095,0.12821,0.054136,0.059818,0.39408,0.58572,0.1131,0.056065,-0.075779,0.69625,0.46522,0.02496,-0.011809,-0.52851,0.56945,1.0359,0.62429,0.667,0.99488,-0.010602,-0.1216,0.73458,0.21469,-0.49585,0.86465,-0.18123,0.075894,-0.27403,1.1561,0.17028,-0.37822,-0.21381,-0.71423,0.54001,0.43791,0.074364,0.26454,-0.17755,0.036214,0.58039,-0.26404,0.13082,-0.13864,-0.77698,-1.1194,-0.76897,-1.414,-1.0554,-1.1092,-0.93198,-0.78099,0.19177,0.18024,-0.40207,0.18577,-0.13258,0.33125,0.037267,0.10092,1.0716,1.0056,0.34626,0.091256,-0.20935,-0.46227,-0.19751,0.53248,-0.05307,-0.096893,1.1439,0.19517,0.13119,-0.10245,0.80564,0.29211,0.22664,0.24378,0.27114,0.34362,0.29753,0.87229,0.35268,0.03894,-0.024551,1.4213,0.11744,0.13599,0.38509,0.16018,0.82852,-0.52488,-0.47416,-0.12936,0.87339,-0.49953,-0.55861,-0.57089,-0.69041,-0.80039,-0.59952,-0.55687,-0.72817,-1.0449,-1.4194,-0.36209,-0.53789,-1.1039,-0.94853,-1.1772,-0.50618,-0.77506,-0.46753,-1.3767,-0.64658,-1.0547,-0.70591,-0.70084,-0.56458,-0.93462,-0.15306,-0.80019,-0.044467,-0.12928,-0.90378,-0.067786,-0.59884,-0.60027,-0.30434,-0.99836,-0.72393,-0.74675,0.24485,0.11372,-1.2751,-0.3513,-1.1438,-0.44908,-0.41024,-1.0566,-0.25849,-0.3595,-0.96126,-0.9983,-1.4174,-1.6289,-1.8128,-1.1186,-1.8158,-1.4667,-1.2825,-1.0706,-2.2672,-1.8089,-1.3202,-1.2791,-0.45847,-1.1796,-1.2418,-1.4386,-1.2117,-1.6491,-1.3059,-0.69319,-1.1932,-0.55254,-0.79733,0.028098,-0.33468,0.55209,0.57211,0.60482,0.60365,0.54662,0.63058,0.96778,1.0078,1.8114,0.86113,1.0583,0.5854,0.43802,0.18387,0.41124,0.64816,0.057498,-0.35449,-0.58112,-1.2328,-0.50566,-1.0583,-1.086,-1.748,-0.4722,-0.59307,-1.0705,-1.2008,-0.72986,-0.76351,-0.53964,-0.34532,-0.46677,-0.50608,-0.84224,-0.49019,-0.5511,-0.91065,-0.74906,0.26593,0.12009,0.23319,-0.30284,-0.19706,-0.14629,-0.48511,0.49427,-0.056638,-0.093564,-0.17932,0.15539,-0.39331,0.54628,-0.45293,-0.37991,-0.45649,-0.4131,-0.74655,-0.23591,-0.94135,0.2535,0.20477,0.42368,0.87539,0.70676,0.28307,-0.4243,-0.094505,0.48947,-0.95429,0.78716,0.34078,0.17836,-0.12139,1.0145,0.18832,-0.17022,-0.36833,1.1898,-0.60664,0.28565,0.4119,0.033022,0.69547,-0.26938,0.19909,-0.0087889,0.25391,-0.25917,-0.75506,-0.40135,-0.15205,-0.72979,-0.2768,0.14373,-0.94095,-1.059,-1.2597,-0.58056,-0.31974,-0.80471,-0.25922,-0.32283,-1.0995,-0.68224,-0.067247,0.74667,0.20977,1.8218,2.1726,1.9471,0.93254,1.7296,1.9837,1.5235,1.0321,0.89283,0.0027364,1.4456,0.192,0.87576,0.6582,0.85332,0.44499,1.1623,0.96509,1.3115,-0.17134,-1.1558,0.97458,-0.46539,-0.56168,-0.54595,-1.0633,-0.36898,0.35818,0.10438,-0.41092,0.21817,-0.34606,-0.11101,0.21211,-0.24405,-0.55753,-0.50258,-0.53582,-0.6007,-0.72785,-1.0365,-0.98913,0.47729,-0.058405,0.25571,1.0035,-0.34246,0.21611,0.28926,0.07211,-0.26103,-0.39735,-0.27524,0.36456,-0.4705,-0.50182,0.69282,-0.14429,0.063687,-0.18162,-0.6462,-0.07084,0.011503,0.86405,0.52626,0.80992,-0.10534,0.61237,0.15071,-0.51693,0.1699,0.70341,-0.43999,0.61979,-0.070739,1.0309,1.4302,0.26884,0.59179,-1.6267,-0.0072699,-0.94425,0.25467,-0.59878,-0.67951,-0.77579,0.0012558,0.65409,0.40416,0.019441,0.57411,-0.048664,-0.28583,0.50472,-0.64404,-0.44954,0.15233,-0.64806,-0.033721,-0.063092,-0.084862,-0.60614,-1.0633,-0.85901,-0.092059,-0.098957,0.23554,0.53121,0.84939,0.99049,1.0845,1.2933,1.211,1.0261,2.0993,0.86758,0.55394,0.50964,1.3414,0.94191,2.2759,2.1786,2.1359,1.5839,0.88944,1.4876,1.5048,0.41093,0.75895,0.11249,0.24981,0.0431,0.071717,-0.27051,-0.00029425,1.1899,0.93876,0.092197,0.58438,-0.26208,-1.1862,-0.35611,0.55874,0.39455,-0.27208,0.068534,0.76705,1.305,-0.37493,-0.30954,0.70922,0.15018,0.084092,-0.85586,0.19421,0.39474,0.36628,0.79629,0.55669,0.83512,0.80132,-0.044481,-0.89929,-0.3369,-0.22697,0.4892,0.051308,-0.072267,-0.74443,0.24372,-0.20092,0.074316,-0.1622,-0.06196,-0.49212,-0.69772,-0.37017,0.26153,-0.1665,0.97591,0.74725,1.3925,1.0701,1.4829,0.82688,1.2332,0.24878,0.54763,1.8112,1.3652,0.71937,0.77136,0.9088,1.0508,0.82033,1.0173,0.67336,1.1636,2.3025,1.2241,0.7014,0.91824,1.4643,0.71829,0.13085,-0.19545,-0.085766,-0.28655,-0.52721,-0.32046,-0.30293,-0.38751,-0.80921,-0.66956,-0.046561,0.16476,-0.041466,0.76215,-0.048408,0.14468,0.22544,0.314,-0.19598,0.18514,0.63611,1.141,1.4331,2.1999,2.6733,1.7444,1.945,2.2407,1.4816,1.9037,2.15,1.022,2.0093,1.4907,1.3411,0.78108,1.4614,1.2672,1.6942,1.1022,1.9238,1.0328,0.87999,1.5724,-0.00044644,0.57856,0.81613,0.75935,0.83893,0.55243,0.5075,0.45984,0.77698,0.7988,1.2456,1.2901,-0.59324,-0.0028382,0.54798,0.39485,1.4728,0.57645,0.67023,1.0946,0.29264,0.28102,1.0712,0.19954,0.4113,1.1374,0.34397,0.62316,1.0061,1.5169,0.73343,0.4124,0.81299,0.12136,-0.30914,0.022287,0.30044,-0.15299,-0.33268,-0.76751,-0.33592,-0.18575,-0.38195,-0.81823,-1.0685,-0.36231,-0.54039,-0.16998,-0.79203,0.018135,0.38691,0.23226,0.34695,0.24575,0.46597,1.3272,0.81609,0.33309,0.3698,0.74487,0.44109,0.89302,0.52259,-0.3217,-0.49017,0.27019,0.4467,0.39967,0.15609,-0.06986,0.093256,-0.19115,-0.84662,-0.48779,0.040108,-1.1081,-0.82894,-0.32599,-0.22046,0.41636,0.2503,0.44702,-0.12346,0.75323,0.77127,0.83402,1.103,0.78217,1.0709,0.76212,0.55054,0.39486,0.0021972,0.40079,0.26234,-0.091248,-0.32859,-0.35517,-0.24873,-0.046473,-1.1981,-1.1505,-0.64491,-0.76696,-0.43966,-0.70552,-1.2612,-1.3079,-0.71843,-0.92428,-0.82818,-0.28693,-0.24279,-0.85768,-0.83565,-1.3748,-1.154,-1.1154,-1.2197,-1.8047,-0.69212,-0.9186,-0.77888,-1.1155,-1.7482,-1.0343,-0.74302,-1.4199,-1.4994,-1.5798,-0.94016,-0.33512,-1.1817,-0.35778,-0.28587,0.38792,-0.59369,0.31132,0.70182,0.56967,0.2152,-0.58164,-0.050773,-0.079074,-0.060389,-0.05062,-1.0889,-0.49412,-2.4556,-1.2226,-1.6058,-1.5928,-2.2011,-1.1712,-0.43009,-1.1649,-0.36134,0.29947,-0.20206,0.049147,0.58146,0.77766,1.1205,0.16044,0.11742,1.1036,0.72031,0.7743,0.92128,0.93345,0.059558,0.29743,0.61831,0.15431,-0.067584,-0.1289,-0.045871,0.71277,0.59531,1.0179,-0.11632,0.2275,0.30553,1.1268,0.62685,-0.70311,0.49737,0.85953,0.58817,-0.13998,-0.25479,0.19761,-0.18073,0.61347,-0.41387,-1.1691,-0.66399,-0.64178,-0.9964,-1.0388,-1.0954,-1.3904,-0.72658,-0.87856,-0.37567,-0.10256,0.13537,-0.13413,-0.15533,0.43721,-0.25127,0.54665,0.97059,0.54488,0.83499,1.1364,1.0555,1.1499,0.67745,0.65755,0.61174,0.70921,0.57651,0.06872,1.0017,0.56402,-0.54744,-0.43507,-0.44053,-0.3212,-0.63017,-1.0353,-1.9404,-1.3084,-2.1814,-1.6345,-0.56851,-1.3202,-1.017,-1.4771,-0.7111,-0.3811,-0.64587,0.10315,0.59472,-0.21992,0.034202,0.48423,0.030326,-0.35948,-0.75504,-0.18783,0.021595,-0.057837,-1.2301,-0.51681,-2.085,-1.103,-0.78875,-0.38676,-1.3949,-1.1521,-0.55644,-0.036843,-0.18045,-0.21993,0.69284,0.95626,1.4916,1.3421,1.202,1.4027,1.3127,1.2984,1.0113,0.25293,1.0285,0.80438,0.45447,0.16076,1.7035,0.62215,0.11673,0.52885,0.80023,-0.042011,-0.12761,-0.55564,-0.8309,-0.47827,-1.1669,-1.2219,-0.67531,-1.3264,-1.0349,-1.1671,-1.1536,-0.86031,-0.64131,-0.69084,-0.0060448,-0.50182,-0.10066,0.16688,-0.48131,0.21809,0.47892,0.49592,-0.41502,0.46934,0.16932,0.46751,0.19599,0.087702,-0.41182,-0.80351,0.16451,0.8666,0.13216,-0.10955,-0.059028,-1.206,-0.85639,-0.29212,0.44893,0.47561,0.060066,0.5955,-0.19576,-0.1303,-0.17085,-1.0306,-0.53989,0.2837,0.41956,0.5967,0.35097,0.50175,0.84854,0.81632,0.68003,0.24066,-0.45504,-0.3307,-0.41024,-0.69884,-0.34086,-0.4053,-1.0491,-0.41688,0.56304,0.57323,-0.7359,-0.71019,0.32401,-1.2495,-1.3718,-1.1429,-0.034012,-1.219,-0.49634,-0.54524,-0.55981,-0.64088,0.013278,-0.54165,-0.61903,0.55067,-0.48196,0.90809,-1.404,-2.3339,-1.8047,-1.1086,-0.77513,-0.37784,-0.40129,0.65292,0.41513,-0.40822,0.51478,-0.22406,0.65447,0.78627,0.07997,0.66785,0.32711,0.19717,0.66408,0.71899,0.43993,1.0573,0.85055,0.2862,0.31192,-0.33653,0.94559,-0.4567,-1.019,-1.394,-0.7851,-0.46909,-0.46952,-0.53779,-0.39752,-0.066037,-1.3342,0.61559,0.36083,1.2182,0.85175,0.066521,0.94427,0.34153,0.81762,0.56212,0.32506,-0.098486,-0.16076,0.074982,-1.4724,-0.62922,-0.84716,-0.26918,-0.62917,-1.0331,-0.78993,-0.16286,0.73853,0.53923,0.52957,-0.56244,0.59864,-0.64794,0.32522,0.59059,1.4533,0.93571,1.3028,1.3201,1.3812,0.84879,0.99939,0.26353,0.019628,-0.41736,0.038654,-0.28888,-0.60466,-0.71888,-0.79351,-1.167,-0.79645,-0.8217,-0.42001,-0.20485,-0.19443,0.92019,0.30006,0.29223,0.79211,0.50852,0.14821,0.32766,0.5454,0.12841,0.38562,1.1157,0.86214,0.19675,0.52108,0.47381,0.64733,0.47008,0.085878,-0.45896,-0.21389,-0.43363,-0.041183,-0.17765,0.094494,-0.16513,0.6754,0.47538,0.26041,0.63685,0.032044,0.54744,0.47515,0.32104,0.46168,-0.011392,-0.24745,0.07421,1.1073,0.47295,0.60541,0.84075,0.31302,-0.39178,-0.096841,-0.10967,0.37248,0.93657,-0.42922,0.0036153,-0.91212,-0.58823,-0.29237,1.6891,0.072922,0.61759,0.67265,1.1148,1.0982,0.64839,0.37769,0.84274,0.36498,0.2877,-0.11563,-0.077392,0.88636,-0.27499,-0.022916,0.3814,-0.46734,-0.57583,-0.64776,-0.4187,-0.57357,-1.1765,-0.61341,-0.96204,-0.66564,-0.43049,0.095569,0.37453,0.089883,-0.05462,0.79084,0.76308,0.67342,1.3715,0.71539,0.06204,1.1161,-0.20612,0.70837,-0.86681,0.20218,0.58486,-0.11404,-0.20463,-0.22294,-0.4649,0.28232,0.48971,-0.9909,0.12287,-0.72642,0.098295,-0.30042,-0.91837,-0.64779,-0.94772,-0.57391,-0.47508,-0.74345,-0.30941,-0.85431,-0.72005,-0.028461,-0.0032514,0.54699,0.32173,0.11164,1.6003,1.3241,0.80375,0.71094,0.57101,1.3251,0.89948,0.84138,0.73352,1.1052,0.92225,0.37763,0.93832,1.5034,1.4616,0.28925,0.53409,0.40846,0.49841,0.46309,-0.49992,-0.043786,-0.22344,0.15226,-0.69842,-0.73383,-0.7205,-0.82284,-1.0356,-0.54832,-0.79624,-0.89216,-0.8758,-0.70427,-1.0957,-0.87224,-1.0746,-0.69851,-0.74231,-0.98715,-1.0096,-1.1389,-1.1248,-0.79805,-0.67729,0.27316,-1.2099,-0.94305,-0.84308,-0.51905,-1.117,-1.0458,-0.49453,-0.53245,-0.09948,0.41546,-0.19503,0.34645,-0.11506,0.78604,0.71816,0.0025337,0.050816,0.34479,0.2073,0.23953,-0.12913,-0.64113,-0.15658,0.43732,0.4102,0.35317,-0.34122,-0.087339,0.2189
1.5093,1.1215,0.60324,1.2604,0.8164,0.72864,0.3059,1.1444,1.1502,1.1602,0.89879,0.84125,1.585,1.4479,1.2271,0.71903,0.19571,0.068627,-0.3909,-1.7014,-0.6658,-0.91157,-0.88543,-0.90932,-0.26553,0.14647,0.22645,-0.19552,0.087872,0.074163,0.01843,0.36064,-0.60549,-0.050865,-0.93397,-1.4461,-0.93253,-0.88944,-1.1205,-1.6064,-0.83372,-1.3207,-1.7191,-0.62335,-0.41551,-1.1281,-0.27422,-0.76754,-0.73634,-1.0466,0.32885,0.33569,0.60349,0.74933,0.15231,-0.29331,0.16064,-0.11653,-1.4314,-0.17633,0.50342,0.18838,0.1934,0.98311,0.54586,1.2599,1.1605,0.78834,0.77071,0.43933,-0.60114,-0.81053,-1.6611,-1.7618,-2.2229,-1.4771,-0.87346,-0.84132,-0.14091,-0.40433,0.20269,0.11687,0.13796,0.048323,0.51769,0.64821,0.17909,-0.46282,-0.90568,-1.292,-0.93279,-1.2377,-0.81397,-0.73082,0.093427,0.4809,-0.33223,0.1592,1.3968,1.006,0.68341,-0.052393,-1.5578,-2.7114,-2.335,-2.1924,-1.8068,-1.5243,-1.0918,-0.83687,-0.56659,-0.4382,-0.46813,-0.60321,-0.67191,-0.36605,-0.76394,-0.24519,-0.89401,-0.3829,-0.45551,-0.24027,0.19554,0.5285,0.24525,0.1906,0.067705,-0.039957,0.57237,-0.44098,-0.40414,-0.28525,-0.36057,-0.1063,0.141,-0.076534,0.56765,0.5072,0.67896,-0.49177,-0.16068,-0.14827,-0.6527,-0.72794,-0.29864,0.68887,0.50658,0.28689,0.070517,0.64877,0.80236,0.46655,0.87137,1.1251,0.61687,1.2264,0.39246,0.51706,0.025774,-0.081313,-0.86939,-0.79895,-1.2406,-1.0544,-1.5618,-0.97614,-1.062,-0.54772,-0.70133,0.42181,0.90242,0.75024,1.2947,2.0158,2.3072,1.5954,1.8588,1.5469,0.88911,0.37495,0.40778,0.51635,0.2918,-0.93192,-0.90639,-1.5193,-2.3882,-2.2231,-2.2382,-2.1214,-2.5668,-1.7825,-1.5993,-1.2663,-1.3842,-0.18437,0.24847,0.46372,-0.57719,0.97083,1.5196,1.566,2.1382,3.2893,2.8124,2.8205,2.7938,3.4357,2.8855,2.3935,2.2819,2.065,1.6879,1.2168,1.0372,0.93709,0.6569,0.73406,-0.18477,0.23203,1.0508,0.79868,0.78803,0.51755,1.2134,1.2768,1.2914,0.49479,0.020166,-0.16977,0.31467,-0.615,1.1385,1.1754,1.2986,1.055,1.6577,1.3516,1.0176,0.2704,0.27295,-0.081141,0.48579,0.74157,0.80457,1.4152,1.3664,-0.079464,1.0685,0.84418,-0.082173,-0.68762,0.085588,0.32002,-0.22398,0.15811,-0.56284,0.56042,0.64985,-0.11834,-0.6998,-0.1532,-0.85961,-1.2936,-1.7905,-1.9872,-2.011,-2.1134,-2.5977,-2.2386,-1.8161,-2.1155,-1.8357,-1.9863,-1.7693,-1.4699,-1.2827,-1.3773,-0.80231,-0.92302,-0.82446,-1.0518,-0.44158,-0.493,0.1385,-0.92001,-0.62159,-0.50506,0.032875,-0.5629,-0.090531,-0.27661,-0.039488,-0.25728,0.19977,-0.68914,-1.414,-1.7648,-1.5888,-1.7612,-1.2024,-1.7637,-1.6114,-1.6126,-1.6508,-2.0785,-1.4693,-1.4911,-1.732,-1.5587,-1.4182,-2.236,-0.94019,-0.37909,-0.17145,0.58352,0.21997,0.48527,0.90642,1.7574,0.76728,0.95703,1.4846,1.128,0.92906,0.96107,1.4457,1.8618,0.81217,0.78284,0.88946,1.1751,1.3803,1.2559,1.4806,1.1006,0.8567,0.37522,0.36359,0.62335,-0.08075,-0.025956,-0.47326,0.10182,0.45004,0.31744,0.42386,0.037228,-0.37681,-0.59468,-0.3696,-0.12901,-0.97666,-0.92008,-0.47797,0.77016,0.45075,-0.31377,-0.62688,-0.87163,-1.2388,-1.6553,-0.89533,-0.12758,0.39081,0.76455,-0.14587,-0.17762,-0.2141,-0.89604,-1.1752,-1.6768,-2.0713,-1.2684,-1.9841,-1.4294,-0.6644,-0.12855,-0.5607,-0.55295,0.27123,-0.6058,-0.37519,-1.1368,-2.0746,-1.1983,-1.2463,-1.1481,-0.94972,-0.28665,-0.45047,-0.31897,0.073123,0.26232,-0.31465,-0.089776,-0.35583,-0.24452,-0.43361,-1.1114,-0.96601,-1.7955,-1.3801,-1.4029,-1.4273,-1.4497,-1.2598,-1.6763,-1.228,-1.3271,-1.2403,-0.62006,-0.63373,-1.1536,-1.3941,-1.0509,-0.78271,-0.5367,-0.39323,-0.24007,0.070072,-0.52269,-0.60768,-0.3945,-0.0955,0.68305,0.48768,0.63228,0.3511,0.018729,-0.96942,-1.005,-1.4204,-0.94864,-0.43155,-0.44972,0.16209,0.18388,0.51351,0.06422,-0.25445,-0.68072,-0.015923,-0.36101,-0.19171,0.014017,0.4379,1.264,0.51986,-0.042249,0.77479,0.33034,-0.0094597,-0.36338,0.64894,0.92516,1.0347,0.88767,0.24515,0.80532,1.3607,0.94403,0.23836,0.53218,0.63395,0.36588,0.22631,0.52016,0.63641,1.2606,1.1452,1.0922,1.6666,1.7369,1.1769,0.031462,-0.45129,-0.85237,-0.75039,-1.1245,-1.1089,-1.9889,-2.3872,-2.3692,-2.2849,-1.2857,-2.2049,-2.3293,-1.9332,-1.517,-2.1366,-2.5744,-1.8823,-1.6568,-1.1654,-1.3185,-0.45695,0.12984,0.73291,0.04072,0.38135,0.023295,0.20796,0.99783,0.3905,0.90864,0.492,0.57197,1.5245,1.0699,1.105,1.3091,1.1214,0.81586,1.0826,1.0592,1.3879,0.65773,0.26216,0.24908,-0.24052,-0.63116,9.292e-05,0.42933,0.32515,-0.21725,-0.28449,-0.099676,0.14065,0.57335,0.61434,0.58023,0.58823,1.3022,0.54856,0.7192,0.32521,-0.54743,-0.3111,-1.262,-0.73972,-0.064418,-0.36293,-0.29472,0.0021844,0.33172,0.068274,0.9278,0.66556,1.1195,1.3686,1.5049,0.29217,-0.42082,-0.51963,-0.81014,-0.81744,-1.0838,-1.7515,-2.4238,-2.9713,-3.0831,-2.4562,-1.9212,-2.4594,-1.2971,-0.73797,-0.32175,-0.32583,0.41316,0.10387,0.53255,-0.30576,0.35975,0.17455,0.23214,0.57947,-0.49186,-0.066501,0.18985,-0.23251,0.14367,0.56474,0.50058,0.17095,0.73551,0.60478,0.8758,0.63094,0.36469,-0.12961,-0.31212,-0.26449,-0.15964,-0.44382,-0.21121,1.025,1.3797,1.6125,1.2594,1.5065,0.75814,0.6223,0.58841,0.083948,0.25967,0.21918,-0.039441,0.31685,0.14396,-0.36228,-0.2143,-0.77314,-0.032032,-0.093455,0.24467,0.62823,0.58914,0.9471,0.99439,0.43025,0.012316,0.87349,0.67783,0.1098,0.24035,0.5358,0.45176,0.29946,0.22361,-0.39724,-0.20209,-0.47118,-0.65475,-0.43269,0.59369,0.2907,0.8974,1.0031,1.7263,1.9547,1.9583,1.4639,1.5789,1.5341,0.78095,0.82896,0.89475,0.93272,0.67523,0.86869,0.83803,1.015,0.4366,0.2437,0.28788,0.59756,0.37358,0.83733,0.45482,0.75323,0.41952,0.3878,0.4742,1.0663,0.92172,0.77867,1.2828,0.65543,0.56004,0.18854,0.11498,-0.3256,0.30548,0.44044,0.95027,1.1211,0.70833,0.7831,0.4615,-0.023321,-0.56364,-0.30851,-1.2359,-1.5783,-1.4962,-0.84304,-1.5951,-1.237,-0.63966,-0.62996,0.1372,-0.43718,-0.2611,-0.39133,0.48593,0.94116,0.96796,1.0792,1.4897,1.5697,1.7,1.2796,0.36301,0.83908,0.8898,1.0647,0.39979,0.76413,0.14802,0.53327,-0.080389,0.56696,0.64609,0.59414,0.86109,0.71158,1.5112,1.793,1.3953,1.0594,0.29353,1.4153,1.8327,1.175,1.7234,1.9798,2.205,2.6919,2.3036,1.7584,1.7444,1.5141,1.618,1.3939,1.3884,0.51609,0.029857,-0.25347,-0.0034466,0.23446,-0.11614,-0.028233,-0.40936,-0.49806,-0.58469,-1.0751,-1.3558,-1.3095,-1.5142,-0.7882,-0.32537,0.10777,0.26355,0.26313,1.1244,0.18248,-0.42022,0.014052,-0.74655,-0.71555,-0.98251,-0.83389,-0.14218,0.72354,0.55342,0.48778,0.85731,0.66318,1.1005,1.8031,1.2607,1.5945,1.3926,2.088,1.9701,2.0911,2.3151,1.8136,1.4182,1.9586,1.9611,1.9289,1.4624,1.5941,1.4527,1.5712,0.77361,0.74531,0.22805,0.72905,0.2966,0.68512,1.2049,0.23292,-0.073263,-0.92729,-0.90793,-1.651,-0.64411,-1.4166,-1.0605,-0.55858,-0.51156,-1.1445,-0.90262,-0.19818,-1.4899,-1.3478,-1.199,-2.1835,-2.3404,-1.9786,-1.8641,-1.1633,-1.0961,-0.48391,-0.81171,0.13644,0.6384,0.97497,0.76654,0.94316,0.65601,0.59611,0.77914,1.3786,0.21557,0.30338,-0.25252,0.39173,0.52234,0.31322,0.17745,1.0506,0.75521,0.95687,1.2637,1.7346,1.3208,1.9408,2.3747,1.932,1.9752,2.0837,2.3659,2.2533,1.5646,1.2076,0.55633,-0.13262,0.29111,-0.1119,0.37414,0.16718,-0.0027858,0.2103,-0.44152,-0.043898,-0.53409,-0.98004,-1.9053,-2.0716,-1.4761,-1.0429,-0.24826,-0.85084,-0.61723,-1.2343,-1.5518,-1.4068,-0.88834,-1.1373,-1.8004,-1.4982,-1.4643,-1.0091,-0.8956,-1.0115,0.13568,0.090554,0.29659,-0.085445,0.28368,0.089119,0.19262,0.20081,0.47203,1.1397,1.1437,1.2045,0.72738,0.5587,0.84737,0.48172,0.83653,0.68415,0.92517,1.0162,0.43237,0.33151,0.21379,0.078177,-0.11369,-0.32439,0.16744,-0.1032,-0.10885,-0.21516,-0.38816,-0.95856,-1.1357,-0.61531,-0.11393,-0.31875,-0.14216,-0.82841,-1.2187,-1.4865,-1.5748,-1.6769,-0.71837,-1.2629,-1.3244,-1.4309,-0.99162,-1.2031,-1.4882,-0.55574,-0.58635,-0.27213,-0.28506,-0.75843,-0.75816,-0.54707,-0.1793,0.19649,0.13497,0.7486,0.77246,1.478,1.2706,0.75992,0.91295,0.1983,-0.18224,-0.72683,-1.0856,-0.79828,-0.59553,-0.61524,-0.382,0.028314,-0.31214,-0.82888,-0.95969,-0.85177,-0.91132,-1.1031,-0.53023,-0.56883,-0.12696,0.44866,1.1685,0.37645,0.90267,1.1123,0.88608,0.44038,0.34153,-0.10688,-0.17936,-0.45313,0.73011,0.76866,1.4113,0.90897,-0.048482,-0.30646,-1.1121,-1.7944,-2.7823,-3.1251,-2.1798,-1.8596,-1.979,-1.3772,-0.61289,0.70258,0.50645,0.042016,0.61864,1.1072,0.92032,1.5699,1.6746,1.6776,1.329,1.8232,0.7175,0.91372,1.2993,0.97114,0.025161,0.17908,0.1462,-0.061068,-0.12117,-0.18323,-0.45144,-0.43974,-0.75021,-0.0044057,0.023735,0.50442,0.01683,-0.42871,-0.20827,-0.17262,0.097696,0.0018091,-0.011446,0.20355,0.37308,1.0152,1.3574,0.70754,1.0975,0.32077,0.2925,0.12299,0.35931,0.28435,0.75842,0.4192,0.55945,0.083757,-0.75013,-0.46796,-1.4566,-1.9917,-2.0286,-1.4641,-1.9237,-1.2006,-1.0491,-0.49468,0.83717,0.83796,1.2183,1.3031,1.7925,2.0529,1.3183,0.36978,0.77209,0.8105,0.70529,1.0697,1.3471,1.5534,1.5971,0.8248,2.3641,1.6502,2.5279,1.5495,1.3777,1.7891,0.91589,0.63884,0.36531,0.21669,0.32935,0.37758,0.25804,0.1585,-0.58246,-0.49336,-0.6629,-0.1375,-0.5651,-0.43713,-0.46493,-0.6916,-1.1109,-1.7717,-1.5464,-1.6899,-1.3543,-2.1412,-2.7739,-2.0487,-2.1513,-2.106,-1.6573,-1.3312,-1.7536,-1.3427,-1.5873,-1.3406,-0.13,-0.76081,-0.56933,-0.46299,-0.57711,-0.37096,-0.10874,-0.77706,-0.9118,-0.39998,-0.4634,-0.58449,-0.1751,-0.20753,-0.13614,0.10522,0.12655,-0.29866,0.12527,0.26876,-0.86389,-0.90281,-1.0522,-0.68736,-0.43974,-0.28567,-0.34223,-0.29149,-0.44668,-0.31887,-0.16045,-0.2122,0.28082,0.57084,1.3001,1.3244,2.4288,3.1572,2.8652,2.6039,2.3965,2.8443,2.0485,2.4665,1.2614,1.1624,0.40061,0.34013,0.12795,-0.071393,-0.25549,-0.1594,-1.0175,-1.0212,-0.51272,-0.64592,-0.90392,-1.0356,-0.82619,-0.43893,-0.56545,-0.50526,-0.22799,-0.22231,-0.47224,-0.48775,-0.26096,0.17412,-0.32744,-0.56603,-0.85963,-0.61286,-0.84356,-1.5597,-1.8047,-1.0636,-1.6234,-1.2253,-0.94606,-0.82321,-0.54983,-0.77742,-0.73805,-0.55082,-1.2979,-1.2314,-1.3219,-1.092,-1.2041,-1.2346,-1.4029,-0.93456,-0.43416,-0.93455
-0.28897,-0.51796,-0.16782,-0.066728,-0.050554,-0.41367,-0.30693,0.022245,-0.67578,0.63742,0.14436,-0.27796,-0.043505,0.40259,0.30799,0.14752,0.12444,0.33448,-0.19257,0.34041,-0.13157,-1.0202,-0.62137,-0.56921,-1.1877,-0.44964,0.83307,-0.5105,-0.096142,0.29074,1.5526,0.59786,0.38301,0.50797,0.011638,1.4063,-0.11512,0.23351,0.40134,0.29513,0.45168,-0.237,0.47692,0.22151,-0.79752,0.55505,-0.14858,0.079785,0.10285,0.31573,-0.1486,0.0007168,-0.018843,0.46232,0.050378,0.22319,-0.77108,1.0135,-0.73066,-0.75417,0.24845,-0.2735,-0.31435,-0.30168,-1.4867,-0.32771,-1.5923,-1.4995,-0.041796,-0.48423,0.17222,-0.5117,0.10982,0.3792,-0.051164,0.15152,0.69058,0.69044,1.0261,0.50111,-0.24532,0.68072,0.60566,0.24632,0.12376,0.71676,-0.39156,0.42943,0.60665,-0.23613,-0.16817,0.2536,0.63969,0.90044,0.014642,0.08995,0.79001,0.48769,1.2928,0.31434,1.3135,1.0988,-0.079271,0.80232,0.18852,0.34721,0.40513,-0.37585,0.53472,-0.24176,-0.12504,0.59713,-0.22888,0.089456,0.25365,-0.033147,-0.40343,-0.056168,0.12661,-0.84479,-0.10223,-0.80533,-0.75943,-0.17674,-0.80318,0.068375,-0.58706,0.68635,-0.10588,0.48566,0.5398,0.29168,1.0252,0.7779,0.51228,1.0962,1.5845,1.6471,1.92,0.73238,1.4408,0.90344,1.3654,1.0603,0.54188,0.31216,0.95207,-0.1466,0.42211,-0.013993,0.66178,0.61159,-0.43104,0.27964,0.049724,-0.48397,-1.2171,-0.27087,0.13524,0.24725,-0.20317,0.72013,0.46098,0.50687,0.31234,0.38407,0.57361,0.78159,1.4609,-0.71709,-0.50379,-0.1441,-0.12296,-1.2217,-0.44666,0.34628,-0.85552,-0.45255,-0.2721,0.45261,0.32079,0.64448,0.27208,0.69362,0.30653,0.79636,0.90131,0.59343,0.68479,0.20877,0.72404,0.87482,1.7743,1.3362,1.1881,1.4145,0.67055,0.88252,-0.02104,1.1235,0.94524,0.43607,0.36947,0.42392,0.32002,0.53848,-0.35174,-0.54991,0.31773,0.077253,-0.3425,-0.12582,-0.48079,-0.37382,0.13496,-1.1945,0.21866,0.29462,0.5593,0.7124,0.74005,0.89606,0.64801,0.29459,0.46928,-0.34805,-0.32878,-0.96319,0.98633,0.08965,0.24895,0.48771,0.90104,1.2896,0.14224,0.68968,1.0155,0.86011,0.73108,1.4109,0.68602,1.886,1.1228,1.4608,0.32836,0.32805,0.92883,0.67143,0.62047,0.74932,0.84255,2.0225,0.57294,0.53364,1.411,0.78184,1.7068,1.2147,0.43718,-0.10356,1.3689,1.1358,0.31575,0.69935,0.6169,1.3788,-0.45512,0.5536,-0.28995,0.092714,0.0039823,-0.60996,0.031817,0.74864,-0.16352,-0.052224,-0.50652,-0.4736,-0.20318,-0.35253,0.059423,0.25382,-1.063,-0.72261,-0.58177,-0.25139,0.032228,0.39677,-0.13795,-0.10119,0.39707,0.42442,0.72135,1.0988,0.43219,1.7703,0.20667,0.78633,1.1337,1.7585,1.1588,0.71967,1.5931,1.9668,1.5546,1.2841,0.98668,0.91433,0.84093,0.45953,0.51993,0.86514,0.31953,1.0351,-1.0036,0.90917,1.2096,1.6728,0.22845,0.83721,0.52184,-0.040021,-0.052856,-0.14453,-0.4437,-0.15292,-0.47946,0.060755,-0.17602,-0.63247,-0.63713,0.54425,0.21976,-0.30239,0.08514,-0.67123,-0.88905,-0.96156,-0.64234,-0.16004,-0.54873,-0.66262,-0.1142,-0.41847,-0.13441,0.14284,-0.85054,-0.1229,-0.65431,-1.3632,0.11464,-0.60941,0.12972,-0.027867,-0.91683,0.2255,0.045026,-0.025364,-0.42581,0.20142,-0.15639,0.12004,0.83247,0.29591,0.38244,0.10607,0.12731,0.056876,0.33241,-0.40669,-0.80685,-0.39582,0.052082,-0.35608,-0.47792,-0.78998,-0.32464,0.44002,-0.29279,-0.92426,-0.0067158,0.17116,0.0028754,-0.37078,-0.5737,0.17458,-0.82725,-1.2789,-0.68997,-1.2716,-1.3779,-0.94533,-0.49953,-0.92093,-0.61569,-0.69015,-0.46069,-0.78888,-0.0085592,-0.55908,-0.54508,0.29741,0.30217,0.094435,-0.26132,0.074248,0.22942,-0.2416,0.79583,0.68046,0.67777,-0.07785,0.19113,0.20261,0.60212,0.049105,0.78271,-0.49981,-0.054342,0.18505,0.042801,-0.39562,0.60072,0.25824,-0.69472,-0.44737,-0.085403,-0.41605,-0.26758,-0.10424,-0.56873,-0.8796,-0.72976,-0.30424,-1.0041,-1.1973,-1.2445,-2.2114,-0.51636,-1.2317,-0.46411,-0.75694,0.066086,0.57483,0.16724,0.43499,-0.2266,0.51143,-0.26518,0.001342,-0.26208,0.30311,-0.34069,0.13853,0.34837,0.14023,0.028089,-1.086,-0.87404,-1.044,-1.4749,-1.0815,-1.6553,-1.0334,0.08553,-0.32821,-0.18942,-0.77648,-0.47898,-0.046937,-0.96027,-0.56827,-0.92751,-0.93645,-0.63132,-0.59911,-0.92391,0.39245,0.55041,-0.26842,-0.60878,-0.5958,-0.36625,0.81801,-0.3549,-0.47782,0.094447,0.425,0.34733,0.10867,1.0298,0.6086,0.24854,0.51614,-0.24149,-0.64467,-0.3005,-0.90471,-0.87302,-0.58472,-0.31141,-0.3891,-0.61183,-0.35616,-0.62593,-0.59787,-1.022,-0.81104,-0.070751,-0.55379,-1.8201,-1.0774,-0.36576,-0.81535,-1.446,-0.6845,-0.42054,-0.72703,-0.68844,-0.2304,-0.16494,0.64682,-0.24807,0.11219,0.33608,0.72629,0.42228,0.58033,1.0477,0.43935,0.81773,0.89942,0.21313,0.8279,0.7778,-0.0068661,0.039257,-0.40416,0.44075,0.50002,-0.24621,0.47464,0.99642,0.61425,0.57551,0.095212,0.69454,0.62159,0.74991,0.66771,0.18894,-0.4133,-0.4436,0.073104,-0.69399,-1.6747,-1.1565,-0.97293,-0.61261,0.98575,0.17105,-0.0076447,-0.31369,-0.41272,0.70263,0.75344,-0.45367,0.38805,-0.1002,-0.5996,0.12785,-0.74098,-0.1422,0.16961,-0.50311,-0.50199,-1.1098,-0.78746,-1.0995,-1.0549,-0.94908,-2.0459,-1.1901,-1.3878,-1.2247,-1.3605,-1.44,-1.1551,-1.41,-1.0315,-0.66743,-1.1283,-0.85884,-0.73087,-0.60103,-0.17893,-0.16776,-1.0499,-0.55713,-0.33522,-0.045521,-0.34263,-0.22663,0.13237,-0.2201,0.083639,0.060624,-0.92565,0.074686,-0.50334,0.42165,0.48222,-0.87073,0.24085,0.44888,-0.30644,-0.44868,0.93017,0.34866,0.55262,0.29637,0.65242,0.7466,0.85653,-0.077884,0.63956,0.8277,0.83254,0.70619,0.66293,1.4084,0.78687,1.0479,0.51329,0.33968,0.57667,-0.13481,-0.50764,-0.82448,-0.74492,-0.83813,-0.42038,-0.82862,-0.521,-1.0553,-0.54671,-0.38287,-0.37658,0.29564,-0.11241,-0.39466,-0.64476,-1.0203,-0.73395,-1.2011,-1.7565,-1.3711,-1.346,-1.7475,-1.2414,-1.206,-1.0267,-1.0315,-0.96205,-1.2644,-1.573,-1.1335,-1.4059,-1.4289,-0.6756,-0.75069,-0.35551,-0.50374,0.05593,-0.26117,-0.11572,-0.35061,-0.30354,-1.0237,-0.40543,-0.71016,-0.54735,-0.51058,-0.023478,-1.1255,-0.74402,-0.87993,0.33127,0.078112,0.044446,-0.43725,-0.0084362,-0.38253,0.065194,-0.25153,0.26256,0.01723,-0.22265,-0.1344,0.36069,1.0849,-0.23599,-0.048494,1.3392,0.50206,0.58574,0.81411,0.34325,0.38405,0.50134,0.55091,1.0287,0.28569,0.62442,0.41697,0.54836,0.50737,0.9786,0.15119,0.50251,-0.027188,0.89682,-0.10494,-0.074897,-0.36328,1.1533,-0.3444,0.74782,0.48263,-0.19401,-0.54285,-0.93211,-0.046008,-0.24241,-1.0206,-0.13652,0.22827,-0.090676,-0.64857,-0.817,0.88603,-0.20351,0.24601,-0.13538,-0.16283,0.16555,-0.15053,-0.031243,-0.2375,0.2152,0.62303,0.48694,0.030701,-0.093071,0.38118,-0.14711,-0.39221,0.41186,0.47177,0.20196,0.40291,0.37271,-0.057807,0.48124,-0.2916,0.36222,-0.44111,-0.99002,-0.56386,0.2552,-0.40988,-0.3951,-0.36287,-0.21366,-0.68644,-1.2159,-1.6966,-0.53645,-1.3122,-0.38913,-0.72685,-0.77679,0.16122,0.00783,-0.68192,-0.38525,-0.23786,-1.177,-0.93664,-0.78754,-0.59846,-0.56992,-0.60289,-0.38447,-0.48692,-0.16195,0.0094512,-1.2454,0.40258,-0.8212,-0.94338,-0.14423,0.15222,-0.10088,0.79741,-0.65746,-1.2605,-0.18325,-1.0837,0.027609,-0.69208,-0.37516,0.32098,1.4364,0.71771,1.8281,1.2289,1.4589,0.82252,0.64913,0.48176,-0.45572,0.58044,-0.22371,-0.22558,-0.46523,0.38981,0.31648,0.10205,-0.17091,-0.011993,0.041539,0.33384,0.27708,-0.0019953,0.1304,-0.15307,0.34637,-0.69166,-0.41815,-0.56352,-0.3843,-0.506,-0.2232,-0.08542,0.76371,0.61612,-0.25702,0.21416,0.61673,0.2312,0.14124,0.5417,0.17106,0.79339,0.72618,0.021949,-0.29933,-0.44433,0.1509,0.60534,-0.63223,-0.098372,0.8065,-0.95973,-0.65495,-1.2322,-0.56538,-0.56369,0.32081,0.41489,-0.52856,-1.3053,0.29876,0.013108,0.65411,-0.86432,-0.97487,-0.40299,-0.28919,-0.58259,-0.42238,-0.56728,-0.16777,-0.3048,-0.077323,-0.86041,-0.48322,-1.0695,-0.70474,-1.0051,-3.188,-2.4726,-1.5675,-0.73093,-1.4901,-0.84231,0.32554,-0.57561,0.3063,-0.013841,-0.73755,-0.42736,-0.59179,-0.78305,-1.222,-1.0185,-0.26357,-0.68361,-1.2712,0.14837,0.083383,0.31873,-0.66672,-1.303,0.12303,-0.014306,-0.21082,0.51569,-0.32981,-0.018092,-0.25551,-0.21699,-0.14057,-0.12774,-0.46991,-0.059814,0.38855,0.76992,-0.26926,0.32795,0.10722,0.27157,0.85539,-0.088839,0.5165,-0.60816,-1.277,-0.85704,-0.39527,-0.34268,-2.484,-1.6691,-0.36407,-0.32945,0.1736,-0.74522,-1.1241,-0.82242,0.32136,-1.0107,0.090962,-0.15955,-0.22364,-0.099364,0.23065,-0.44651,0.15888,0.20015,-0.5487,-0.72949,-0.27285,-0.48112,-1.2178,-1.4284,-2.1009,-1.3679,-0.91349,-2.1579,-1.1041,-1.8438,-1.2108,-0.87057,0.52436,0.35618,-0.43747,-0.088674,0.088439,0.18633,0.30603,-0.33615,-0.26777,-0.12714,0.10639,-0.60886,-1.0753,-0.28778,-0.24881,-0.38879,0.55261,0.73732,-0.046929,0.80292,-0.041961,-0.68653,0.44424,-0.090763,-0.10987,0.094448,-0.76582,0.54204,0.69603,0.47766,0.53693,0.52873,0.67286,-0.0053277,0.36734,-0.30347,-0.060981,0.12498,-0.00099896,-0.74411,-0.12901,1.2558,0.85412,0.59908,0.4212,0.43541,1.2267,1.2078,0.74396,1.0158,0.59596,1.3235,0.47747,1.2652,1.0387,1.5018,0.69066,0.64564,0.63508,0.35414,0.93432,0.29355,-0.59534,-0.23768,-0.059327,-0.019018,0.065539,0.53422,-0.78857,-0.59963,0.39778,-0.3159,0.5023,0.38424,0.68496,-0.24549,0.085612,0.73004,0.20447,0.72308,0.10052,-0.54862,0.5112,1.3498,0.88807,1.1201,0.66927,0.76086,0.38563,0.57639,-0.59095,-0.99038,0.20725,0.57866,-1.6322,0.044275,0.50715,1.2707,1.5058,0.91205,0.6654,1.118,0.86617,0.49011,-0.37978,0.0049505,0.76298,0.38419,-0.077711,0.086989,-0.10682,-0.209,-0.19173,-0.71556,-0.35497,-0.32894,0.39578,-0.00093347,0.606,-0.047793,0.93153,0.82049,0.2147,0.59266,0.023626,-0.020526,-0.76663,-0.43023,-0.87367,-0.72975,-0.031835,0.40946,0.023773,-0.94067,-0.66404,-0.13431,0.013555,-0.34277,0.081816,0.52334,0.037602,-0.060539,0.13583,0.44464,0.69113,0.9659,0.66812,1.451,1.4004,1.2599,1.9582,1.1211,1.1181,0.14889,0.64029,0.60581,0.56395,0.37816,0.25093,0.14903,0.97301,1.2087,0.56368,-0.26699,0.33715,0.36584,1.0688,0.18995,-0.0048626,0.24723,0.92088,0.30809,0.24948,-0.1867,-0.62326,0.2571,-0.24872,-0.050863,-0.22354,0.95724,0.63532,-0.18124,0.38059,-0.24981,0.40955,0.78975,0.21789,0.33859,0.34459,-0.17331,-0.17537,-0.19311,0.59927,-0.26105,-0.25997,-0.10318,0.84491,0.13705,0.66854,0.32551,1.1328,-0.12089,-0.14886,-0.27841,0.15965,0.3701,0.50123,0.39462,0.78696,-0.30594,0.74885,1.18,0.80406,0.64456,0.59681,0.91515,1.3678,1.1348,0.78484,0.41859,0.38901,0.28981
-0.4362,-0.58681,-0.71192,-0.4128,-0.16666,0.13425,0.047876,-0.34549,-0.83343,-0.27574,-0.34347,-0.61777,-0.9972,-0.28295,-0.078978,-0.050138,-0.6089,0.16183,-0.22781,0.18004,0.47598,-1.0932,0.61437,-0.3573,-0.36209,-1.0199,-1.4874,-0.36712,-1.3718,-0.93984,-0.73239,-0.19848,-1.1796,0.37716,0.28906,0.01374,-0.59022,-0.79369,-1.4707,-0.41601,0.059987,-0.29229,-0.73152,-1.35,-1.7381,-0.1446,-0.50829,-0.82794,-0.2464,-0.85584,-1.0341,-1.405,-0.97124,-1.0341,-0.4667,-1.4377,-0.047605,-0.41277,-0.44378,-0.3839,0.24682,-0.42059,-1.2661,-1.9226,-1.6879,-2.1769,-1.2054,-1.4243,-1.6625,-0.22026,-0.15499,-0.2966,-0.44846,-0.3548,-0.1446,-0.41592,-0.28756,-0.43124,0.018589,-0.22759,-0.88129,0.25122,-0.76215,-0.79927,-0.90858,0.020378,-1.7073,0.10782,-0.85603,-0.081132,-0.92964,-0.70183,-0.59189,0.37287,-0.49953,-0.73096,-0.54079,-1.0949,-0.42996,-0.96878,-0.48704,0.0025607,-0.0033868,0.37843,0.04775,0.31968,-0.29093,-0.67738,0.17273,-0.58997,-0.3168,0.0060735,0.41993,-0.071475,0.3652,0.0016828,-0.29103,-0.51113,-1.0928,-0.4095,-0.4494,-0.43002,-0.479,-0.19554,-1.0666,-0.36171,-0.73524,-0.31565,-0.20858,0.33655,0.023345,-0.32295,-0.24718,-0.97068,-0.76828,0.52741,-0.03161,-0.72793,0.79099,-0.11865,0.31449,1.3937,0.84362,0.27415,0.5391,-0.16835,0.14096,-0.18682,0.52915,0.38261,0.28067,0.70665,0.09306,0.14681,-0.044867,-0.87165,-0.43803,0.16838,-0.0083271,0.51381,0.11916,1.1399,-0.87475,-0.33862,-0.60373,-1.0304,-0.81845,-0.77872,-0.78698,-1.6813,-1.1889,-1.381,-2.4419,-1.2209,-0.579,-0.5396,-0.01078,-0.21462,-0.90473,-0.42139,-0.82129,-0.3731,-0.60174,-0.91117,-0.50873,0.38258,0.74723,-0.19681,0.24779,0.22034,0.47226,0.17739,-0.26254,-0.18907,0.5466,0.21671,-0.69029,0.040834,0.3004,0.32856,0.59357,1.1975,0.029601,-0.13376,-0.026353,0.222,0.28563,0.5345,-0.053534,-1.3203,-1.4762,0.11222,-0.52324,0.18791,-0.12211,0.078328,-0.30508,-0.28285,-0.35184,-0.26855,-0.12704,0.38257,0.00017022,-0.23657,-0.16338,-0.16374,-0.14191,-0.0037268,1.0445,-0.80469,-0.024768,-0.70448,-0.017199,0.24645,1.0018,-0.16382,-0.46365,-0.11849,0.11332,0.1511,-0.36494,1.2114,-0.63178,-0.51469,-0.25766,-0.70262,0.41512,0.26359,0.40803,0.57592,1.0042,0.73418,0.88413,0.58673,-0.24362,-0.0040716,0.082187,0.1132,-0.83898,-1.2504,-0.39703,0.39912,0.57109,-0.37689,-1.2164,0.78343,-0.51217,1.377,0.5988,0.68643,0.82833,0.71195,-0.078939,0.28052,-0.25497,-0.32302,-0.41269,-0.48136,-0.46486,-0.39177,0.41048,0.25251,0.042804,-0.91891,0.41839,-0.011009,0.011784,-0.60686,-0.65937,-0.66368,-1.0878,-0.74392,-0.22462,1.0362,0.96163,1.324,0.68949,1.479,0.95009,1.1129,0.8088,0.90617,0.48338,0.66677,-0.17091,0.88876,0.61784,0.42908,-0.084246,0.6699,0.89069,1.3369,-0.79636,1.1611,-0.57101,0.056874,0.63485,0.14359,-0.66626,-0.041529,-0.20629,-0.075592,-0.028611,0.54853,-0.19424,0.044204,0.020678,0.40778,-0.36093,0.31267,-1.1707,-0.38183,-0.99648,-0.69274,-1.1809,-0.068148,-0.59287,-0.089594,0.24213,0.7143,0.291,0.43018,-0.11653,0.028872,1.0437,0.092532,-0.13128,0.14825,-0.16898,0.25234,-0.504,-0.40352,-0.32137,-0.45256,0.80484,0.99509,0.34322,0.53736,0.41723,1.7304,1.0384,-0.42552,-0.58489,0.09115,-0.44854,0.65722,-0.12983,0.1686,1.3528,0.71977,0.084103,0.61002,1.526,-0.47899,-0.81042,-1.1566,-0.49872,-0.69719,-0.5725,-0.062804,-0.34564,0.2817,0.76016,0.42713,0.28142,0.74176,-0.57663,-0.04751,-0.95313,-0.92842,-1.2492,0.18467,-0.14411,-0.6659,0.19962,0.42324,0.496,-1.1279,-1.2293,-1.1084,0.072995,-0.10582,1.0463,0.66402,0.7579,0.79811,0.19664,0.47341,1.3468,0.29048,-1.0321,-0.62934,-0.087688,0.47706,0.17473,0.35507,0.57727,-0.42088,0.25128,1.2989,0.94706,0.2951,0.24983,0.76599,-0.024341,-0.13757,0.086597,0.32286,0.072989,0.56546,0.23744,0.063236,0.1515,0.255,-0.65344,-0.72833,-0.6665,-0.089234,-0.32082,-0.16076,0.39704,0.37056,0.76382,0.85542,-0.19364,1.1054,-0.76441,-0.26318,-0.045482,0.68671,0.41325,0.24652,0.34662,-0.071853,0.92639,0.51146,0.23745,-0.2379,0.097075,-0.36795,0.11475,0.37238,0.099204,0.10307,-0.44985,-0.54002,-0.42102,0.18173,-0.37191,-0.91491,-0.096275,0.50298,0.64765,0.79062,1.3785,1.6083,1.0769,2.3277,1.7563,1.0523,0.69862,1.3991,0.26688,1.3199,1.0748,0.25733,-0.15912,0.30033,0.42919,0.83946,0.72163,0.73008,0.35989,0.9301,0.92345,1.0616,0.86084,0.51911,0.043125,0.86664,0.2837,-0.036161,-0.32377,-0.66167,-0.027596,-0.13174,-0.31291,-0.2747,0.16923,0.086519,-0.025603,-0.57357,0.73277,1.1043,0.60648,0.46179,0.21178,-0.053458,-1.1618,-0.31316,-0.045445,0.87951,0.97191,1.304,1.1739,1.777,1.2662,0.82746,1.7136,0.8145,0.83432,1.6246,0.88647,1.2482,1.2721,1.4911,1.6944,1.7949,1.5552,1.5594,1.9411,1.1387,0.77944,1.1867,0.77894,0.24042,-0.83111,0.66666,1.1176,1.714,0.23388,0.75699,0.91196,1.3561,1.7412,-0.373,-0.03191,0.13498,0.68832,0.9563,1.6521,1.3779,1.1061,0.77618,0.00026909,0.74526,-0.022514,0.73402,-0.3303,0.87283,1.5864,1.1006,1.0814,-0.46274,0.88946,-0.15252,0.4564,-0.72992,-0.29625,0.35574,-0.21476,-0.97645,-1.2837,-0.32655,-0.18906,-0.15306,-0.78665,-0.3604,0.19912,0.25035,-0.41651,0.29654,1.0848,-0.14297,-0.67044,0.96437,1.3598,-0.29502,0.99779,0.64142,1.483,0.99767,0.5533,0.71941,0.74182,0.78632,0.25486,-0.21246,0.6812,0.49093,1.3374,1.1952,0.034073,0.72953,-0.16738,-0.83017,-0.38345,0.79332,0.36995,0.81733,0.016847,0.56606,0.5581,-0.08699,-0.68524,0.43264,0.34805,0.88595,0.94687,1.2517,1.2366,1.3483,1.5673,1.0533,0.78647,0.79533,0.43871,0.25727,0.61266,0.40425,0.52475,0.11623,0.61088,0.014074,0.093183,0.30159,0.27307,-0.96434,-0.61101,-1.4081,-0.46237,-0.39852,-0.28579,-0.066466,0.065559,0.48352,0.20438,0.10264,0.49368,0.32134,0.59195,0.35569,-0.57102,-1.4824,-0.68745,-0.55248,-0.39609,-0.16595,-0.69927,0.43141,-0.29363,-0.44366,-0.56253,0.14663,-0.96405,-1.7734,-0.96411,-0.27906,0.2555,-0.31252,0.37057,1.1816,1.4176,1.1707,0.40923,0.17096,1.251,1.2321,1.4624,0.99654,-0.38029,-0.10095,0.0062608,0.25746,-0.51305,-1.07,-0.52539,0.67898,-0.7928,-0.086023,1.0892,0.11108,0.64899,-0.086956,0.031257,0.67874,0.78769,0.56858,0.34302,1.0167,0.52685,0.93721,0.73735,0.49768,0.59682,0.84424,0.515,0.82417,1.1288,0.59666,0.63619,0.63357,1.0785,0.84799,0.31335,1.1346,-0.062635,0.28378,0.27194,0.25446,-0.036121,0.6711,0.91874,0.55796,-0.00056596,1.4947,1.9455,2.025,-0.56769,-0.17792,0.84522,0.041482,-0.064291,-0.57193,-1.1875,-0.90039,-0.52998,-0.27075,-0.5593,-0.087205,-0.080304,0.076862,-0.0075991,0.12456,0.32994,0.64692,0.61988,0.10975,1.1616,1.5774,0.75196,-0.066788,0.062376,1.018,1.1628,1.5809,1.008,1.0066,0.29803,1.0193,0.017667,-0.24154,-0.59038,0.40321,-0.53395,-0.69748,-1.2554,-0.4448,0.3003,0.14524,-0.34976,-0.98349,-0.95128,-0.65938,-0.30379,-0.6003,-0.18202,-0.10264,-0.27975,0.039401,0.40467,0.29417,0.47299,0.079608,0.29738,0.29632,0.90734,0.13988,-0.077709,-0.0051915,0.70839,-0.55412,-0.32421,-0.15089,-0.064939,-0.87202,-0.80986,-0.080086,0.13703,1.5157,0.94481,1.8513,1.0615,1.5361,0.45899,-0.10016,-0.034683,0.602,0.57254,-0.25608,-0.031054,0.4987,1.1412,1.1725,1.2264,0.014173,1.1022,0.64788,0.88875,-0.34101,-0.51139,-0.65216,0.20786,-0.25138,-0.37832,-0.63963,-0.66407,-0.099778,-0.72653,-0.62411,-0.9521,0.1015,-0.050521,0.11114,-0.66379,-0.048506,0.15371,-0.28417,0.2311,0.7392,0.42551,-1.2017,-0.11685,0.085231,0.77621,-0.28208,0.089933,-0.44789,-0.1431,0.79284,0.12581,0.53003,-0.1241,0.72874,-0.064343,-0.84494,-0.59584,-0.35801,-0.10927,-0.71277,-1.1414,-0.77157,0.41169,-0.71417,-1.5861,-0.32331,0.070672,0.096634,0.049448,0.51099,0.47864,0.91853,0.43401,0.62201,0.14868,0.36393,-0.45006,-0.86285,-0.29051,0.29473,-0.028988,-1.1962,-0.32225,0.67854,0.31278,0.98647,-0.27993,-0.95194,-1.0721,-1.0442,-1.0664,-2.0551,-1.1943,-0.6082,-0.43281,-0.023536,0.13606,0.12343,-0.28387,-0.80582,1.0014,0.21776,0.29101,-0.59188,-2.209,-1.835,-1.2552,-1.2593,-0.60729,-1.3217,-1.4007,-0.77905,-1.1532,-0.62371,-0.69977,0.25178,-0.016019,0.13638,-0.059121,-0.11095,0.28755,0.0021594,0.36472,-0.36582,0.050809,0.26379,-0.22956,-0.75123,-0.34784,0.10741,0.062655,-1.0369,-1.6371,-0.73105,-1.146,-0.76998,-2.2203,-2.4446,-1.0435,-0.66398,-0.65075,0.18416,0.15517,0.13585,0.29066,0.79944,0.3668,0.676,0.27729,-0.96179,-0.25294,0.6679,-0.10026,-1.5426,-1.0286,-1.1306,-0.9165,-0.89081,-1.7783,-0.58544,-0.053157,-0.18573,-0.58442,-1.0946,-0.39189,0.13935,-0.8036,-1.2168,0.078535,-0.15313,0.53023,-0.1911,-0.35971,0.15929,1.4258,0.51681,-1.2971,-0.61718,0.55491,0.6998,0.53555,-0.66007,0.19196,-0.1538,-1.1171,-1.0368,-0.65433,-0.23531,0.6637,0.29295,0.75278,1.3083,0.70558,1.4799,0.16104,0.44747,-0.14319,1.0045,0.066712,0.66476,0.5685,0.44692,0.20059,0.043296,1.1047,0.55475,0.45869,0.19127,-1.315,-0.5193,-0.62776,-0.93405,-1.2424,-1.2851,-0.64141,-1.0088,-0.65078,-0.61432,-0.34205,-0.44617,-0.24378,-0.38349,-0.47419,-0.12975,0.79335,-0.24161,-0.2294,-0.027992,-0.071421,-0.44612,-0.17594,0.13887,-1.297,0.092383,0.4024,-0.00077299,-0.67269,-0.023988,0.11292,-0.34369,-0.76464,-0.07555,1.2082,0.60525,0.54682,0.026209,0.8205,0.91715,0.34162,-0.13363,0.17087,0.7856,0.70018,-0.85414,-0.86546,0.81271,0.15293,0.074846,-0.1464,-1.0579,-0.52902,-1.2106,-0.22585,-0.94819,-1.7609,-0.79933,-1.1891,-1.4202,-0.86447,-0.308,-0.23942,-0.034591,-0.0032232,0.57537,0.83529,0.41521,0.85315,0.39208,0.0072883,0.97104,0.079838,0.59219,-1.2734,-0.89251,-0.019254,0.072244,-0.53691,-1.4365,-0.59372,-0.4233,0.49299,-0.61795,-0.15824,-0.40377,-0.34452,0.0055788,-0.76071,-0.91009,-0.44939,-0.71642,-1.5877,-0.30709,-1.1755,-1.0633,-1.2912,-0.22163,-0.94681,-0.78736,-0.0076515,-0.63055,0.40233,0.33071,0.17654,0.33363,0.56738,0.11077,0.19354,0.20132,0.58047,0.083048,0.52896,0.17126,0.15096,0.89542,0.34636,-0.74023,-1.6544,-0.65096,-0.15781,0.44624,0.00257,-0.69261,0.46228,0.47602,0.27341,-0.16675,-0.82683,-0.57505,0.16948,0.13708,-0.99267,-1.0746,-0.431,-0.21016,-0.23016,-0.30898,-0.64168,-0.9771,0.31268,-0.37175,-0.43468,-0.40846,-0.64102,-0.64498,0.019611,0.51562,-0.3743,-0.16906,-0.33182,0.13381,-0.69028,-0.60218,-0.75467,-0.56933,0.05363,0.52097,-0.21491,0.25318,0.48896,1.3246,0.69133,0.46143,0.17748,0.48391,0.14497,0.1579,0.017638,-0.10532,-0.61852,-0.32376,0.56391,0.26834,-0.3618,0.14938,1.0146
-0.39118,-0.83073,-0.40599,-0.92085,-0.47172,-0.38231,0.42974,-0.30284,-0.67302,0.26428,-0.030875,-1.3063,-1.8979,-2.6539,-1.7146,-1.6082,-1.6882,-2.2471,-0.86222,0.25617,-0.86973,-0.44245,-0.66653,-0.39315,-0.76792,-0.91666,-0.98869,-1.8354,-1.4242,-1.0283,-1.1479,-2.0596,-1.821,-1.1892,-2.3069,-0.8473,-1.258,-0.85775,-0.97758,-0.67346,-1.2005,0.68584,-0.26083,-0.69583,-0.18695,-1.3366,0.15336,-0.69387,-1.6564,-2.6075,-0.48962,-1.2,-1.5313,-2.4863,-1.0183,-0.96713,-2.2328,-0.13951,-0.41214,-0.78147,-1.385,-1.5011,-1.8131,-1.7064,-2.1006,-1.7939,-1.3788,-1.1247,-1.5532,-0.083106,0.21098,-1.0961,0.029896,-0.34596,-0.73922,-0.15451,-0.25771,0.019808,-0.81104,-0.79345,-0.42909,0.57484,0.10544,-0.62669,0.041725,-0.20632,0.53667,-0.078788,0.18657,-0.38427,-0.303,-1.1673,-0.40329,-0.77197,-0.87358,-2.0334,-1.4338,-1.4305,-2.7225,-2.5984,-1.9281,-1.4416,-1.4423,-0.35625,-1.7994,-0.5465,-0.72842,-1.5838,-1.2737,-1.7178,-1.3588,-1.2613,-0.99604,-1.2726,-0.79373,-1.1278,-1.9366,-1.3742,-1.146,-1.1166,-0.94035,-1.9695,-0.64037,-0.47488,-0.17705,-0.87071,-0.42004,-0.51692,-0.24351,-0.81503,-1.4798,-0.28092,-0.51672,-1.2176,-1.2846,-0.50527,-0.31827,-0.2121,-0.64908,-0.49766,0.24041,-0.70045,-0.55946,-0.3092,-1.0813,-0.34588,-0.81179,-0.43773,-0.9539,-0.53739,-0.55896,-1.5312,-0.73278,-1.6441,-2.1675,-1.2168,-0.80943,-1.9434,-0.67305,-1.1469,-0.92334,-0.91878,0.035245,-0.79155,-1.3031,-0.93396,-0.78784,-1.037,-0.40742,-0.79658,-0.55245,-0.36708,-0.55087,-0.92762,-1.2299,-1.4534,-0.84859,-0.36973,-0.65472,-0.24092,-0.78675,-0.68031,-0.89704,-0.69475,-0.55159,0.0093879,1.1883,0.60637,1.163,0.34375,-0.020866,-0.088897,0.061887,0.022773,-0.23145,-0.17931,0.12598,0.25607,-0.56981,0.034032,-1.2866,-0.72452,-1.1764,-0.67193,-1.3623,-1.0036,-0.52407,-0.67154,-0.99526,-0.82981,-0.39602,0.0013257,-0.08844,-0.57008,0.17339,-0.079978,-0.31078,-0.78734,-0.19238,-0.23209,-0.7796,-2.2713,-1.5922,-1.4395,-0.40465,-1.5735,-0.41125,0.68306,0.43453,0.69355,-0.51616,0.17063,-0.16346,-0.18126,-0.22232,-0.30817,-0.69617,-0.11616,-0.30155,-0.35039,-0.03541,-0.1218,0.35156,-0.36259,-0.54927,-0.16594,-1.2834,-0.10839,-0.11643,-0.76172,-0.090071,-0.7652,-0.11499,0.18658,-0.81332,0.37376,-1.1209,0.051749,-1.2196,-0.27787,0.061978,-0.72844,-1.0622,-0.14171,0.072919,0.030412,-0.93214,-0.6347,0.60242,-0.04,0.22095,-0.44389,-0.16695,0.2483,0.16855,0.30165,-0.14509,0.15406,0.22898,0.70707,-0.46694,1.2736,1.1004,1.2768,0.91258,1.0096,1.3382,0.54694,0.66003,0.85294,0.60242,0.34496,0.14841,0.43012,1.1639,-0.47849,0.33752,0.69762,1.005,0.94714,1.6319,1.4115,1.4505,2.2245,1.811,2.4516,1.453,2.2634,2.3486,2.854,2.4442,1.8852,2.69,2.0201,1.767,0.68522,0.60474,2.132,0.8439,0.83825,2.1985,1.7273,1.6778,0.94483,1.3885,1.7677,1.732,1.1784,1.3174,1.6113,0.64459,0.43963,0.32127,0.37193,0.52033,1.0919,1.1758,1.7837,2.4162,1.4756,1.586,1.1161,1.8235,1.1006,1.2227,0.90162,0.46882,0.36029,0.37209,0.46134,0.044115,0.16376,-0.96802,-0.19148,-0.20555,-0.41876,-0.3944,-0.72054,0.41507,0.91552,0.82103,1.1647,0.75843,0.90147,0.21464,-0.75451,0.55793,1.0935,1.1927,0.85068,1.3004,1.1505,1.5693,0.3563,0.40355,-0.088298,0.026078,0.33268,-0.44883,0.40821,1.421,0.59605,-0.014578,-0.29037,0.9703,1.3134,0.83885,1.0363,0.96556,1.0516,1.1238,1.81,0.55441,0.64926,0.92177,1.1736,0.24597,0.41283,-0.14447,0.12765,0.65538,0.3723,1.5553,1.2543,1.2792,0.99339,1.5399,1.1311,1.4005,0.67912,0.70545,1.0991,0.43168,0.91886,1.8088,2.2082,0.7052,1.0004,2.2274,0.85632,1.1809,0.61106,0.31808,1.3439,0.62162,0.317,0.55776,0.28091,0.44392,0.16814,-0.12153,0.50636,0.27527,0.084815,0.39575,0.88581,0.55954,0.87645,-0.16089,-1.3661,-0.25787,-0.63404,0.10702,-0.61753,-0.62084,0.22177,-0.018209,-0.29372,0.23948,-0.018117,0.16663,-0.57113,0.47921,0.054449,0.40639,1.2146,0.12262,-0.32852,0.37187,1.2857,0.99264,0.96741,1.2304,0.99606,0.077092,0.14838,0.21373,0.1043,0.19762,-0.33692,-0.38866,-0.52697,-0.67488,-0.30657,-0.45007,0.44943,0.030535,0.64404,0.94701,1.3252,1.0192,1.9536,1.4983,1.9317,1.3213,0.92317,1.2493,1.0161,0.77869,1.5808,0.96795,1.5828,1.863,1.7638,1.7421,1.6323,2.2701,2.4436,2.612,2.0086,1.6039,0.65278,1.3337,1.4146,0.83427,1.211,1.6805,0.71282,1.2375,1.115,1.303,1.1323,1.5647,1.5936,2.1812,1.7294,2.6411,2.2758,2.6043,2.479,1.8599,1.9238,1.9282,1.3123,1.735,1.7022,1.328,1.3408,0.83932,1.1087,0.76202,0.16435,0.63356,1.06,0.43543,0.67732,0.25079,-0.47144,0.017081,0.5374,0.58129,-0.084043,0.30765,0.88924,0.79245,0.48727,0.31033,0.38432,0.27659,0.18694,-0.18049,-0.03363,1.0171,2.1293,0.73402,0.67372,1.6169,0.49059,0.70201,0.74338,0.46517,0.43328,0.37078,1.2942,1.3546,1.4858,1.6176,1.2088,1.3941,1.77,1.3803,0.9003,0.52347,0.63818,1.5079,1.0217,0.63731,0.12764,1.243,0.91807,1.0632,0.86285,0.249,0.76479,0.58903,-0.31092,-1.0501,-1.4095,-0.061786,-0.024913,0.27694,0.027086,-0.28389,-0.32911,0.011351,-0.98008,-0.69364,-0.024271,-0.071438,-0.38415,0.27782,0.74966,0.46696,1.2966,1.6985,1.2633,1.1414,0.46354,0.90922,0.68323,-0.12553,0.28738,1.1496,1.2168,0.74074,-0.51798,-0.81382,1.3292,0.0097925,0.25158,0.16961,0.20619,-0.05152,0.15662,0.45049,0.09006,-0.11352,-0.86809,0.82852,0.16271,0.099859,0.28811,0.81174,0.84032,1.0521,0.72928,1.0419,0.87651,0.9659,0.72983,0.60794,0.76183,0.79368,0.048008,0.17348,0.389,0.078305,0.10034,0.25626,-0.15222,-0.14731,0.45044,-0.15104,0.75388,1.2713,1.1846,1.3528,0.44674,0.24889,0.22454,0.76016,1.7592,0.95073,0.87824,0.48864,-0.24683,-0.090299,0.39361,0.067277,-0.07371,-0.51992,-1.0825,-0.47687,0.51654,-0.58109,0.16547,0.13641,0.58515,0.92921,-0.23202,0.66285,1.1576,1.7314,0.64638,1.2091,2.3062,0.98337,1.7013,0.64529,-0.33726,0.36831,-0.62994,-0.26788,-0.84462,-0.82082,-0.57704,-0.84703,-1.3069,-1.4433,-0.38033,-0.32991,-0.93372,-0.49929,-0.64672,-0.6315,-0.3359,-0.66881,-0.45049,0.0039314,0.22005,0.24337,-0.19506,0.14315,-0.19079,-0.3307,-0.60408,-0.63532,0.2843,-0.3865,-0.53725,0.054802,-0.098905,-0.094139,-0.12039,-0.15205,-0.91049,-0.70924,-0.48654,-1.2898,-1.0948,-0.46114,-0.23409,-0.023811,-0.40407,-0.42745,0.17412,0.037697,-0.76915,-1.232,-1.5676,-1.0597,-1.0315,-0.9654,-0.83746,-0.47323,-1.0539,-0.94567,-0.81028,-1.0266,-0.87492,-1.2608,-1.4795,-0.58569,-0.38567,-0.84639,-0.7529,-0.49994,0.20808,-0.092551,0.1721,0.68171,0.37192,0.016655,-0.47033,-0.42967,-0.35843,-0.25169,-0.11276,-0.26043,-0.20445,-0.012451,0.52173,-0.12564,0.015627,-0.04747,0.59572,-0.1099,0.47246,0.69991,0.03707,0.18308,-0.40187,0.012379,-0.3689,-0.4368,-0.42517,-0.22151,0.24513,0.26979,0.8112,0.78916,0.50108,0.19429,0.56859,0.26591,1.3463,0.055334,-0.28584,-0.89024,-0.49757,0.42133,-0.29998,-0.37691,-0.53835,-0.8591,-1.1972,-1.4555,-1.227,-0.56732,-0.31482,-0.27947,0.10046,-0.31428,-0.074386,0.73864,0.10133,0.7462,0.16309,0.47369,-0.38741,-0.15185,-0.26654,0.20226,0.33996,-0.0062174,0.74007,-0.65149,0.5126,-0.28709,-0.65475,-0.78412,-0.29552,-0.96658,-0.61024,-0.87018,-1.5512,-0.75027,-1.1962,-1.6859,-1.7758,-1.6322,-1.1569,-1.2455,-0.96209,-0.75508,-0.56799,-0.62676,-0.63747,-0.86894,-1.3301,0.22593,-0.23966,0.58664,0.3403,0.346,0.27147,-0.25566,0.62902,0.39364,-0.59828,-0.21139,0.95716,0.47736,0.72072,0.97819,-0.079205,1.0547,0.62905,1.246,0.39019,1.5642,0.83368,1.1824,-0.24483,0.23613,0.79882,0.028681,0.20248,0.04889,0.19623,0.39528,0.16298,0.87754,0.47848,0.10646,0.14169,0.087727,0.63828,0.38094,0.27299,0.91837,0.26342,1.3488,1.9583,0.45094,-0.38716,-0.33249,0.20947,-0.84548,-0.41972,-1.0133,0.33805,0.41821,0.14758,-0.56622,0.32597,1.1081,1.2261,0.80492,0.90449,0.73781,1.5026,0.84757,0.21549,-0.73041,0.72124,0.61594,0.35599,0.053778,-0.10708,-0.27718,-0.70559,-1.4565,-1.0811,-1.5827,-0.62377,-0.50412,0.38656,0.0079743,0.36386,0.39439,0.37777,0.14149,0.87746,0.6947,0.78193,-0.21348,0.053403,0.27848,1.0134,0.78783,0.32062,0.11463,0.18046,0.015805,0.35246,0.52342,-0.18873,-1.3165,-0.91426,-0.088743,0.16354,0.73235,0.09404,-0.1473,0.72457,1.0852,0.82152,0.16244,-0.27478,-0.44785,0.28577,-0.36381,-0.68864,0.68589,-0.097224,-0.01954,-0.97321,-0.88575,0.037152,0.081079,-0.10975,-0.52831,-0.72025,-0.82025,-0.31098,-0.75427,0.84567,0.17209,0.92977,1.4435,0.53767,1.5797,2.0863,2.2113,0.72152,0.37479,0.4791,0.94838,0.39952,-0.35231,-0.55937,-0.13967,-0.58414,-0.72996,-1.3453,-0.92211,-1.0281,-1.3178,-0.84175,-0.83682,-0.54135,-1.1703,-0.34866,0.16247,-0.0028811,-0.6771,0.38691,1.1813,0.51457,0.81143,1.1656,0.048288,-0.5077,0.57232,0.22671,0.10099,-0.82637,-0.52622,-0.89764,-0.31896,-0.84383,-0.44886,-0.65798,-2.0553,-1.1655,-1.3254,-1.3393,-1.676,-1.5872,-0.88097,-0.5004,-0.22087,-0.0842,0.23775,-0.016065,-0.52517,0.46771,0.75019,1.2441,1.6901,0.05422,-0.83357,-0.16593,-0.058337,-0.40041,-0.33742,-1.2986,0.037993,-0.7777,-0.65748,-0.90683,-0.080631,-0.10925,-0.68168,0.3848,-0.85154,0.0046703,-0.17132,1.0546,0.25659,0.23006,0.38724,-0.95432,-0.01519,-0.020242,-0.012965,-0.4269,-1.4322,0.050546,-0.0015871,-0.19772,-0.29077,-0.65253,-0.41093,-1.2303,-1.2912,-1.2407,-1.3523,-1.1926,-1.2973,-1.681,-1.6141,-1.0729,-0.16748,0.17023,-0.57302,-0.38365,0.34595,1.3936,1.3012,-0.14091,-0.58766,0.28268,0.78235,0.57064,-1.2824,0.29624,-0.3999,-0.038093,-0.35872,-1.8472,-0.57068,-0.53848,0.36584,-0.45593,-0.19091,-0.87818,-0.3909,-1.0365,-0.45506,-0.8306,-0.57217,-0.4626,-0.94132,-1.1011,-0.94938,-0.65169,-1.0957,-1.2693,-0.91988,-0.53327,-0.41144,0.12878,0.46989,0.6248,0.47566,0.60762,0.84624,0.85966,0.24992,0.35753,0.18924,0.50681,0.6368,-0.27085,-0.12125,-0.099396,-0.48836,-0.75242,-1.586,-0.58793,-0.52586,-0.87368,-1.1698,-1.6198,-1.0148,-1.1325,-0.11446,-0.8989,-1.5533,-1.09,-0.77681,0.52857,-0.48663,-1.4588,-1.4286,-1.122,-0.80634,-0.58097,-1.537,-1.2923,-1.244,-1.023,-0.65858,-0.45782,-1.1346,-0.92454,-0.78303,-0.57123,-0.25415,-0.040622,-0.69439,-0.7898,-0.18753,0.07072,-0.88338,-0.38614,0.47885,0.97526,1.2203,0.21062,0.33568,0.1193,1.3295,1.7257,0.33164,-0.24887,0.53461,0.68626,0.637,0.50078,-0.39763,0.19238,0.34555
-0.58069,-0.83269,-1.0775,-1.1626,-0.89554,-0.6884,-1.1052,-1.423,-1.0036,-1.1635,-1.455,-0.83843,-1.1836,-0.6694,-1.2341,-0.3244,0.16773,0.12586,-0.019837,0.56056,1.1035,0.85166,0.059783,1.2482,1.2238,0.66764,-0.65268,-0.19491,0.039425,-1.3189,-0.81138,-0.81318,-0.036008,-0.57557,-1.3536,-0.50942,-0.38926,-0.31954,-0.75003,0.36768,-0.085058,-0.11522,0.70874,1.4264,1.8795,2.6254,1.7941,2.5405,2.6959,1.9107,1.6201,1.7977,2.1978,1.8932,1.092,1.837,1.5968,1.4625,0.21442,0.37717,1.0192,1.0838,1.527,0.80836,1.6621,2.3065,2.1989,2.1264,1.8403,2.3106,2.9235,2.8184,2.1657,2.5454,2.2284,1.8333,1.0194,0.050237,-0.25832,0.12662,-0.34994,-0.23893,0.95141,1.1403,0.18524,0.95271,1.6246,1.4628,0.8685,1.3554,2.5914,1.7584,-0.29067,-0.40715,-0.28318,-0.36946,-2.212,-1.8381,-1.0963,-1.0317,-1.2967,-1.361,-0.064006,-0.71827,-1.2772,-1.8456,-1.5196,-1.3363,-1.1065,-2.2273,-1.4304,-1.798,-1.3628,-1.2835,-1.6633,-0.99548,-0.82159,-0.57375,-0.97188,-1.4068,-0.20203,-0.51355,-0.5956,-0.81375,-0.45319,-0.79299,-0.89124,-1.6773,-1.2037,-0.81958,-0.49636,-1.1544,-0.093076,-0.035822,-0.011319,-0.69463,-0.34302,-0.050086,0.22387,-0.22949,-0.63157,0.17698,0.34983,-0.4285,-0.30489,-0.27304,-0.85783,-0.80418,-0.91912,-0.74104,-0.31917,-0.66467,-0.80297,-0.56753,0.42106,-0.70688,-0.66591,-0.54928,-1.2259,-1.2227,-0.65884,-0.59682,-0.69698,0.22569,0.66237,0.68209,-0.77295,-0.33279,0.23479,-0.48235,-0.22535,-2.0403,-1.0397,-1.5922,-0.91704,-1.9374,-2.3285,-2.4586,-1.8044,-1.7649,-1.9669,-1.1186,-0.7189,0.21801,-0.20037,0.26363,0.28135,0.24473,-0.37973,-0.6382,-0.27861,-0.49028,-1.65,-2.3271,-2.363,-1.7922,-2.301,-1.5244,-1.1712,-0.028886,0.40371,-0.73699,0.27268,-0.098289,0.21675,-1.2981,-0.20936,-0.60221,-0.12632,-0.76919,-0.68599,-1.14,-0.79379,-0.90344,-1.4982,-1.2399,-0.86686,-0.21272,-1.1304,-1.1674,-0.16645,0.18924,-1.0125,-0.63848,0.77515,1.3376,1.0261,0.3666,1.223,2.0452,1.7347,0.044401,0.74861,-0.1306,-1.39,-1.1416,-1.4215,-1.315,-0.17763,0.22113,-0.95284,-0.32989,-0.087189,-0.10614,-0.8307,0.41362,0.16405,-1.0651,-1.0532,-0.42509,-1.2406,-1.4471,-1.4555,0.77401,-0.36946,-0.75943,-0.81705,-0.16771,0.92655,0.3416,0.93181,1.0739,0.35078,0.97441,-0.44522,-0.51461,-0.38321,-2.1913,-1.9563,-1.0665,-0.12001,0.87654,-0.35408,0.16121,0.99268,0.47161,0.18944,-0.43008,-1.2043,-1.3278,-1.5997,-1.4295,-1.4278,-1.1895,-0.90817,-0.43975,-0.098371,-0.10676,-0.474,-0.20315,0.3944,0.76485,-0.53011,-0.53024,-1.1732,-1.8241,-2.2776,-2.9079,-2.5858,-1.8913,-1.8268,-1.6953,-0.97844,-1.1724,-0.41283,0.099703,0.46091,-0.17219,-0.026916,0.036483,0.15868,-0.83819,-0.59837,-1.5135,0.4206,-0.30098,-1.0901,-0.43491,0.7158,1.1724,1.1196,0.5583,1.1003,0.92784,1.1844,-0.54534,-0.1048,-0.56253,-0.53854,-0.73834,-1.2222,-0.85824,-0.92973,-1.1436,-0.99396,0.19207,1.58,1.5205,1.9675,2.935,3.4216,3.6353,3.4404,3.5772,3.3999,3.6227,3.4157,3.4479,3.5742,2.5934,2.3083,1.3529,0.812,-0.89766,-1.0071,-0.39412,-1.2529,-2.795,-2.6628,-2.3241,-1.1385,-1.5398,-1.0628,0.10471,0.14816,0.083557,-0.47423,-0.62834,-0.32567,-0.72508,-1.9284,-2.7637,-1.6673,-0.92729,-1.1543,-0.96702,0.083003,0.87653,0.64614,1.4009,1.2939,1.5407,1.3585,0.91076,0.38738,0.14486,-0.082443,-0.44426,-0.44731,-0.09212,0.14585,0.35813,0.69629,-0.30416,-0.037058,0.14361,0.86669,0.08966,0.6431,1.2246,1.0866,1.5695,0.485,0.74172,1.2055,1.4698,0.70644,0.61942,0.00755,-0.21301,-0.34801,-0.60878,1.1014,1.3157,0.79606,1.1004,1.9903,2.5002,2.0486,2.6474,2.768,3.3647,3.1736,2.9837,3.1756,3.4272,3.0598,3.0153,2.6204,1.1364,0.24612,-0.58494,-0.67816,0.46713,0.80578,-0.049708,-0.074944,-0.01668,0.097247,0.076761,-1.4969,-2.566,-1.8621,-1.5962,-2.0745,-2.777,-1.8983,-0.88822,-0.52993,-1.0324,-1.0578,0.055903,-0.55591,-1.3504,-1.3092,0.16148,0.43559,0.53931,0.057702,1.1072,0.53969,0.819,1.1033,0.30041,0.040642,0.81006,0.95779,0.75891,0.36331,0.6004,1.1768,1.1237,0.8319,-0.23154,-0.31614,-0.64,-1.1001,-1.7381,-1.517,-0.70324,-0.27704,-0.48664,-1.282,-1.3869,-1.0906,-0.57539,-0.63673,-1.584,-0.58676,-0.50897,-1.006,-1.2576,-1.2183,-0.91137,-0.75702,-0.65182,-0.91171,-1.0407,-0.0071775,0.11783,0.43782,0.366,0.50626,0.62772,1.058,1.2231,0.60501,1.3422,0.95584,1.1901,0.58664,0.13648,0.036994,0.2995,-0.39682,-0.41522,-0.44917,-0.24743,0.19095,-1.1428,-0.67779,-0.18598,0.12606,-1.4539,-1.533,-1.4494,-1.9783,-1.8382,-1.7937,-0.50739,-0.49557,-0.15999,0.10606,0.41939,0.80998,1.5297,1.9385,0.71233,1.1153,0.34405,-0.18143,-1.2889,-1.1479,-1.504,-0.76891,-0.8659,-1.2903,-1.2066,-0.65082,-0.45989,-0.53474,-0.63059,0.021936,0.16518,-0.35178,0.62163,0.92881,1.4508,0.45442,-0.065874,-1.3013,-0.74526,-0.82019,-1.5471,-1.6678,-0.78807,0.079051,0.83187,0.56396,0.50146,1.0232,1.0404,0.72108,0.7109,1.0214,0.93303,1.6021,1.7085,1.1563,1.6208,1.3221,1.6318,-0.032629,1.3639,0.59127,0.19596,-0.20022,-0.45762,-0.41243,-1.0535,-0.53559,-0.68636,-0.4674,-0.35285,-1.1212,-1.0399,-0.26869,-0.02358,-0.5873,-0.51574,0.32158,0.74421,-0.42827,0.31225,0.60514,0.67873,1.0598,0.31777,0.79055,-0.16305,0.46281,0.17935,-0.075796,1.2914,0.7539,1.0809,0.49563,-0.41068,-0.43339,-0.5983,-1.1917,-2.4372,-1.953,-1.9897,-1.9307,-2.083,-1.7549,-0.76962,-0.22413,-1.1626,-1.3001,-0.77956,-0.87139,-0.54366,-0.71145,-0.5151,-0.025478,0.0026488,-0.19136,0.04419,0.37638,0.50542,0.62696,0.93802,-0.50226,-0.26061,0.26554,0.52681,-0.13516,0.08933,0.73543,0.83815,1.2689,0.70065,1.3087,0.71202,0.98195,1.1183,0.52166,0.43392,1.1483,1.3505,1.4181,1.1443,1.9333,2.664,2.5426,2.4858,2.8979,2.3888,2.1183,1.0423,0.91672,1.6008,1.8999,0.89408,0.88506,1.2181,1.0023,0.24676,0.14155,0.26683,0.74407,0.57389,0.012638,-0.33207,0.58056,1.0003,1.0573,0.29109,0.06871,-0.17447,-0.53419,-0.6697,-1.2825,-1.6178,-0.64218,-0.75096,-0.39645,-0.93655,0.012778,0.60662,0.13708,-0.12948,-0.39945,-0.3115,-0.72297,-1.3233,-1.7047,-0.91926,-0.85918,0.49889,-0.16094,0.09654,-0.084175,-0.25195,-1.0266,0.43956,0.83253,1.2941,0.6074,0.65294,0.92634,0.84385,0.010568,-0.40947,-0.14671,1.1892,0.62454,0.54001,1.1837,1.8832,1.7305,1.7605,2.3209,1.4839,1.5398,1.8146,1.0186,0.40524,1.0538,1.2836,0.66404,-0.2066,-0.29011,-0.38143,-0.99673,-0.97546,-1.4058,-1.8343,-1.7161,-2.0973,-2.0904,-1.6499,-1.2238,-1.2476,-0.65268,-1.7953,-1.6348,-0.7599,-0.15753,-0.76514,-0.51643,-0.62684,-0.1117,-0.38939,-0.59016,-0.37865,0.37067,-0.044257,0.39481,0.57478,1.1205,1.2724,1.18,1.3648,1.0446,1.1585,1.3369,1.2439,0.54721,0.86695,1.631,1.2495,0.79894,1.2973,1.3849,1.5104,1.2955,0.56014,0.99048,0.50094,1.0187,0.016675,0.31242,0.037779,-0.30407,0.74343,0.8738,1.3891,1.1578,0.68876,0.018412,0.078369,0.30747,-0.15945,-0.55642,-1.5238,-1.0334,-1.4687,0.021349,-0.74597,-0.49003,0.35078,-0.089298,-0.17918,-0.42523,-0.044839,0.13949,0.1033,-0.56414,-0.75371,0.27846,0.99166,0.95174,0.36256,0.58081,1.1446,1.0249,0.87007,0.62937,0.54234,0.72867,0.2331,0.13371,0.3369,0.10343,0.4184,-0.052475,-1.0639,-0.98233,-1.2305,-0.94042,-1.5323,-1.3627,-1.308,-1.482,-1.6421,-1.5761,-0.49438,-0.26183,-0.36856,-0.53712,0.49673,0.66549,0.76587,-0.31979,-0.090591,1.1214,0.91153,1.1343,0.13591,-0.096948,2.014,1.5503,1.5521,1.0061,0.79322,0.76717,0.046361,0.10257,0.49461,1.1493,1.753,1.6666,2.0208,2.0944,1.9903,0.67394,0.98604,0.87668,0.21123,-0.36659,-0.24426,0.14755,0.49264,-0.43083,0.35704,0.9976,1.1405,0.94586,0.84941,1.0391,1.4678,1.2577,1.7122,1.9172,0.99263,1.3568,2.0112,1.8727,0.88454,1.7258,2.3833,1.4297,1.4126,1.2209,0.84981,0.89513,0.28653,0.61283,0.86713,1.7434,1.9595,1.2403,1.7695,1.4256,0.62066,0.14846,-0.11066,0.040767,0.13623,0.12996,-0.42337,-0.40885,0.44217,1.1148,0.39184,0.20801,1.1666,1.3673,0.57839,0.35469,0.37177,0.574,0.79365,0.29624,-0.1596,-0.29532,0.14553,0.19916,0.86072,0.59004,1.2126,1.7868,0.20885,0.15958,1.1373,1.9288,1.8714,0.86248,1.076,1.8869,1.2574,1.5893,0.96641,0.83082,0.97916,1.0733,-0.061276,0.3796,0.59714,1.751,1.1113,1.2147,0.91042,2.2126,1.7648,1.705,1.4752,1.772,-0.040745,-0.49833,-1.2044,-1.1339,-0.077774,-0.66341,-0.97979,0.56827,1.0263,1.9894,1.6236,1.105,0.33631,-0.080759,-0.53653,-0.91895,-1.3294,-1.3587,-1.5101,-1.1802,-1.1714,-1.3437,-1.4405,-1.4137,-1.4823,-0.93902,-1.2774,-1.0994,-0.77195,-1.5225,-1.3273,-0.2836,-0.28172,-0.1898,0.41654,0.62708,1.2527,-0.0495,0.27747,0.72071,-0.023762,-1.0626,-0.93969,-0.59463,-0.26435,0.27312,0.29363,0.6114,0.51529,0.43691,1.0529,0.62129,-0.81109,-1.0639,-0.26794,-0.66467,-1.0388,-1.1559,-0.44899,-0.63686,-1.1191,-1.589,-1.426,-1.0219,-0.44413,-0.77593,-0.41701,-0.23137,0.4505,0.17197,0.11384,0.029523,-0.67914,-1.0279,-0.79904,-0.95217,-0.99891,-0.26863,-0.44143,-1.1759,-1.3801,-0.88293,-0.49456,-0.81593,-1.2643,-0.45395,0.26209,-0.43929,-1.0171,-0.42365,-0.23362,-0.36057,-0.75241,0.031449,-0.24524,0.3108,0.54674,0.28982,-0.19217,-0.17595,0.023827,0.8619,0.18851,-0.27341,0.068819,-0.2464,-0.25028,-0.24388,-0.3682,0.18666,-0.62951,-0.1158,-0.14196,0.22265,-0.46222,-0.24874,-0.8118,-0.68252,-0.50381,0.20911,0.51905,0.58338,0.69138,0.95011,0.33908,0.66888,0.62478,1.4732,2.0533,1.7721,1.3589,1.713,1.6758,1.5216,1.3107,0.97625,1.0468,0.40269,0.74089,0.54856,0.16776,-0.50415,-0.68147,-0.35665,0.22797,-0.22244,-0.61729,-1.0874,-0.032939,-0.72825,-1.3213,-1.7207,-1.3581,-1.705,-1.2075,-1.5087,-1.6155,-1.7422,-1.8238,-1.1667,-1.6298,-1.4878,-1.5019,-0.75974,-1.5712,-1.3463,-1.3141,-1.4678,-2.0817,-2.4129,-2.5168,-2.6525,-2.5677,-2.6445,-2.1585,-1.7258,-1.1278,-0.94541,-0.58686,-0.93377,-0.59025,-0.34218,-0.1326,0.2123,0.40708,-0.19317,0.40941,0.29046,-0.0060145,0.18754,0.086602,-0.0063909,0.62002,-0.054539,0.13015,0.092891,-0.43879,-0.57627,-0.82843,-0.6439,-1.0175,-0.95818,-0.41042,-0.80603,0.042001,0.041188,-0.29066,0.099012,-0.46134,-0.30861,-0.60873,-0.87614,-0.56088,-0.27883,0.29758,0.28628,-0.078962,-0.53244,0.039867,0.31109,0.25332,0.21649,0.0018465,0.1449
0.39526,0.16845,-0.053595,-0.40308,-0.99803,-0.20514,-0.26429,-0.29971,-0.12236,0.216,1.0126,0.21875,0.46193,-0.070424,0.21557,0.47962,-0.61892,-0.71652,-0.047149,-0.030595,-0.49302,-0.22542,-0.19195,0.10159,0.095517,-0.77336,0.151,-0.36807,-1.4401,-0.70144,0.35867,0.086591,0.09395,-1.7187,0.20374,-0.13815,0.08046,-0.38333,-0.31358,0.45486,0.33159,-0.14398,-0.22855,0.23874,0.36767,-0.090296,-0.34418,-0.19308,0.27126,0.21968,-0.060628,0.19515,-0.5939,0.21174,-0.01573,0.23948,-0.11342,0.20412,0.25983,0.80918,1.6778,0.84342,-0.075404,0.881,0.92259,-0.76811,-0.36952,-0.484,-0.57278,-0.84619,-1.4785,-0.5998,-1.1476,-0.45436,-0.35008,-0.10016,-0.74611,-0.56032,-1.0394,0.19914,-0.75161,-0.33503,-0.081564,-0.13937,-0.20535,0.92623,-1.0115,-0.064104,-0.37886,-0.11827,-0.48646,0.06041,0.52354,1.2821,0.8553,-0.55289,-0.070107,0.0091042,0.23759,-0.24903,-0.63574,1.5067,-0.17206,-1.5484,-0.68018,0.16102,-0.25158,0.21462,1.2083,1.0901,0.49551,0.25429,1.1638,1.1742,0.55749,1.1078,0.88201,0.78106,0.66715,0.64962,0.70079,0.92063,0.26933,0.3498,0.13609,1.2914,0.42968,1.3295,0.76504,0.69393,0.49319,0.66451,0.038571,0.39614,0.025767,0.056554,0.19679,-0.42047,-0.16003,-1.08,-0.071611,0.06632,-0.36534,-0.30083,-0.69445,-0.54715,-0.077601,-0.29479,-0.62997,-0.94609,-0.1531,0.4491,-0.17036,-0.48001,0.20797,0.22366,0.37325,-0.37452,0.49957,0.37463,0.48381,0.13895,-0.14536,0.21339,-0.21615,-0.78346,1.2353,0.72629,-1.1326,-0.4669,-1.224,0.28048,-0.058026,0.27465,-0.060232,0.106,1.4645,0.63447,0.15367,0.6051,1.2333,-0.65954,-0.30548,-0.90756,-0.39086,-0.67972,-0.89773,-0.098804,0.85628,-0.18307,-0.031754,-0.5593,-0.057438,0.75204,0.46042,-0.45536,-0.73999,-0.30643,-0.051072,0.56348,-0.48438,-0.68259,-0.56411,0.21161,-0.04276,0.018803,1.3077,0.81761,-0.32657,0.38723,1.4052,-0.35656,0.2373,0.97219,0.81164,0.38463,1.0028,0.74896,0.77955,1.4446,0.37335,0.33767,0.10872,0.39292,0.91167,0.36539,0.64906,-0.11306,0.080045,1.0769,0.51918,-0.094553,0.27914,0.49223,-0.4819,-0.017192,-0.45668,0.078892,-0.65209,0.379,-0.2678,-0.40123,0.2299,-0.031313,-0.3796,-0.78685,-1.5245,-0.53372,-0.22224,-0.92597,-0.64682,0.089278,0.11169,0.61847,-0.59642,-0.18342,0.76565,-0.14212,-0.10592,0.20224,1.0344,-0.34712,-0.25007,0.43864,-0.70383,0.15199,0.062314,0.77734,0.59281,2.1628,0.96341,0.51472,0.90539,1.2709,0.82234,0.38356,0.37827,0.4035,0.40305,0.72792,0.14587,0.89459,0.67394,1.0487,1.1128,0.81497,0.34227,-0.24252,1.0347,0.37171,0.042151,0.16313,0.67274,1.3519,0.94572,1.163,1.7999,0.62919,0.87103,0.39713,0.49876,1.0804,0.49817,1.4039,0.38695,0.20103,0.11157,-0.058189,0.81496,0.17267,0.87689,0.28745,0.33689,0.66398,0.67502,0.62514,0.51882,0.13426,1.0242,0.78324,-0.069012,0.93339,0.11796,0.72239,0.03082,-0.21359,0.3602,0.64407,0.42379,0.35007,0.41096,0.056403,0.21739,0.09407,0.32035,0.61693,0.54013,-0.090529,1.0105,-0.015025,-0.034856,0.12287,0.3868,-0.11938,0.083151,-0.70951,0.28993,0.24694,-0.18859,-0.29656,0.05419,-0.54757,0.222,-0.41135,0.42151,-0.57605,-0.55485,-0.65141,0.95464,0.077595,-0.19706,0.12475,-0.02301,-0.62613,-0.50253,-1.1099,0.11305,-0.3591,-0.49755,0.046321,0.090194,0.40998,1.2947,-0.37659,0.068079,0.51639,-0.18156,-0.58391,-0.93575,-0.77358,-0.81425,-0.2519,-0.5414,-0.0076535,1.1718,-0.37848,-0.38615,-0.41565,-1.209,0.18652,-0.087905,-0.3762,-0.27631,0.21087,0.43706,0.21416,-0.39854,-0.056146,0.43203,0.39868,-0.6337,-0.47704,-0.35849,-0.83299,-0.69254,0.045999,-0.50845,-0.025856,0.034421,-0.57216,-0.31471,0.026054,-0.15264,-0.4003,-0.24237,-0.37218,-0.38288,-0.038468,-0.29172,-0.46664,-0.45008,-1.0449,0.096173,-0.21098,0.10388,-0.94682,-0.58761,-0.11116,-0.55598,-0.22903,-0.12306,0.31353,1.1941,0.77056,-0.17986,-0.47517,-0.3535,-0.072811,-0.23505,0.41895,-0.7329,1.2707,1.0987,-0.56389,0.59979,-0.085191,-0.95195,-0.79437,-0.86597,-0.92586,0.073089,-0.81474,-0.10505,-0.69297,0.15937,-0.058055,0.25106,-0.073747,-0.45652,-0.43691,-0.14069,0.18159,0.27236,-0.10747,0.37232,0.59313,-0.13944,0.31845,0.082123,-0.37594,-0.040335,-0.39866,-0.38269,0.41907,0.28775,0.59788,0.99929,0.33735,0.92891,0.0792,1.1621,1.3036,0.12988,1.0892,-0.31698,-0.1551,1.3051,0.53805,0.51197,-0.64112,-0.010752,0.03347,1.0481,0.064857,-0.075244,0.048495,-0.18935,0.083162,0.387,0.38013,-0.39059,-0.58287,0.15032,0.49929,0.46351,-0.44954,-0.70947,-0.19231,-0.24834,-0.95302,-0.52538,-0.49325,0.63495,-0.40682,0.83947,0.68423,0.77319,0.16432,0.21895,-0.080681,-0.2798,-0.49366,0.5583,-0.24604,0.57788,0.65377,1.116,0.97514,1.5368,0.11152,1.081,0.80588,1.0061,0.25722,0.34428,0.46583,0.48257,1.2357,0.3972,0.83923,0.69315,0.64915,0.34016,1.2646,0.27816,-0.21703,0.77026,0.69019,0.0026275,-0.7974,-0.64529,-0.30796,0.68131,-0.18402,-0.7754,0.46289,-0.17617,-0.19935,-0.039401,-0.11699,1.1809,1.3435,0.33238,0.57777,0.94633,0.011563,-0.61971,-1.284,-0.36484,-0.22699,-0.87678,-1.5028,-0.56488,-0.34747,-0.031548,-0.81694,-1.0562,-0.89613,0.24398,-0.66633,0.016023,-0.34144,0.35824,-0.35203,-0.69558,-0.79897,-0.42869,0.20953,-0.075835,-0.11018,-0.49728,0.16425,-0.090865,0.13922,-0.48246,0.066879,-0.96514,-0.61002,-0.68251,-1.1041,-0.095382,0.22263,-0.36351,0.18119,0.17193,-0.31252,-0.079737,-1.0408,-0.071788,0.35129,-0.44858,-0.042943,0.43784,-0.57797,1.2226,0.24555,-0.53119,-0.12788,-0.17123,-0.43133,-0.29149,-0.29716,-0.0095423,-0.26685,0.4625,0.3398,-0.31061,-0.59449,-0.49188,-0.86474,-0.14244,-0.56911,-0.40907,-0.74421,-0.47819,-0.74893,-0.50418,-0.3297,0.053355,-0.32011,-0.73893,-0.015591,-0.99833,-0.076507,-0.15165,0.44705,-0.24474,-0.446,-0.32581,-0.76405,-0.88468,-1.7932,-1.2572,-0.83085,-0.89464,-0.21162,-0.019776,-0.65306,-0.5322,-0.11,-0.6441,-0.67102,-0.78004,-0.84618,-0.57253,-1.1629,-1.6766,-1.2388,-0.72799,-1.2505,-1.5607,-0.37196,-0.17551,-0.52279,-0.5807,-0.32672,-0.57723,-0.28448,-0.52397,-1.1332,-0.36348,-0.3052,0.11588,0.23146,0.48155,0.53987,0.80015,0.16596,0.48745,0.96468,0.86773,0.39263,0.1285,0.018193,0.70896,0.17955,0.10405,-0.36603,-0.80988,-0.55,-1.4143,-0.9193,-1.2958,-1.1214,-0.83206,-0.6029,-0.95692,-0.59906,-0.3453,-0.24827,-0.76802,-0.5234,-0.61467,-0.24067,-0.45152,-0.70108,-0.040402,0.16822,-0.66239,-1.3346,-0.5813,-0.73256,-1.2455,-0.36129,-0.98554,-0.2005,-0.55177,-1.4389,-2.096,-1.1127,-0.10238,-0.88661,-0.93025,-1.0355,-0.11893,-0.066955,-0.28153,-0.88577,0.29052,0.093248,-0.16647,-0.70189,-0.32845,-0.2076,-0.2404,-0.29281,0.17526,-0.66534,-0.61657,-0.15864,-1.0237,-0.56608,-0.95708,-0.69038,-0.45033,-1.3455,-0.44202,-0.81249,-0.6997,-0.50603,-1.0425,-0.83675,-0.1558,-0.13974,-0.75119,0.040535,-1.066,0.12066,0.15396,-0.21171,0.68704,0.51849,-0.25004,-0.077057,-1.525,-0.48167,-0.20022,0.56204,0.26787,0.022423,-0.17657,0.23018,-0.26995,0.70166,-0.64607,0.22818,-0.58924,-0.49977,0.040133,-0.11251,-0.31481,-0.6924,-0.89682,0.39389,0.36317,-0.25248,-0.37811,-0.3373,0.33499,1.2054,0.2621,-1.2897,-0.16651,-0.10097,-0.019037,-1.0306,-0.7406,-0.56618,-0.112,-0.17174,-1.254,-0.74178,0.40871,0.082549,0.086425,-0.16735,0.25975,-0.18398,-1.094,-0.11169,-0.36962,-0.26986,-0.18642,-0.26973,-0.8897,0.18988,-0.47273,-0.66722,0.082007,-0.60937,0.61689,0.38508,-0.27436,-0.14889,-0.26025,0.45168,-0.40344,0.035468,-0.30205,-0.059823,0.39455,-0.44437,-0.51293,-0.48826,-0.084945,-0.3006,-0.27118,-0.32504,-0.67975,-0.19083,-0.79217,-0.84642,0.18991,-0.32175,-0.26872,-0.43606,-0.26709,1.0344,0.89996,0.85285,-0.23264,-0.49688,0.91911,0.42658,0.1642,0.16582,0.64627,-0.47748,0.056011,0.6271,0.31439,1.0565,1.0287,0.53146,-0.1451,0.24794,-0.12978,-0.61293,-0.21335,-0.15762,-0.19845,0.5373,0.72876,0.60178,0.28352,-0.16709,0.060198,0.82124,-0.085522,-0.15791,0.10394,0.056882,-0.0058061,-0.58361,0.59703,-0.36193,0.80798,0.11147,0.5902,-0.74933,0.14466,-0.39324,-0.85558,-0.44713,-0.53281,-0.22071,-0.43179,-0.64888,0.077858,-0.2349,0.52789,-0.06042,0.10591,-1.0903,-0.51887,-0.33281,0.64373,0.14907,0.44201,0.69849,0.16531,0.64589,0.39185,-0.34458,-0.14293,0.42437,0.0077363,0.28581,0.74672,0.24067,0.0068562,0.25557,0.52816,0.56579,-0.056237,0.44563,0.15485,0.49444,1.1321,0.87694,0.26221,0.057871,1.8262,0.62395,1.2901,-0.27048,0.63991,0.62739,0.23075,-0.77108,0.76622,0.079527,-0.38258,-0.53675,-0.45903,0.23474,-0.2004,-0.029977,0.0049661,1.0484,1.1983,1.263,0.087409,0.68977,0.11034,0.25619,0.51715,-0.16466,-0.41504,0.11708,-0.024448,-0.38796,0.17875,1.3029,1.4044,-0.30219,-0.4137,-0.94885,-0.98904,-1.0757,-0.74042,-1.079,-0.36943,0.61122,0.10069,0.23101,0.32586,0.68613,0.45671,-0.16384,-0.24446,-0.16461,0.66082,0.40718,0.17845,-0.017103,0.076358,0.51043,-0.24923,0.30308,-0.10273,0.17466,0.14585,0.72351,0.66188,0.51643,-0.24334,-0.37633,-0.096105,0.42688,-0.076361,0.46432,0.058925,0.25088,0.12922,0.33543,0.31934,-0.34776,0.93573,0.90947,-0.043466,0.47007,0.14117,0.58888,0.35425,-0.3057,0.3115,0.12286,0.59466,-0.53512,-0.76914,-0.50944,0.32466,-0.38169,-0.5368,0.25662,-0.6087,-0.11084,0.22355,-0.54906,-0.22047,-0.16849,0.22102,0.83206,1.6585,0.78414,0.59184,0.83214,0.15711,0.13533,-0.045969,-0.16813,-0.1458,-0.33603,-0.7829,0.73964,0.30909,-0.44317,-0.31645,0.12786,0.23397,-0.32773,0.36098,-0.84388,-0.39522,-1.1804,-1.0535,-0.89287,-0.86762,0.36659,-0.31932,-0.32141,-0.6211,-0.38226,0.58607,0.14349,-0.071496,0.28932,0.077993,0.071646,-0.49797,-0.77142,-0.19868,-0.0589,0.32576,0.24102,-0.26453,0.50506,0.7591,0.70472,1.2398,0.86569,0.43967,1.0758,0.87069,0.18826,0.46643,0.60246,-0.64394,-0.09277,-0.80306,-0.4443,0.60119,0.15509,0.001783,-0.51348,0.49421,0.21442,0.47742,-0.41413,-0.42921,-0.62015,-0.076551,0.012869,0.29595,-0.41674,-0.034675,-0.041601,0.009127,-0.15919,-0.893,0.30938,0.89684,0.2184,0.20657,0.27887,0.34927,1.0512,0.61923,0.65627,0.6455,0.71043,1.0248,0.84039,1.1527,0.47101,0.75702,0.76209,0.20075,0.13551,0.52985,0.95383,0.72616,0.37763,-0.03613,0.41166,0.18297,0.5722,0.029925,0.099314,0.074311,0.43169,-0.1699,-0.14728,-0.23204,-0.14207,0.6363,0.68117,0.65071,0.62411,0.31469,0.29384,0.38848,0.37736,-0.0023997,-0.37528,0.52719,0.45899,0.3524,0.75261,0.14357,0.31331,0.21849,0.28997,0.32616,-0.64825,-0.38828,-0.067008,0.032984,0.23166,-0.064551,-0.0953,0.21458,0.34008,0.66541,0.59269,-0.88495,0.24324,0.91926,0.17123,0.28334,-0.49016,-0.38882,-0.043843,-0.55747
0.95276,0.61109,1.4026,0.84179,1.5592,0.63076,0.86353,0.5347,1.3846,0.46724,1.0286,1.1512,1.2426,1.2794,0.6223,0.72028,0.47933,0.94822,0.59793,-0.11008,-0.44337,0.5653,-0.27592,-0.39929,-0.23085,0.97273,0.80084,0.24638,0.44566,0.95832,0.92443,-1.0303,-0.33304,-0.17042,0.94364,0.16087,-0.26368,-1.1266,-0.059016,0.26841,-0.96861,-0.096745,-0.19661,0.68293,0.3411,0.041029,-0.57605,-0.12804,-1.1961,-0.11507,-0.5239,0.1263,0.50519,-0.67725,-1.8328,-1.2777,-0.060765,-0.67482,-0.14241,-0.35453,-0.22666,-0.25744,-0.77091,0.38264,-0.76088,-1.6307,-1.3808,-0.84768,-0.34206,-1.5326,-0.5664,0.069099,0.77342,0.25767,-0.33272,-0.9501,-0.72697,-0.4536,-1.2663,-0.39335,-0.35522,-0.16002,-0.77619,-0.75575,-0.28705,-0.73909,-0.40835,-0.74854,0.41609,-0.62464,-0.16039,0.50851,0.43277,-0.65021,-1.0372,1.4436,-0.3327,-0.44454,-0.1171,-0.34668,0.40051,-0.25589,-0.39789,-1.1901,0.92586,0.12322,0.71767,0.87038,1.3499,-0.15612,1.1316,0.98973,1.0785,0.26902,1.0754,0.64551,0.81711,0.029699,0.6817,0.52283,-0.21917,-0.30654,1.0723,0.3362,0.77495,-0.462,0.99122,1.073,1.212,0.83507,0.45092,0.39713,0.81862,0.61321,0.37783,1.0613,0.96808,1.2467,-0.29456,0.46042,0.40709,0.98304,1.0806,1.3759,1.0506,0.9398,1.0743,0.77569,0.55808,0.65864,0.29916,-0.037814,1.7865,0.50015,1.1218,0.34706,0.88839,0.86232,0.22616,0.38636,1.0521,1.6388,2.0262,1.2309,1.222,1.8484,1.8882,1.2068,0.86065,0.97861,1.7093,-0.31262,0.75106,0.42746,0.46414,0.36906,0.2883,0.21718,1.3955,0.98547,0.79915,0.46508,1.8841,1.3873,1.389,0.75552,0.11157,1.1463,0.62298,0.33288,0.18895,1.0791,0.32659,0.33695,0.56102,0.84285,1.2698,0.32778,-1.1288,0.42676,0.39551,-1.1191,-1.2091,-0.6476,-0.14712,-0.8862,-1.0056,-0.47813,-0.87627,-0.49379,-1.2849,-0.85186,-0.69408,-1.445,0.15723,0.17208,0.17188,-0.83125,0.41059,0.57509,2.0915,0.44367,0.94989,0.93513,0.43352,0.0085143,-1.4529,-0.18005,-0.47118,-1.5958,-1.5198,0.16692,0.52043,-1.0959,-1.2442,-0.86502,0.54344,0.72125,1.1347,0.7028,1.2814,0.50277,-0.3148,0.39394,-0.051824,-0.38554,-0.87491,-0.50139,-1.0278,-0.42403,-1.0962,0.017024,-1.3444,-0.52789,0.22701,-0.3688,-1.3293,-0.98583,-0.20189,-0.64041,-1.2871,-0.21889,0.99663,-0.24034,-0.57039,-0.35,-0.13936,-0.15747,0.022028,-0.013282,0.86465,-0.40487,0.086674,0.71299,1.1069,0.23715,0.096695,0.57984,0.46218,-0.058604,-0.70528,-0.061983,0.95118,-0.25766,-0.06779,1.2294,1.1322,1.2399,1.1172,1.5493,1.5153,0.60528,-0.17641,0.31286,-0.52339,0.61467,-0.62049,0.15414,0.60198,1.5534,0.93161,1.05,2.0293,2.1313,1.173,0.77399,1.2226,1.1371,0.27598,0.57746,1.4396,0.71116,0.40409,1.4545,1.4614,0.24191,0.051902,1.2799,0.15934,-0.011294,-0.27274,-1.0362,-0.027718,-1.1184,-1.3742,-0.14622,-0.085791,-0.59,-0.10667,0.8138,0.56376,-0.037116,0.73069,-0.084424,0.45031,-0.044133,-0.32675,-0.46022,-0.26997,0.25912,-1.1229,-0.84913,-0.36367,-0.2927,-0.25504,-0.24427,-0.084242,0.71449,-0.1183,1.0755,1.257,0.92523,0.083542,1.1684,1.0881,0.34738,-0.095268,-0.38736,0.20625,-0.18329,-0.54629,-0.47714,-0.3796,0.19673,-0.64147,-0.64873,-0.58852,-0.98786,-0.64878,-2.2009,-0.8039,-1.0129,-0.53234,-2.085,0.060044,0.1287,0.011161,-1.4422,-1.4893,-1.3883,-0.73996,-1.7524,-1.5259,-0.68769,-0.32822,-0.80353,-1.7057,-0.90471,-0.24468,-0.47749,-1.3107,-0.9843,0.25738,-0.29025,-1.0758,-0.26603,0.63259,-0.12718,-0.69784,0.01928,0.25219,0.71815,-0.17187,-0.016786,0.092617,0.66334,0.36888,0.46983,-0.4795,0.63328,1.0576,0.36543,-0.17795,0.63465,1.0331,0.25783,-0.5319,-0.40919,-0.39042,-1.3133,-0.78336,-0.87658,-1.1799,-1.8058,-1.651,-1.0345,-1.9902,-1.5923,-1.3114,-1.4373,-0.23017,-0.83126,0.084629,-0.33401,-0.29898,-0.7733,-0.55684,0.027327,-0.73705,-1.2134,-0.31756,-0.52279,-0.67884,-0.88778,-0.47652,0.56525,0.69256,1.3096,-0.17614,0.30905,-0.6622,-1.1959,-0.27726,-0.73426,-1.43,-0.52598,-0.52201,-1.1927,-0.50113,-0.23308,-0.33509,-0.46783,0.12282,0.5515,0.40024,0.2954,0.82481,0.86263,0.77975,0.18781,-0.7203,-0.45502,-0.44902,0.031046,-0.19462,-0.77616,-0.0093816,0.0043629,-0.82925,-0.32868,-0.247,0.38868,0.67201,1.0844,0.78505,1.7552,0.17879,1.0683,0.49913,0.28911,0.19669,0.36094,-0.57195,-0.71449,0.4874,-0.74279,-0.5636,0.15782,0.044367,-1.0895,1.0521,0.94008,0.57267,0.45739,0.070745,0.15989,-0.44093,0.15849,-1.3797,-0.7924,-0.72694,-1.2277,-1.7859,-1.6476,-0.13251,-0.75395,-1.3118,-1.6121,-0.10151,0.47111,0.36623,-0.017132,0.073566,-1.0373,-0.41913,0.65416,0.83292,0.37507,0.52048,1.0147,0.24664,0.29223,0.62861,1.0899,-0.31968,-0.54656,0.83498,0.71578,-0.60079,-0.50994,0.49198,0.86948,0.5011,0.49249,0.60561,1.322,1.1603,0.33134,-0.70683,0.15915,-0.45586,-0.92028,-1.3975,0.18559,1.0991,-0.11694,0.2399,-0.00078161,0.3069,0.099011,-0.015029,0.42791,1.0674,1.3207,0.030189,0.39862,0.1946,0.44904,0.15154,0.21834,-0.81213,-0.66751,-0.17563,-0.052754,-0.33172,0.68791,0.82761,-0.45827,-1.0711,-0.41656,-0.67045,-1.0993,-1.0878,-1.0128,-1.321,-1.1357,-2.0591,-1.1982,-1.2844,-1.2488,-1.0198,-1.6014,-1.6608,-1.0551,-0.90683,0.19011,-0.78909,-0.49191,-0.50273,0.10308,-0.55611,-0.85089,-1.0431,-0.71541,-0.94708,-0.93885,-0.42008,-0.32123,-0.59998,-1.0091,-0.49294,0.44421,-0.26125,-0.9739,-1.5368,-0.11241,-0.39464,-0.61118,-1.1919,-0.90862,-1.2856,-1.5159,0.29606,-0.89351,0.57157,0.78458,0.80235,0.15522,0.56256,0.51263,0.32423,0.044625,0.14614,-0.076183,0.056328,0.34374,0.21764,-0.59546,-0.10842,-0.68698,-0.77319,-0.90264,-0.072185,-0.50192,-1.3367,0.41796,1.218,1.198,1.2552,0.72742,0.79975,0.25384,-0.0032275,-1.1801,-0.92562,-1.2135,-0.6551,-0.70516,-0.44988,-0.80187,0.084233,-0.28035,0.46679,-0.14869,0.3595,-0.24021,-0.95262,-0.8427,-1.709,-0.20744,-0.24979,-0.48105,-0.49346,0.16036,-0.12344,-0.086954,0.39465,0.05683,-0.33266,-0.97545,-1.0273,-1.0048,-0.72585,-1.5096,0.099857,-0.38278,0.88464,-1.1079,0.41505,0.71538,-0.41506,-0.1784,0.55884,0.66942,0.54301,0.84534,0.68565,0.039634,-0.2989,-1.1029,-0.79787,-0.080791,0.42245,0.23956,0.72561,-0.099381,-0.046533,0.44071,0.095884,-0.071806,0.055285,-0.32532,0.063217,-0.57794,-0.4052,0.030012,0.06989,-0.6177,-0.70389,-0.35536,0.632,0.389,0.0094722,-0.69312,-0.66761,-0.49317,0.37174,-0.9758,-0.42204,-0.27897,-1.0114,-1.1334,-1.6631,-1.8605,-2.3018,-1.2197,-0.87413,0.010747,0.074825,0.69598,0.60079,0.76225,1.6112,1.2335,1.2001,1.0272,0.82534,0.62291,-0.21327,-0.29812,-0.82145,-0.71945,-0.74683,0.10066,-0.61295,-0.27586,0.44731,0.23463,0.62294,-0.058293,0.27932,0.34379,0.22795,0.23433,-0.91997,-0.8851,-0.46212,-0.3889,-0.16931,-1.4612,-0.034154,-0.82607,0.035906,-1.2712,-0.24681,-0.26492,-0.78275,-1.1515,-0.073294,0.17059,0.22738,-0.19609,0.84213,0.8745,0.39213,-0.24582,-0.43754,-0.91024,-1.0144,-1.1201,-0.45675,-1.4268,-0.6273,-1.2851,-0.6075,-1.0761,0.18068,0.66107,0.25895,-0.9226,0.78664,1.0105,1.1861,-0.19629,0.97321,0.83888,0.38056,-0.68791,-0.57704,-0.67995,-0.38784,-0.21074,-0.25646,0.25074,0.81917,-0.15331,0.74323,0.98089,1.5023,0.71153,0.72431,-0.072089,1.24,-0.77801,-1.1423,0.73663,0.42769,-0.23375,0.80669,1.1942,1.2777,0.68425,1.482,1.5662,1.161,0.2843,0.081991,-0.11332,0.048169,-0.60753,-1.2282,-1.2576,-0.82721,-0.99285,-0.35692,-0.77691,-0.49385,0.36602,-0.050613,-0.18966,-0.33076,-0.11808,0.60293,0.10643,-0.43294,-0.30058,-0.23686,-0.89891,-0.72854,-0.82188,0.84737,0.90768,-0.0062184,0.35866,-0.71043,-0.58257,-1.5334,-0.12006,-0.86597,-1.26,-0.29315,0.12291,0.9028,0.36761,0.040399,0.16578,-0.12891,-0.17117,-0.94068,-1.4134,-1.0942,-0.40467,-0.23339,-0.56243,-0.73525,0.19531,0.12908,0.072548,0.23159,-0.73564,-0.63283,-0.25872,-0.96916,-1.3945,-1.2313,0.60856,-0.13338,-0.28781,-0.20842,0.55191,1.0588,-0.055488,0.17651,-0.42794,-1.0323,-0.67913,-1.7387,-1.1687,-0.99913,-1.7827,-1.7591,-0.50749,-0.49631,-1.5503,-0.4227,0.19865,0.6895,0.66046,1.2059,1.1098,0.62601,0.28133,0.21151,0.033043,0.041254,-0.42823,-1.2301,-0.89926,-0.72275,-0.58594,-0.69926,-0.60201,-0.58223,-0.51475,-0.1592,-0.19525,-0.61789,-0.67742,-0.18306,-1.4323,-0.72741,-0.73988,-1.2248,-1.1089,-0.61098,0.83001,0.097486,0.078442,-0.11286,-0.95121,-0.58676,-1.3407,-1.5586,-0.51802,-1.0229,-1.6158,-2.0483,-1.104,-1.3497,-1.1526,-0.46686,-0.8156,-0.67921,-0.93147,-0.96027,-1.0889,-0.84163,-1.6216,-2.1234,-1.7644,-1.3729,-0.99742,-1.9368,-0.98935,-0.87749,0.010357,1.114,-0.33163,0.34519,0.27564,0.19505,0.77317,-0.0021676,0.021107,0.42386,0.2839,-1.0934,-0.60962,0.20897,0.17707,-0.0509,0.29463,0.74216,0.99535,0.50344,0.73594,0.68809,0.22251,0.48656,0.23898,0.024781,-0.12811,-0.13831,0.61542,0.67549,0.82577,0.69752,0.27896,0.22542,0.79231,-0.13971,-0.28157,0.22081,0.22696,0.54956,0.083403,0.44273,1.7252,0.70336,1.7165,2.0066,1.5604,1.2457,0.14122,0.17984,0.54269,0.62971,0.68415,0.70348,0.44018,0.3709,0.33903,0.18793,-0.11522,-0.57369,-0.21513,-0.0050116,0.53217,-1.0416,0.63802,0.5356,1.7775,0.08743,1.6458,1.7227,1.2015,0.77685,1.1309,1.5163,1.165,1.465,-0.74542,-1.0236,-0.74446,0.33351,1.1317,-0.033608,-0.034216,0.97243,1.0744,0.93549,0.51191,0.2701,0.39431,0.8444,0.13314,-0.033316,0.88623,0.92789,0.81934,0.37058,1.7425,1.2335,1.2901,0.92417,0.66511,0.8714,1.41,0.74102,0.63165,-0.40619,-0.27592,-0.44083,-1.097,-1.192,-0.98041,-0.6257,0.18377,-0.36833,-0.13316,-0.036479,0.70054,0.062719,0.24253,1.0366,0.93306,0.20032,0.17204,-0.082283,0.27615,-1.0684,-1.3854,-1.2496,-0.097716,-1.2313,-0.88225,-0.48852,-0.27822,-0.66758,0.415,1.0788,1.0893,0.14842,0.30804,0.28312,0.28653,-0.51483,0.31166,-0.067776,0.29668,-0.12711,1.0171,0.58527,0.16976,0.40559,0.78387,0.13071,-0.48763,0.34088,0.42694,0.084045,0.38377,0.65901,0.84937,0.14195,0.095,0.51084,0.69935,0.67181,0.58534,0.63033,0.64326,0.92987,0.36056,0.32849,0.36303,0.88121,0.39695,0.43385,0.52219,0.45397,-0.34056,-0.18367,0.7685,0.75859,0.048625,0.017657,0.20884,0.51983,0.28071,0.72506,0.58244,0.32586,0.27455,0.098428,0.68281,-0.24841,0.17547,-0.19273,-0.020071,0.53379,0.27157,0.70893,0.47111,-0.11938,0.92407,-0.34329,-0.65722,-0.91081,-0.52942,0.072644,-0.11249,0.58242,0.21348,0.39138,0.36626,1.7607,1.9253,1.1062,1.7677,1.8499,1.957,1.6283,0.59979,1.0901
-0.41316,-0.05083,-0.50906,-0.52042,-0.33854,-0.2266,-0.45606,-0.44365,-0.32557,-0.23684,0.28883,0.52748,0.45075,-0.50582,0.54104,-0.6621,-1.0731,0.16379,0.080587,-0.29109,-0.48897,0.010528,0.97638,0.68819,-0.044715,-0.49405,1.342,1.2545,-0.053045,0.037789,1.2892,0.62324,0.0090193,-0.49469,1.5108,0.53456,0.28698,0.24449,1.149,0.8235,1.0844,1.0841,1.455,0.99956,0.35256,1.3721,1.0525,0.48756,1.5327,1.3973,0.75979,1.3871,0.077658,0.9223,1.1182,0.70603,1.401,0.63129,0.4357,1.7526,1.1716,1.8748,0.813,1.2866,0.6321,0.77482,0.24486,-0.49383,0.40141,0.47956,-0.35275,-0.072052,0.58509,0.33788,0.57776,0.67897,0.98897,0.80142,0.17072,1.1963,-0.38535,0.77059,0.58373,-0.36331,0.13033,0.17281,0.10775,0.951,0.20522,1.2228,1.3087,0.07352,-0.043591,2.1001,0.35219,1.1578,0.44036,0.53846,0.25849,0.95034,0.041358,0.82589,0.97042,0.27577,0.70584,0.65102,1.0556,0.13884,0.85861,0.79685,1.0974,-0.0065144,1.0185,0.79605,1.4902,0.74444,0.44251,0.61617,-0.20057,0.45906,0.28285,-0.54504,-0.27707,0.54398,0.37454,0.46532,-0.26091,0.084051,0.37313,1.0046,0.62244,-0.11011,0.73119,-0.19277,-0.23602,-0.33568,-0.51022,-0.7106,0.33751,0.046097,-0.060535,0.30316,0.028874,0.16185,0.73652,-0.14084,-0.15765,-1.3375,-0.69247,0.26135,0.5733,-0.32765,-0.68369,-0.64596,-0.34243,-0.29521,-0.72603,-0.098294,-0.26401,0.029878,-0.37747,-0.22999,-0.28617,-0.42724,-1.022,-0.16641,0.34743,-0.2277,-0.3258,-2.2647,-1.0915,-0.31638,-1.1685,-0.75487,-0.65542,0.061656,0.31508,0.37669,0.39644,-0.065303,0.42358,-0.34718,-0.12764,-0.75202,0.26027,-0.40972,-0.75407,-0.65843,-0.29902,0.061576,0.21101,0.51058,-0.68143,0.51031,0.72956,-0.17789,0.27487,0.32678,1.4145,0.75988,0.59688,0.6677,-0.024788,-0.72468,0.2204,1.3518,0.51131,0.64976,-0.29426,0.60829,0.34775,0.36552,-0.32161,0.70379,0.53065,0.47991,0.11384,0.2658,0.31052,0.85,-0.040728,-0.23973,-0.0014111,0.77542,-0.54853,0.44533,-0.14496,0.46355,1.5308,0.8284,0.54303,0.76043,0.70269,-0.043688,0.074018,0.46301,0.081444,0.4256,0.48845,0.15205,-0.12882,0.10663,-0.11244,-0.26148,0.15054,0.12034,-1.5026,0.28684,0.88107,-0.85757,0.38409,0.25398,1.0051,0.024352,-0.23026,0.35293,1.154,0.25395,0.43841,0.71967,0.79703,0.17051,-0.66116,1.0894,0.22292,0.4156,-0.18831,0.21956,-0.31871,0.97672,0.93658,0.58093,0.17377,0.37967,0.20981,0.0071297,0.1875,-0.57706,-0.73349,0.0047151,-0.57152,-0.72621,-0.67017,0.029234,-0.33601,0.68886,-0.40292,-0.018638,-0.2709,-0.023917,-0.16113,-0.35517,-0.29625,1.4977,2.5403,1.4416,1.0807,1.017,1.8369,1.1291,0.28787,1.3002,0.64162,0.047301,-0.027724,-0.19252,-0.88612,-0.41718,0.17111,0.083884,0.019959,-0.13934,1.5465,0.67679,0.18795,0.052121,-0.053474,0.85057,-0.89453,-0.13986,-0.65195,0.37057,-0.20349,-0.24613,-1.1354,-1.4295,-0.2618,-0.090084,-0.86929,-1.1074,0.074258,-0.31106,-0.53466,-0.1392,-0.045418,-0.68557,-0.58605,-0.45327,-0.51123,0.033032,-0.062329,-0.08315,-0.21462,-0.90489,-0.62202,-1.143,0.0014296,-0.37521,-0.3474,-0.39764,-0.51272,-0.98074,-0.67306,-1.1526,0.77564,-1.4432,-0.5169,-0.46141,1.2917,1.1577,0.87664,0.14387,0.16418,-1.0145,-1.2475,-0.7991,-0.6616,-0.64549,-0.41069,-0.28189,0.73399,1.0367,0.86388,0.183,-0.59158,-0.3225,-0.74595,-0.10723,-1.0766,-0.24478,-0.51421,-0.3296,0.76275,1.1286,0.7295,0.18512,0.40172,0.24147,-1.6448,-0.27902,-0.83496,-0.73538,-0.77866,-1.0652,0.4258,-0.20518,-0.56203,-0.11739,0.57478,-0.56005,-1.1058,-0.31096,0.52831,-0.4457,-0.3569,0.045967,-0.35015,0.29003,-0.38744,-0.4156,0.024785,0.57959,0.23836,-0.34743,0.31009,0.85732,0.63962,-0.19889,-0.02933,0.74393,0.31986,0.094425,1.2855,-0.21017,0.39966,-0.33868,-0.34052,0.3559,-0.26303,0.18295,-0.27479,0.36652,0.35728,0.83665,0.011704,-0.20169,0.14959,0.1067,-0.14667,0.74371,0.18249,4.1013e-05,1.4638,0.66389,-0.07312,-0.042503,0.60139,-0.61743,-0.86439,-1.4392,0.51252,0.0035428,-0.017817,-0.78819,1.3022,0.14593,-0.37373,-0.48441,-0.34783,-0.63031,-1.6604,-1.1036,-0.39134,-0.98979,0.55376,0.29039,-0.16265,-0.45531,-0.71625,-0.8534,-0.26258,-0.42812,-0.89187,-0.28309,0.11982,0.7749,0.39844,0.57558,0.92928,0.5562,0.60518,1.659,0.035065,-0.13084,-0.39038,-0.83717,0.025875,0.68588,-0.9772,-0.74409,-0.96963,0.21642,0.21982,-0.12013,-0.65842,-0.47978,-0.82109,-0.30178,-0.95492,0.14242,-0.57889,-1.1633,0.22002,-1.4187,-0.34648,-1.1984,-0.82181,-0.5166,-0.95704,-0.95775,-1.1982,-0.81427,-0.43126,-0.014575,-0.76017,-0.29251,-0.13397,-0.66491,-0.61866,0.91453,0.76387,0.47316,0.66157,0.52717,0.3984,1.1605,0.99605,0.86082,0.57366,0.52999,0.3257,0.049113,0.15713,0.96565,0.027258,0.40377,0.33486,0.79903,-0.21844,0.56084,1.0321,0.24982,0.52337,-0.14324,-0.83368,-0.78624,0.3668,-0.71979,-0.93151,-0.29294,-1.5559,0.0011057,-0.34716,-0.91084,-1.2141,-0.61857,-0.65149,-0.96878,-0.074998,-0.37989,0.61877,0.67181,-0.62711,-0.62256,-0.26658,0.2965,0.27828,-0.91797,-0.11786,-0.27908,-0.96933,-1.538,-0.51317,-0.84869,-0.50741,-0.64763,-0.93144,-1.4391,-0.64045,-0.20523,-0.61637,-0.29099,0.47837,-0.5243,-0.095272,-0.26259,-0.58137,0.27466,-0.128,-0.082157,0.33418,0.6154,0.13554,-0.70251,0.09848,-0.80623,-0.28109,-0.78324,-0.9769,-0.76278,0.45501,-0.24191,0.12686,0.058057,0.19345,0.024466,0.62651,0.30009,1.2186,0.3185,0.86405,-1.1738,1.5684,0.030264,0.98544,0.12758,-0.38814,0.28869,-0.58432,-0.40266,0.57975,1.2846,0.50142,-0.2986,0.30971,-0.61732,-0.60076,-0.43698,0.0091753,-0.61685,0.083408,-0.50191,-0.22917,0.075963,-0.53258,-0.39462,-0.76244,-0.51003,-1.4948,-0.32847,-0.57625,-1.2572,-0.78505,-0.37392,0.20553,0.47705,-0.42786,-0.93132,-1.0139,-1.2664,-0.66977,-2.3984,-1.4609,-1.1957,-0.40295,-0.44538,-0.35165,-0.92468,-0.30447,-0.49227,-0.95741,-0.55738,-2.0985,-1.5527,-1.2758,-1.8626,-1.5016,-2.072,-1.6738,-0.82304,-0.099692,-0.61756,-0.40109,-0.96256,-0.83526,-1.8052,-1.6013,-0.83031,-0.86228,-0.58955,-0.059258,-0.46049,0.070898,0.54957,-0.37666,-0.29745,0.90091,-0.1299,0.23772,-0.27685,-0.083282,0.1838,-0.05677,0.18182,-0.59111,0.10418,0.24159,-1.352,-1.0563,0.043379,-0.221,-0.29061,-0.455,-1.0349,-0.21127,-0.57131,-0.29043,-0.73826,0.21947,-0.16846,0.19854,0.27266,0.22838,0.53813,0.45915,-0.24084,-0.072131,0.24785,-0.62656,-0.74378,-0.57939,0.27304,0.21099,-0.86383,0.41177,0.61449,-0.92072,-1.104,-1.2061,-0.63183,0.16581,-0.69216,-0.67147,-0.6559,-0.54138,-0.38768,-0.019741,-0.22269,-0.1523,-0.045878,-0.23015,-0.64917,-0.58609,-0.48062,-0.34696,-0.48241,-0.2387,-0.28293,-0.62469,0.47805,-0.1103,0.41441,-0.43741,0.34107,0.28051,1.1114,0.094263,0.06675,0.081485,0.24013,-0.18803,-0.15361,0.82375,0.68403,-0.049949,0.077838,0.41513,0.60073,0.44524,0.0039525,0.1424,0.14428,0.52066,-0.22359,-0.14694,-1.1338,-0.83323,0.82168,-0.76238,-1.03,-0.26046,-0.77744,-0.68283,-0.85027,-1.6413,-0.094473,-0.28991,-0.47216,0.10456,-0.46544,-0.64339,-0.18176,-0.58123,-0.64656,0.63908,0.12064,-0.47674,-0.57163,-0.012637,1.0632,0.34743,-0.23455,-0.4277,0.74842,-1.3067,-0.79376,-1.0388,-0.31081,0.23704,0.034176,0.87407,0.50225,0.78194,1.482,1.255,0.13066,0.23457,0.58301,-0.35753,-0.94515,-0.85382,-1.418,-1.2232,-0.2872,-0.89449,-0.6995,0.55793,0.19769,-0.019201,-0.35068,-0.050936,-0.11335,-0.025908,-0.27531,-0.54098,-0.44558,0.00093647,-0.8166,-0.95177,-0.61844,-0.61971,-0.4323,-0.29544,-0.9662,-0.30628,0.3199,-0.24665,-0.19858,0.12218,0.6186,0.22936,0.45359,-0.4424,-0.014515,-0.43838,-0.9821,-0.40048,-0.16456,0.67495,0.28578,0.21903,0.15085,-0.48146,-0.66087,-0.25999,-0.84279,0.12326,0.12617,0.6155,0.15568,-0.060312,-0.71396,0.05144,-0.34677,-0.03388,-0.14592,-0.4506,-0.79109,0.16142,0.42965,-0.17113,-0.017194,0.68687,0.85511,-0.012654,-0.26829,0.55953,0.41282,0.27846,-0.47111,-0.43964,-0.11815,0.16262,-0.48533,-0.16053,0.78529,-0.077882,0.23836,0.081573,-0.841,-0.68136,-0.27154,-1.8999,-0.59915,-1.1666,0.044077,-0.67533,-0.20315,-0.99995,0.47087,-0.036011,-0.25068,0.07866,-1.2124,-0.043491,-0.32558,-0.56854,0.14256,-0.39513,-0.35222,0.13182,0.092432,-1.4111,-0.99633,0.38255,0.59062,0.14818,0.11657,0.87464,0.69747,0.72158,0.22192,0.76864,0.87527,0.56215,0.8169,0.095691,0.33418,0.20617,0.65949,0.66036,-0.43293,0.59298,0.075354,0.24284,-0.12121,-0.16345,0.15351,-0.49253,-0.17244,0.086637,0.38624,-0.13977,-0.5255,-0.41483,0.17259,0.21753,1.1355,0.15464,0.94413,0.71501,1.5849,0.41175,0.058118,0.8849,0.13676,-0.10284,0.24094,0.42684,0.54119,0.33542,-0.3546,0.46283,1.0153,0.51314,-0.41277,-0.77501,-0.41904,0.30505,-0.17173,0.19289,-0.16153,1.0273,0.33244,0.65088,0.91389,0.001512,0.82334,0.86452,0.099991,0.10259,-0.75783,-0.34679,-0.782,-0.74613,-0.95204,-0.56825,-1.3287,-1.182,-0.13949,0.12219,0.91726,0.74197,0.45294,0.010816,0.68483,0.56107,0.16315,-0.28332,0.98333,0.42581,0.12082,-0.35124,0.61329,0.92266,0.59237,0.36107,0.49644,0.80141,0.023013,0.24374,-0.12871,0.032124,0.84849,-0.92325,-0.64292,-1.2398,-0.53416,-0.17061,-0.22795,-0.89097,-1.0219,-0.2134,0.66715,0.074428,-0.11356,-0.61967,1.2181,1.1215,-0.27028,-0.54689,-1.1918,0.0077393,0.40138,0.5508,0.22866,0.50471,1.1017,-0.59393,-1.4344,-0.45619,0.31372,-0.10072,-0.44834,0.22069,0.53002,0.32818,0.5301,-0.19206,-0.0807,-0.18589,0.90118,-0.37528,-1.5075,0.3725,-1.2394,-0.24788,-0.22494,-0.35058,0.39251,0.2012,0.22512,0.40464,-0.10495,0.30016,0.084016,-0.67761,-0.24897,-0.10508,-0.45587,-0.7518,0.12021,-0.36407,0.48201,1.1522,0.86784,0.51488,1.3303,1.9042,0.95159,1.7211,0.85299,0.6406,0.4639,0.49453,-0.20243,-0.26763,0.51426,-0.82523,-0.4466,0.27353,0.082522,1.0257,0.56272,0.2767,0.4287,-0.27788,0.40583,0.53682,0.0091953,-0.69034,-0.13479,-0.073292,0.33366,-0.11479,0.10317,0.10519,0.072534,0.67724,1.0774,0.51637,0.86631,1.2428,0.84162,0.56967,0.28805,0.72911,0.99607,0.9458,1.3111,1.1391,0.76293,1.4337,1.0866,1.0738,0.45908,1.179,0.61342,0.38347,0.9418,0.38416,1.138,0.96669,0.45572,0.21829,0.35272,0.67276,0.44216,0.27167,0.3877,0.47146,0.48521,0.63878,-0.28095,-0.22155,-0.40347,-0.18329,-0.12556,0.022046,-0.31746,-0.42712,-0.32426,-0.38451,-0.23251,-0.23044,-0.3028,-0.58768,-0.034956,0.084508,0.53329,0.028601,0.46057,1.059,-0.31384,0.36996,0.51435,0.30259,1.1595,1.4003,1.0486,0.35291,0.82478,0.64195,0.87617,1.0848,1.1067,0.74193,-0.0029917,0.49243,0.86406,0.34573,0.31106,-0.078476,0.86927,0.41195
-0.76566,-0.98125,-1.5296,-0.64623,-0.78616,-0.95213,-2.1772,-1.4302,-0.89826,-1.9636,-2.5458,-1.9871,-0.97931,-1.2733,-2.1241,-1.3466,-0.70598,-0.86978,-2.3831,-1.2513,-1.1771,-0.97794,-0.68645,0.8226,0.59178,-0.44665,-1.7464,-0.84255,0.39357,-1.5093,-1.1977,-1.1817,1.1369,0.11721,-0.96556,0.74351,0.0097895,0.35737,-1.0274,0.16509,1.4397,1.0902,-0.017881,1.4158,1.9042,1.5449,1.3488,1.3176,1.535,0.58004,0.049113,0.7319,2.0034,0.47148,0.001196,0.77328,0.63787,0.40491,-0.33706,0.32784,1.5488,1.4752,0.41499,-0.94409,-0.8531,0.20711,-0.45326,-1.3746,-0.36363,0.39344,1.2003,0.9095,-0.66667,0.17162,0.70092,0.099247,-1.3227,-0.98429,-0.7292,-1.6099,-2.0782,-2.1454,-1.0289,-1.0292,-2.103,-1.2784,-0.90866,-1.86,-1.511,-1.1322,-0.046416,-1.172,-2.4455,-0.58105,1.0838,-0.46697,-2.3435,-1.9417,-0.90311,-0.25917,-1.2339,-1.6482,-0.55283,-0.34133,-1.7564,-1.8191,-0.26997,0.60821,-0.3927,-1.635,-0.89529,-0.32884,-0.66219,-0.77591,-2.2287,-0.5621,-0.32949,0.2394,-0.93845,-1.5178,-0.66591,-0.57398,-1.5736,-1.0424,-1.3421,-0.51182,-1.3926,-1.9403,-1.512,-2.1657,-1.9475,-3.278,-2.5787,-2.5346,-2.0274,-3.6831,-3.8291,-2.7375,-2.9809,-3.0406,-3.3705,-2.6666,-1.3261,-2.3491,-2.9637,-2.5567,-1.2021,-1.3759,-2.1945,-2.6872,-1.6372,-1.6908,-1.5324,-2.5056,-1.5329,-1.7009,-2.3547,-2.3717,-2.1863,-2.0041,-1.7471,-2.8092,-3.0231,-2.8475,-0.80008,-1.3518,-2.8452,-1.4798,-1.9882,-1.0181,-1.6798,-2.0189,-1.3161,-0.56099,-1.2159,-2.2496,-1.7631,-2.4072,-2.1174,-2.9848,-3.1087,-2.1901,-1.7675,-3.321,-3.4144,-1.6841,-1.0387,-2.0436,-2.4261,-2.117,-0.56384,-0.77973,-2.7128,-1.9392,-1.1212,-1.6377,-3.1734,-2.936,-2.6494,-1.394,-2.4127,-2.5671,-1.287,-1.4081,-1.498,-1.761,-1.1845,-0.77524,-0.44581,-1.191,-1.3679,0.011113,-0.19749,-1.2241,-2.6774,-1.1409,-1.7125,-1.1427,-2.6053,-1.9801,-1.1729,-1.4319,-2.1956,-2.0372,-1.4188,-1.0729,-1.0482,-1.8102,-0.62014,0.588,0.073679,-1.6308,-0.23325,-1.6592,-1.7523,-2.2129,-2.1767,-1.2237,-1.387,-2.282,-3.0994,-1.8287,-1.3078,-2.0078,-2.0149,-0.70006,-1.3829,-2.5267,-1.9233,-1.0494,-1.018,-1.8211,-1.2293,0.055162,-1.5402,-2.0619,-1.4301,-1.3719,-0.63007,-2.1629,-1.4412,-0.22795,-1.6103,-2.1118,0.25513,0.97274,1.4951,0.83351,0.10471,1.6813,1.8363,1.5166,0.97153,-1.1424,0.46534,-0.41404,-0.00052102,0.14701,-0.21048,0.24341,0.33166,0.77719,0.88713,0.18524,1.4363,0.96019,-0.76836,-1.1579,-1.4122,-1.5065,-0.080116,-0.85534,-1.9672,-0.57199,-0.70404,-0.097058,-0.092168,-0.0059554,-1.0696,-0.1882,0.19092,-0.27471,-1.2205,-0.99007,-0.06402,-0.50132,-0.13129,-1.5095,-0.062545,0.47097,0.34858,-0.33636,-0.8886,-0.95977,0.11162,-0.065518,-2.0347,0.52604,0.57181,0.9745,1.2279,0.65408,1.4757,2.1275,2.0385,0.16006,0.66293,0.55401,0.68119,-0.74647,-1.0187,-0.55031,-0.3963,-1.4807,-2.0247,-0.63344,-0.12354,-1.1516,-1.6128,1.0934,0.9744,1.2043,0.57279,1.9414,2.6718,1.85,1.3526,1.6107,0.97176,-0.00062039,0.39628,-0.25411,0.84552,-0.55195,8.9814e-05,0.77802,0.49344,-0.38607,-0.2299,1.0721,1.414,0.64416,0.68138,2.4535,2.1267,1.9887,0.91941,2.4466,2.5723,2.8166,1.8608,1.1481,2.0574,1.3444,1.3471,0.76583,2.319,1.8967,2.0896,1.2666,2.1142,2.3237,3.0753,2.6538,1.5606,2.5323,2.5849,3.0808,2.7722,2.4118,2.8785,2.4857,2.3731,0.0014796,0.71827,1.0568,1.0658,-0.3557,-0.066201,1.4354,1.3954,-1.1475,-0.94439,1.0048,1.3186,0.46324,0.056182,1.1654,1.8888,1.5077,0.53628,2.9713,3.1551,2.8002,1.8296,1.6784,2.2035,2.9797,0.69735,2.2522,2.4103,1.3171,0.56999,1.6092,2.6831,2.7187,2.6659,2.9011,3.5482,3.6597,2.9644,1.9948,3.1714,3.5935,3.3278,1.8896,1.7135,2.2782,2.5559,1.7432,0.88899,0.36944,1.2399,1.8655,2.1549,0.64635,1.3949,1.907,2.7604,1.2148,2.5258,2.4241,2.3329,2.1758,2.6388,3.8634,3.9804,3.8782,3.4206,4.2668,3.3134,3.263,2.2356,1.3162,0.24001,1.1014,0.69485,0.80834,0.018633,-0.048744,1.8551,1.6751,1.4539,1.3383,2.3749,2.2409,2.2615,0.37618,1.6217,2.6759,2.4931,1.6308,1.1522,0.99446,1.4571,2.3521,0.64109,0.050163,2.6816,2.4878,2.1078,0.6593,1.9653,2.8146,3.1781,2.7065,2.6463,2.9097,2.2175,1.7068,2.0492,0.28735,0.5456,1.4063,0.90435,1.1939,0.48816,1.2932,1.7547,2.0715,2.4981,2.6272,3.4632,3.3991,2.6659,2.834,2.3133,3.6012,1.9277,0.75393,0.4962,0.92321,0.97368,0.52578,0.24011,1.4655,1.1291,0.16193,1.3544,2.5192,1.5803,0.46701,0.0063826,1.0255,0.47998,1.8199,0.97355,-0.22833,1.7348,1.5453,1.0429,-0.32389,-0.44505,0.33545,0.72592,0.87636,0.12137,1.6653,1.9088,2.0361,3.2979,2.0613,3.0885,2.8445,2.3559,1.9706,2.7374,2.5362,2.2415,2.2458,0.48717,1.3058,1.7955,1.6038,0.48452,3.0095,3.5177,2.564,2.099,2.1275,2.6383,2.5923,2.6947,2.9858,3.2621,2.5881,2.5251,1.7813,1.8017,2.5369,1.4457,0.96892,-0.21372,1.3939,1.2836,1.0142,0.15038,1.167,0.50382,0.70318,0.024131,0.020727,1.308,1.126,0.80116,0.51098,1.5676,2.59,2.6956,1.8096,2.9499,2.687,2.3798,2.6848,2.9907,2.4222,1.6781,1.4461,2.4226,1.9478,2.6405,2.2867,1.9765,2.4965,2.1751,0.6285,0.31775,-1.8425,-2.3092,-1.8516,-2.1147,-2.8703,-2.4159,-1.8572,-3.5413,-2.9304,-3.3109,-2.6142,-1.9552,-2.1915,-1.4316,-0.86993,-0.32594,-0.53518,-0.42706,0.24098,0.13508,0.66336,1.0488,1.5731,1.6409,1.4031,0.92785,-0.040713,-0.83587,-1.0503,-0.43654,-0.92103,-2.2445,-2.0848,-0.70714,0.29256,-0.10886,0.22894,1.5902,1.8275,1.3848,1.7639,0.89691,1.8522,1.3338,0.76317,-0.45531,-0.34424,0.39223,1.0219,0.30742,-0.19201,0.92936,0.60029,0.26814,-1.343,-1.3214,-0.34109,0.45859,-0.42103,0.20568,0.78609,0.79817,1.1959,1.78,2.0439,1.3185,1.8378,1.5774,1.1785,2.4694,1.1661,1.0234,-0.11447,-1.6218,-0.2344,-0.80953,-1.8143,-2.8878,-2.2917,-2.8625,-2.2283,-2.8123,-2.4773,-1.8019,-0.95131,-1.2764,-1.7203,-1.0808,0.024871,-0.7948,-1.0583,-0.70406,-0.34328,0.43611,-0.23562,-0.95814,-0.56746,0.071009,-0.92082,-1.5002,-0.63835,-0.041981,0.33219,-1.3406,-1.5047,-0.60088,0.065818,-0.77419,-1.5824,-1.522,-0.41193,0.23753,0.55113,0.88902,1.3099,1.6559,1.8768,0.77505,1.6698,0.17044,1.0897,-0.21011,-0.18001,-0.31733,-0.72913,-1.2697,-1.9055,-2.0283,-1.46,-1.3566,-1.5702,-2.182,-2.306,-1.347,-1.3489,-1.5747,-1.8962,-0.69714,-0.20738,-0.014209,-1.1524,0.03015,0.23665,0.31504,-0.37773,-0.40435,0.3181,1.2149,1.0444,0.9574,0.94303,1.2563,1.8615,1.4917,1.9695,1.994,1.0527,2.4778,1.3553,2.0178,2.4972,0.67738,-1.2771,-1.3953,-0.4195,-0.20423,-0.87002,-0.81115,-0.71097,0.33243,0.90203,1.3955,1.5896,1.831,1.9061,2.9236,0.92586,1.7371,1.1683,0.82309,1.1654,0.81723,1.7153,1.1043,-0.10606,-1.9918,-1.1153,-0.33234,-0.83291,-1.1479,-1.992,-0.83454,-0.73973,0.27321,-0.84496,-0.66944,1.3004,-0.12219,0.43915,-0.14913,0.89609,0.52147,0.8056,0.67439,1.9232,1.3875,1.01,1.037,0.19904,0.98362,0.22019,-0.2765,-0.22242,-0.53455,0.096575,-0.51323,-1.0959,-0.74955,-1.6492,-1.377,-1.3878,-1.7307,-1.6587,-1.1439,-0.75207,-1.1777,-1.4347,-1.6513,-0.38945,0.24815,-0.20566,-0.12206,0.53359,1.4685,0.76876,0.41666,1.1483,1.4107,1.5357,0.64848,0.060161,1.551,0.90347,0.14131,-0.89281,1.2803,0.25635,0.83356,0.67496,1.8315,2.2294,1.5533,0.24055,0.49422,1.3476,1.6904,-0.039445,0.24731,0.92102,1.9448,1.868,1.8507,1.9698,2.0289,2.7087,1.3142,2.0584,2.2427,2.936,2.245,2.025,2.326,2.6419,3.2672,2.345,2.9355,1.9371,1.8655,1.3427,0.25431,-0.20578,0.45216,0.32321,-0.98431,-0.85308,0.9822,0.37589,0.47774,1.2237,1.4044,1.3848,1.2673,0.56701,1.5299,1.4676,0.68673,0.18585,0.12055,0.6421,-0.096937,-0.70139,-1.5889,-1.7815,-1.1547,-0.74352,-0.88067,-1.2712,-1.5618,0.76273,0.42082,-0.30097,0.6133,1.0232,1.1515,0.677,0.56596,0.80727,1.3485,1.1303,2.2243,1.4208,2.0737,1.7466,2.7621,2.8641,1.2211,1.5788,1.2753,0.041462,-0.23245,0.82291,1.4651,1.3694,0.25021,1.4402,1.894,1.5099,1.276,1.3191,0.97032,1.8522,1.7331,1.7429,2.5272,2.7446,2.4904,1.6919,1.5895,0.96435,1.2318,0.96369,0.45392,1.6368,0.65555,0.61996,0.067042,-0.64858,0.9014,2.2287,0.9749,-0.44536,0.91351,0.38804,0.86845,0.008769,0.17508,1.288,0.58205,0.87418,-0.65862,-0.060467,-1.4731,-2.4363,-3.0419,-3.2272,-3.0675,-3.1359,-2.5876,-3.5867,-2.0426,-2.2227,-1.4959,-1.8892,-1.7885,-1.2526,0.0028228,-0.28509,-0.61717,0.96123,1.2564,1.1271,0.67531,0.92628,1.0593,0.87391,0.92091,0.2688,0.57746,0.17949,0.027698,-0.041638,-1.0454,0.60293,-0.016729,-0.23064,-1.4949,-1.827,-1.9724,-1.7022,-2.8239,-3.3391,-2.7002,-0.41044,-0.93834,-0.55703,-0.60191,0.555,0.32515,1.1525,0.58042,-0.44018,0.61175,0.85158,-0.42041,0.081095,0.28128,0.10358,0.48977,-0.52419,-1.7222,-0.5805,-0.23908,-0.67636,-1.7596,-1.1971,-0.25809,0.16976,-1.4477,-0.29295,-0.35158,0.068907,-0.21767,-0.38132,0.19784,0.6982,0.15672,0.25482,0.55555,0.38338,-1.1749,-1.7776,-0.8711,-2.5498,-1.4877,-0.81004,-1.6428,-1.8744,-1.8878,-1.4912,-1.2453,-2.122,-2.4927,-1.439,-0.78967,-0.96868,-0.6537,-0.30964,0.21866,0.10212,0.78645,0.15972,0.069573,0.93497,0.31789,-0.19955,-0.37107,0.057433,-0.58806,-0.77834,-1.9634,-2.2302,-1.4544,-1.2047,-1.1502,-0.66463,-0.80319,-0.36914,0.086047,-0.00088768,-0.9178,-0.32925,-0.60648,0.17293,-0.43629,-1.8568,-3.1254,-2.0101,-2.0073,-1.9866,-2.4967,-2.3192,-1.7021,-1.3163,-1.1849,-1.692,-1.062,-0.093177,0.52206,0.29745,0.19601,0.60127,0.37613,0.38513,-0.030771,-0.42406,-0.19685,0.27457,-0.65624,-1.552,-1.5292,-0.77578,-1.5504,-1.2207,-1.6333,-1.7875,-1.3301,-2.299,-1.8222,-2.5219,-2.3191,-1.1474,-0.82206,-1.1264,-1.8238,-1.6874,-0.92479,-1.3705,-0.74501,-0.57306,-1.6549,-0.69331,-0.84206,-0.89162,-0.85096,-1.9729,-1.4253,-0.90287,-1.083,-1.7721,-1.3835,-1.9969,-1.1562,-1.5807,-1.5441,-2.4349,-2.7595,-1.8038,-2.4099,-1.5592,-1.1117,-1.1636,0.00501,0.16378,-1.0958,0.24879,-0.74446,-0.43975,-0.34077,-0.484,-0.71887,-1.0637,-1.4462,-0.54494,-0.93645,-1.3643,-1.8094,-0.96219,-0.82037
-0.75266,-0.1726,-1.2659,-0.27307,-0.76661,-1.0159,-0.1199,-0.3083,-0.48126,-0.5273,0.2682,-0.35543,-1.2336,-0.18664,0.33808,-0.93929,-0.29617,-0.82408,-0.2545,0.07836,-0.29568,-0.27166,0.89481,-0.35823,-0.55978,0.41204,-0.87856,-1.2336,-1.4278,-0.2227,0.21581,-0.67059,-1.1785,-0.46378,0.55947,0.68538,-0.41871,0.28872,0.16665,0.22001,-0.13696,-0.72359,1.1612,0.049776,-0.057134,0.52661,1.2899,0.10551,0.98485,0.80501,1.1333,0.19724,-0.40548,-0.4641,1.4076,-0.16487,0.10497,0.69773,0.7348,1.0877,-0.66929,-0.25597,-0.031672,0.093087,-0.30534,-0.8318,-0.41011,-0.86654,-0.0088055,-0.21755,-0.57784,-1.1847,0.066544,-0.33893,-0.57779,-0.21302,-0.19822,-0.081283,0.69374,-0.13284,0.10143,0.15682,-0.080929,0.12392,0.22502,-0.25603,-0.45837,-0.96014,-0.46837,0.4794,0.0049693,-0.12264,-0.48628,-0.9394,-0.601,-1.0349,0.12351,0.78611,-0.90345,-0.63008,0.6694,-0.50655,0.047325,-1.0287,-0.18353,0.58781,0.55118,-0.32292,0.16833,-0.10258,0.75885,0.26575,0.13973,0.21188,0.53197,0.68487,0.31473,0.051936,-0.21306,0.72302,0.043341,0.72217,0.44094,0.59062,0.7758,0.70226,0.16743,1.0689,0.99203,0.35144,0.22291,0.030321,0.39157,-0.54694,-1.1044,-0.72961,-0.25247,-0.30941,-0.25872,0.51521,0.18157,0.39876,0.2419,-0.41612,0.67056,0.52882,0.80501,0.7991,0.67551,1.7793,0.55103,0.51036,0.66631,0.53313,0.65578,1.4518,0.49711,0.87341,1.0816,1.1446,1.1209,1.1154,0.91299,1.4057,0.2899,0.31578,0.25638,-0.21659,0.14327,-0.10807,1.6254,1.3286,1.1044,0.86624,0.56894,0.30816,0.27632,0.3198,-0.5576,-0.054891,0.39705,-0.062255,-0.34615,0.082514,0.49893,-0.11127,0.13805,-0.15102,0.71744,0.13162,-0.28714,-1.127,0.2743,-0.036702,-0.38937,-0.078179,0.50105,0.072961,-0.049697,-0.50363,0.28771,0.63303,0.75287,-0.1411,0.17392,-0.21788,0.76922,0.37751,-0.27692,0.66945,0.33133,0.27296,0.0034395,0.28191,0.39888,-0.12375,-0.43769,-0.72715,-0.42079,-0.37125,-0.44287,-0.44644,-0.73853,-0.5371,-0.81051,-0.36778,-0.57331,0.31884,0.24269,-0.1452,0.65464,-0.094079,-0.086979,-0.48891,0.97765,-0.42226,0.89441,-0.085152,-0.28798,0.022114,1.0995,-0.44872,-0.40275,-0.008076,0.015592,0.19096,-0.56922,0.11308,0.72648,-0.13777,0.16732,-0.57448,0.081078,0.25975,0.50955,0.97064,0.84835,-0.25307,0.58153,-0.85563,0.4424,-0.019708,0.37204,0.049338,0.98972,-0.055191,0.66519,1.1026,1.0196,0.67982,0.6025,0.24121,0.22577,0.41854,-0.18984,-0.30773,0.19876,-0.076897,0.30864,0.97382,0.9042,0.69498,0.24124,-0.082313,0.13326,-0.37695,-0.69109,0.50363,0.087109,-0.011891,-0.53605,-0.94254,0.56009,1.1869,0.81248,-0.7989,0.7501,0.036042,0.84284,0.88327,0.10058,0.28731,-0.60096,0.7274,0.78277,1.0573,0.98004,1.1732,0.75881,0.88313,0.012544,-0.19486,0.44939,0.63055,0.76054,-0.96924,0.72772,-0.065491,-0.73039,0.25363,0.47832,-1.1958,-0.79892,-0.91492,-0.1497,-0.17315,-0.3515,-0.21468,-1.2378,-0.2403,-0.68359,-0.48726,-0.5294,-0.19894,0.42986,-0.11452,-0.50338,-0.20314,0.82404,-0.23103,-0.28115,0.17826,-0.19444,-0.51646,-0.55113,0.071428,-0.72479,-0.39204,-0.12546,-1.3325,-0.93913,-1.0969,-0.41079,-0.10076,0.16233,0.46637,0.070834,0.40599,-0.1776,-0.10478,0.34358,0.47564,1.095,0.23212,0.7655,-0.070332,0.20294,0.64285,0.0084732,0.35178,0.40864,0.16255,-0.22383,-0.20182,-0.20816,-0.60034,-0.65666,-0.64326,-0.83663,0.26013,0.33241,-0.070332,-0.51681,-0.63612,-0.094344,-0.38418,0.34339,-0.079172,0.089225,-0.076592,-0.53526,-0.66748,-0.74601,-0.49807,-0.75424,-0.87846,-0.94201,-1.2374,-0.8734,-1.0485,-0.70473,-0.34842,0.17013,0.61967,-0.14347,-0.38184,-0.5736,0.67792,-0.90701,-0.5449,-0.256,0.45217,-0.3882,-0.13348,-0.88494,-1.0549,-0.53452,-0.238,-0.97005,0.56293,-0.069774,-0.61822,0.017066,-0.44035,-0.83825,-0.6991,-0.39459,-0.53044,-0.39076,-0.2275,-0.17804,0.97326,-0.64839,-0.74045,-0.73745,0.11779,-0.24116,-0.77946,-1.332,-0.23566,-1.0137,-0.41416,-0.27336,-0.20634,0.041537,0.81791,0.25212,0.024843,0.06301,0.66486,-0.43521,0.036386,-0.096927,0.76652,-0.4456,-0.4034,-0.56497,-0.86254,-1.3179,-1.8685,0.57482,-0.55387,-1.0424,-0.28226,-0.26235,-0.54078,-1.5242,-1.1915,-0.91993,-0.30232,-0.35324,-0.17437,0.21093,-0.36212,-0.35528,-0.15874,-0.66527,0.31309,-0.099403,0.32341,0.10279,-0.12127,-0.67955,-0.55044,-0.082513,-0.66796,-0.37232,-0.64259,-0.066204,-0.54752,-1.0466,0.26047,0.4151,-0.28747,0.063364,0.38223,0.11355,0.79052,-0.19451,0.49468,-0.41488,-0.12117,-0.024436,-0.23265,-1.0865,-0.60886,-0.14382,-0.60487,0.0092381,-0.606,0.1398,0.19591,-0.18059,-0.22336,-0.92148,-0.60896,-0.26797,-0.50788,-1.1331,-1.611,-1.7416,-1.8072,-1.3332,0.64643,0.52679,-0.56299,-0.21623,0.26874,-0.072578,-0.29663,-0.62971,-0.41153,-0.062915,0.054824,0.15926,-1.1748,-0.59233,0.48458,1.0367,0.27727,-0.96984,0.81525,0.095403,-1.0319,-0.43451,-0.61586,-0.81472,-0.82726,-0.24245,-0.18165,0.18882,0.1869,0.15139,-0.55854,0.021312,-0.73993,-0.49624,-0.77211,-0.62015,-0.50334,-0.42481,-0.31539,-0.43883,0.19929,0.55049,-1.307,-0.45937,-0.70282,0.30587,0.20135,-0.23957,0.0078312,-0.26098,-1.2316,-0.50252,-1.7391,-0.70991,-0.74851,-0.2785,-1.0443,-1.1873,-0.85735,-1.3034,-1.0426,-0.93122,-0.5344,-0.71766,-0.49898,-0.68336,-0.97939,-0.55914,0.50008,-0.43182,-1.1562,-1.326,-0.32208,0.58851,-0.44235,0.35248,0.61215,0.39165,0.4376,-0.22654,-0.94545,-0.019579,-0.52432,-0.66462,-0.098609,-0.48838,-0.56284,-1.1542,-0.024651,0.71284,-0.12092,-0.14164,-0.65761,-0.73163,1.4926,0.74531,0.83814,0.34005,-0.23132,-0.085113,0.15724,-0.37029,0.74174,0.72922,0.49294,0.98829,1.1468,0.76527,1.6052,0.60578,1.0387,1.3224,1.5329,1.1331,0.7025,1.1873,1.054,1.5427,0.458,0.67947,0.98757,0.6255,0.014068,0.23674,-0.29795,0.060591,-1.0814,-0.51295,-0.25172,0.31112,0.64878,0.55445,0.36104,-0.051078,0.12415,-0.00074143,0.60337,0.48705,-0.10459,0.20855,-0.35243,-0.37916,-0.18419,0.45545,0.67519,0.099883,0.075675,-0.736,-0.58508,1.189,0.39387,-0.51093,-0.096243,1.0181,0.16601,1.0819,0.71456,0.62662,0.36498,0.97884,1.5292,0.19265,0.50035,0.3057,0.92525,-0.12773,-0.094196,0.047601,0.44889,0.41037,-0.59006,-0.25084,-0.17061,-0.0057292,-0.45892,-0.09757,0.66171,0.5651,0.2873,-0.38698,0.48623,0.55016,0.59475,0.65029,0.38326,0.62176,0.60412,0.64105,-0.083912,0.23496,0.81068,0.26508,-0.4327,1.3619,1.4338,0.55777,0.72298,-0.035921,0.37336,0.38253,0.32628,0.82448,0.080731,0.61001,0.57794,0.435,0.64247,0.59593,0.46253,0.52021,0.40553,0.98484,1.0934,-0.19404,0.17074,-1.0717,-0.14455,0.37882,-0.057436,-0.86585,-0.43615,-0.32569,0.0084861,-0.63255,-0.26524,-0.59925,-0.45205,0.097203,-0.9651,-0.15155,-0.32855,0.034483,0.036576,-0.27437,0.91141,1.5734,0.93153,0.45768,0.85819,0.68112,0.91056,0.78276,1.2564,1.2005,0.4714,-0.16793,0.77535,0.12752,0.15452,-0.18796,1.0829,-0.93548,-0.21923,0.1847,0.14749,0.15071,-0.06312,0.50689,0.18994,0.11807,-0.75694,0.60499,0.46235,0.050078,0.12409,0.23502,0.32316,0.9642,-0.0033451,0.47611,1.4095,0.77035,0.9948,1.2795,0.17932,0.91897,0.77865,0.22526,-0.402,-0.19468,0.0088488,-0.74822,-0.96348,-0.94747,-0.070701,0.3278,0.047811,-0.59775,-1.1835,0.39705,0.22179,0.9619,0.24865,0.75013,0.56623,0.01535,0.29471,0.4509,1.1872,0.75729,-0.55911,0.67909,0.28658,-0.21096,-1.0013,-0.6699,-0.90245,-0.52294,-0.72659,-0.78213,-1.3874,-0.48685,-0.39748,-0.63293,-0.74107,-0.79888,-0.85244,-0.63189,-0.48275,-0.50339,0.12181,0.18967,-0.28814,-0.05042,-0.44629,0.50555,0.59987,-0.26409,0.21823,1.3367,0.10667,0.27754,-0.10778,0.36786,0.54976,0.67609,0.8544,0.13088,0.06501,0.18656,0.51493,-0.27058,0.75565,0.76812,0.46614,-0.096339,0.27331,0.053388,0.82992,-1.3334,-0.94184,-1.3042,-0.69764,-1.0284,0.29844,0.6397,0.49393,0.23209,0.27242,0.085551,0.44349,0.55852,0.4337,0.42451,0.38856,0.9446,1.3699,0.78836,0.89439,2.031,0.79743,0.069786,0.98274,-0.076148,0.77238,0.17074,-0.45326,0.62231,-0.43852,0.3012,-0.17498,0.398,0.31597,0.15506,0.1812,0.26691,0.54,0.13205,0.42193,0.13639,-0.2555,0.006963,-0.35689,-0.22389,-1.0037,-0.80863,-0.92808,-0.93871,-0.77092,-0.51766,0.41501,0.26336,0.052878,0.29682,-0.044999,0.26939,0.049141,0.71249,0.2127,0.25742,-0.38276,0.3991,0.29478,0.67996,0.22165,0.25145,0.17919,-0.01336,-0.67697,0.19352,0.17513,-0.72244,-0.53349,-0.24787,-1.1677,-0.45183,-0.24965,0.1609,-0.27369,-0.037143,0.050372,0.46232,0.55494,1.0073,0.18083,0.31203,-0.32543,0.17458,-0.12085,-1.2394,-0.10639,-0.49441,-1.5309,-0.93922,0.0021007,-0.12497,0.23921,-0.68707,-0.5651,-0.039523,-0.73692,-0.71377,-0.38946,-0.0099787,-0.21992,0.046416,0.068783,-0.60879,-0.044863,-0.1715,0.66538,0.00050286,-0.59753,-0.064091,-0.38661,0.90732,0.34321,-0.18501,0.25706,0.75557,-0.10093,-0.77305,-0.034397,-0.56735,-0.084834,-0.71176,0.028363,0.2018,1.4014,0.88161,0.21746,1.0096,0.71762,0.81059,1.6479,1.2614,1.3541,1.1852,1.4352,0.97725,0.78292,0.22876,-0.082379,-0.044333,-0.63055,-0.16767,-0.27729,0.02894,-0.59139,-1.0989,0.66606,-0.41502,-0.5968,-0.8039,-0.032751,0.55905,-0.11748,-0.37559,0.47051,0.45265,-0.11927,0.21649,0.45686,0.79535,0.25634,-0.021551,0.54325,0.10356,0.57811,-0.321,-0.25019,-0.16484,-0.29167,0.55709,0.815,0.62306,0.46559,0.29333,0.91164,1.0037,-0.055881,1.2795,1.349,0.98813,0.88608,1.0466,1.2901,0.87412,0.84134,0.57673,1.5742,1.4037,0.56281,-0.85694,-1.3719,-0.20382,-0.31269,-0.13211,-1.2097,-0.3851,-1.4619,-0.41902,-0.72038,-1.266,-0.78779,-0.37457,-0.77302,-0.40967,-0.47478,-0.28008,0.196,0.47574,-0.11661,0.080247,-0.71876,0.56577,-0.44084,-0.8126,-0.99162,-0.35136,0.46541,-0.63698,-0.37269,-0.99523,-0.19202,-0.47256,-0.77682,-0.064172,-0.68341,-0.24963,-0.4429,-0.52798,-1.0406,0.06292,-0.61997,-0.48391,-1.0371,-1.207,-0.87014,-0.38097,-1.0444,-1.4982,-0.83613,-0.8855,-0.37604,-0.42576,-0.598,-0.37982,0.22912,0.31265,0.76039,1.4348,1.1431,1.278,1.0587,0.60507,0.094472,0.90016,0.84706,0.65917,0.85823,0.051427,0.20263,0.19536,0.47401,-0.83149,-0.012124,0.38754,0.28746,-0.64974,-0.64166,-0.14128,-0.19837,-0.16218,-0.45445,-1.0715,-1.875,-0.83765,-0.33206,-0.89405,-1.5488,-0.74044,-0.94773,-0.58647,-0.63766,-0.78223,-0.71592,-0.61741,-0.57959,-0.3745,-0.49352,-0.30084,-0.72907,0.17742,0.2542,0.14364,-0.72946,-0.98085,-0.39444,-0.22423,-0.68147,-0.38213,0.32673,0.28777,-0.46506,0.4796,0.14303,0.10717,-0.11615,0.49841,1.2385,0.52671,0.2696,-0.05718,-0.018262,0.62477,-0.044876,-0.14702,0.24924,0.76891,0.26751,-0.17043
-1.1732,-1.3412,-0.9651,-2.0117,-0.97863,-1.0195,-0.89965,-1.2567,-0.5714,-1.0153,-0.96005,-2.1197,-1.1549,-1.4478,-1.5936,-1.7476,-1.6834,-1.0494,-1.9216,-1.4982,-0.98452,-0.048119,-1.6848,-0.74655,-1.7056,-0.30164,-0.76527,-1.8286,-1.6373,-0.29543,-1.2108,-1.1316,-1.6784,-1.2525,-0.31429,-0.57928,-0.44763,-0.69384,-0.25005,0.54068,-0.42315,0.98343,1.5977,0.40715,0.2323,0.057786,0.88264,0.80189,-0.51937,-0.48646,-0.73563,-0.46253,-0.56444,-0.4205,-0.10409,-0.18756,0.97182,-0.60963,0.012372,1.3015,1.3455,-0.41858,0.6394,-0.16278,-0.046428,-0.58736,-0.42324,-0.078288,-0.69367,-1.123,-0.32714,-0.49484,-0.50872,-0.27135,-0.77117,-0.41419,0.27889,-0.99518,-0.22783,0.0085931,-0.55738,1.1103,-0.83334,0.04343,-0.51076,-0.15896,0.13204,-0.9103,-0.028257,0.062655,-0.28023,-0.88893,0.99739,-0.21424,-0.85122,-0.20848,0.050638,-0.0056382,-1.0005,0.12745,-0.24398,-0.049339,0.10154,-0.39799,0.46529,0.41977,-0.57131,0.013345,0.50575,-0.15874,-0.61894,0.27998,-0.19603,-0.41077,-0.42458,0.079032,0.37697,-0.77561,-0.98712,-0.29388,-0.16773,-0.59894,-0.034026,-0.12864,1.7006,-0.43497,0.53589,-1.123,-0.03958,-0.050549,-1.0716,-0.70569,0.011148,-0.23625,-1.2563,-1.0819,0.17785,0.13429,-1.1683,-0.34818,0.11959,0.89842,-1.2575,-1.1714,0.12806,0.55389,0.016591,0.68756,0.29202,-0.43743,-0.67107,-1.1094,-0.60527,0.13855,-1.0285,-1.5186,-0.71852,0.19938,0.19864,0.075469,-0.81079,-0.085726,-0.35183,-0.21633,0.03723,0.65918,1.0249,-0.6314,-0.018096,-0.082034,0.24897,0.05196,0.17973,-0.11891,-0.010742,-0.79924,-0.47364,-0.82299,-0.96432,-0.078078,-0.45051,-0.40002,-0.51764,0.76678,-0.12926,0.015518,0.42599,0.14313,0.25598,-0.032607,-0.33872,0.42462,0.53224,-0.50625,-0.087565,-0.55363,0.37163,-0.54905,-0.28046,-1.1866,-0.10743,-0.078051,-0.24849,-0.94022,0.29872,0.037741,-0.36483,-0.40715,0.44128,0.051796,-0.18815,-0.11438,0.66199,-0.51403,-0.84798,-0.71203,-0.58298,-0.64583,-1.1785,-1.8331,-1.47,-0.97599,-1.0078,-0.68919,-0.23054,-0.25782,-0.33647,-0.30652,-0.038413,0.22181,-0.86386,0.87144,0.46176,0.54303,-0.59481,-0.35778,0.27688,0.18439,-0.88476,-0.060517,0.18564,0.68591,-1.1169,-0.013114,0.13058,-0.21509,-1.127,0.33792,-0.92153,0.17526,-0.067877,0.34474,-0.23271,1.1266,-0.17077,0.46575,-0.052443,0.050869,0.83523,0.34602,-0.41025,-0.36601,0.71526,-0.37879,0.70749,0.50111,0.93196,1.3735,0.61012,0.57696,1.1138,0.53688,-0.22704,-0.22332,0.52972,-0.015682,-0.053247,0.29191,0.18553,0.40715,0.045298,0.43399,-0.45264,-0.44484,-0.73518,-1.0649,-0.16797,-0.23958,-0.46166,-0.55832,-0.73715,0.20172,-0.14845,-0.15384,-0.9413,-0.88731,0.018584,0.17044,0.87293,0.89677,0.29257,1.3314,1.5759,1.1485,1.403,1.5689,2.6806,1.7365,0.71476,1.2259,1.2157,0.7498,-0.53742,1.1032,2.0005,0.33124,0.81587,-0.43431,1.8486,-0.068991,0.1926,0.58558,1.4222,0.27278,0.19104,0.87436,0.63036,-0.40793,0.12393,0.43371,-0.079258,-0.45925,-0.16483,-0.26613,-0.12307,-0.12077,-0.31448,0.44712,0.091535,0.81396,0.037684,1.2874,0.81458,0.70483,-0.035326,0.026365,0.20578,0.098774,-1.0456,-0.52313,-0.73741,0.73915,0.63326,-0.2911,0.011988,-0.03581,-0.17985,0.51996,0.45901,0.58432,0.58145,0.41638,1.3253,1.061,1.6925,0.51307,2.4735,0.84803,1.6908,0.54838,0.60006,0.28355,1.5669,0.96971,-0.032961,0.7818,1.009,1.0201,-0.28627,-0.18012,-0.23519,0.15628,-0.24959,0.16843,0.4415,1.2914,0.12099,-0.56719,0.71406,0.9776,0.2088,-0.62714,0.44749,0.26485,-0.4648,-0.92198,-0.58185,-0.60201,-0.67637,-1.059,-0.80457,0.53947,0.53157,0.026477,0.40219,0.86352,0.89158,0.3262,0.30429,0.91661,1.3494,2.1581,1.5861,0.83658,0.59723,2.0521,1.3625,0.012169,0.98789,0.80818,0.16641,0.32441,0.23975,1.0181,0.57706,0.60328,0.60028,0.31837,0.88028,0.66161,1.3667,1.3194,0.28687,1.133,0.67679,0.50805,1.0599,0.40457,0.086381,-0.51882,-0.13075,-0.21424,1.0397,-0.45153,-0.51159,0.0084034,0.90877,1.4356,0.55136,0.68023,-0.017139,1.427,1.4386,0.34101,0.48724,0.95244,0.90092,0.24635,0.97238,0.60968,0.47642,-0.27485,-0.614,0.053236,-0.75318,-1.589,-0.50541,-1.2723,-0.7044,-0.58349,-0.79638,-0.94699,0.1039,0.16578,0.22454,-1.2408,0.1567,0.38022,-0.36054,0.37666,0.65327,1.1927,0.24013,-0.093948,0.48622,0.95985,1.2849,0.10178,0.81598,0.48871,1.0213,1.1627,0.70632,1.1283,1.7533,0.77072,0.97585,0.91523,0.34731,-0.038826,-0.15986,0.022614,-0.12852,-0.24734,-0.45012,-1.0618,0.3787,-0.080139,-0.63836,-0.037155,-0.34083,0.70578,0.21938,-1.0084,0.34216,0.7098,-0.13562,-0.8295,-0.078009,0.14515,-0.82884,0.064148,-0.47548,-0.20505,-0.11888,0.69626,0.26749,0.55967,1.3685,1.4267,0.27476,0.47957,0.86875,1.163,0.61055,-0.17794,0.38926,0.54419,0.42348,-0.50397,-0.65079,0.49817,-0.49926,-0.16626,0.27187,0.48729,0.77895,0.33723,0.73074,0.81509,0.78938,1.1417,0.0081807,0.74258,1.0856,0.13808,-0.28817,-0.17522,-0.77502,-0.37414,-1.1655,-0.70104,-0.2125,1.4145,-0.60634,-0.1565,-0.50818,0.44886,1.3337,0.36344,0.019113,1.058,1.0965,-0.14714,-0.037906,-0.43132,0.28457,-0.79552,-0.92088,-1.1909,-0.42886,-0.16733,-1.0425,-1.3931,-0.79641,-0.50002,-1.201,-1.3933,-0.88332,-0.28093,-0.35706,-0.831,-0.73466,-0.66669,0.33312,-0.22184,0.31088,0.09441,0.48535,1.2537,0.74578,0.40385,0.42187,1.8654,0.83331,0.27553,0.13746,0.62111,0.46517,0.56126,0.10563,0.71216,0.34301,-0.93791,-0.27295,-1.0149,-0.55971,0.48344,-1.0172,-0.89167,-0.64911,-0.0044719,0.65043,-1.3589,0.40443,0.55556,0.92961,0.58247,0.6691,0.65966,1.2059,1.4319,1.0265,1.4297,1.0905,1.3679,1.3539,0.68396,1.2319,1.0989,0.46471,-0.11769,0.50009,-0.14494,-0.29023,-0.94147,-1.2365,-0.11461,-0.44148,-0.60608,-0.60352,-0.22606,0.0087658,-0.57792,-0.081494,0.17149,0.11154,-0.77207,-0.42833,-0.30278,-0.52484,0.18168,-0.62462,-0.78795,-0.022536,-0.0031278,-0.87255,-0.85066,-0.49722,-0.27567,-1.3341,-1.0834,-0.48448,0.48388,0.22422,-0.1387,0.27704,0.14486,1.0608,0.18283,0.43137,1.0331,1.226,0.76148,0.97782,0.039051,0.0049762,-0.37518,0.72257,0.60457,0.24746,-0.39174,0.077935,-0.90397,-0.23474,-0.83795,-0.74582,-1.3551,-0.93449,-0.7274,-0.85331,-0.01753,0.55462,0.085657,-0.039425,0.032167,1.0138,0.94021,0.60863,0.51767,0.28549,0.90626,1.1603,0.73235,0.10583,0.18659,1.628,0.53251,-0.049386,0.56561,1.2066,1.2695,0.25698,-0.18991,-0.30608,0.46327,1.9584,0.91646,0.11651,0.45116,0.7364,0.38621,0.086743,0.014708,1.0718,1.4946,-0.21109,-1.0467,-1.6362,-1.4003,-1.1464,-1.8556,-1.6107,-0.59198,-0.95208,-1.2489,-1.0403,-1.0911,-0.47919,-0.68256,-1.1392,-1.2295,-0.72482,-0.15297,-0.17628,-0.58212,0.23191,0.84819,1.3763,1.1456,0.48912,1.3028,0.94615,1.4067,0.065555,0.40331,1.245,1.1715,0.89729,0.84645,1.5945,1.1081,1.4179,0.20784,0.92648,1.2115,0.45389,-0.23393,-0.82438,0.55501,-0.6926,-0.27294,-0.96238,-0.35963,-0.29054,-0.6508,-0.32588,-0.57766,-0.11452,0.25913,0.95228,0.43129,-0.43915,0.63145,1.07,0.31174,0.764,0.80312,0.53883,-1.3717,-0.76831,1.3102,0.51313,-0.59444,-0.79341,-0.67725,-0.64637,-1.8228,-1.2464,0.079878,0.99733,0.42688,0.23342,0.46902,0.73996,0.97769,1.0921,1.2434,1.6941,0.8459,1.4832,1.2028,1.1503,1.0471,0.34008,-0.19619,0.50622,-0.28567,-1.1107,-0.31951,-0.60537,-0.96708,-1.391,-1.3649,-0.47012,-0.90965,-1.4328,-1.6098,-1.1898,-1.0306,-1.3191,-1.144,-0.50412,-0.69237,-0.59982,-0.27648,-0.33582,-0.14395,0.37797,1.6133,0.62333,0.0090153,1.7439,1.1898,0.95134,0.84176,0.28188,1.0721,0.25356,0.97711,0.67113,0.52151,1.1075,1.9911,1.2777,0.21442,0.9026,1.7178,0.972,0.4393,-0.10897,1.0346,0.89698,1.1231,0.62936,0.29101,0.81426,1.0124,1.6902,1.1486,1.0682,1.0536,1.5516,1.2839,1.3821,0.68927,1.6097,1.0642,0.87087,0.70324,1.146,0.04009,1.1067,0.73469,-0.3228,-0.54445,1.1004,0.46209,-0.62888,-0.95721,-0.54129,0.38571,-0.25539,-0.54184,-0.3568,-0.89845,-0.7267,-0.37914,0.15335,-0.29591,-0.37684,0.010249,0.89763,-1.1956,-1.4033,-0.062103,-0.91688,-1.1778,-0.24025,-0.46578,0.18935,-0.17316,-0.46177,0.17761,-0.51984,0.25782,-0.59727,0.80745,1.4824,1.7447,0.21537,1.2212,1.6926,1.3967,1.8231,1.4506,1.4308,1.4916,1.8375,1.9306,1.7909,0.92426,1.4683,0.25463,0.52831,-0.22401,0.18292,0.71283,0.46384,0.2251,0.1355,0.026249,1.0665,1.0452,0.56784,0.094367,1.2366,1.4485,1.3107,0.97317,-0.35435,1.9342,1.7752,0.29982,0.074619,-1.0406,0.56715,-0.18886,-0.56546,-0.86273,0.43356,0.54751,0.013962,-0.85914,0.36019,0.94221,1.324,0.33492,0.22814,0.40889,2.024,0.81176,0.9371,0.42598,0.62538,1.7902,0.49923,-1.0377,-1.1846,0.014214,-0.86764,-0.85292,-1.9636,-1.4995,-1.0797,-1.4625,-1.2767,-1.0762,-1.0766,-0.25082,-0.64352,-0.24415,0.16214,1.4328,1.2092,0.90351,0.35504,1.416,1.0634,1.264,1.4602,0.88827,0.65628,0.55978,0.5647,-0.43276,0.73831,0.73028,-0.32296,-1.0897,-0.78924,-0.047378,-0.36392,-0.64029,-1.5599,-1.6307,-1.2002,-0.27599,-0.23635,-1.0041,-0.22695,0.27807,0.20619,0.41614,0.052346,0.075747,0.99447,1.1848,0.33644,1.427,1.1599,0.85293,-0.18987,-1.1646,0.075961,-0.01462,0.55755,-0.30041,-0.65471,-0.65568,-0.21551,-1.0397,-1.9457,-0.52556,0.39633,0.6782,0.28583,0.55965,0.42372,0.9005,0.60836,0.34484,1.1184,0.1416,0.63891,0.052299,-1.3085,-0.93927,-0.439,-1.0128,-2.2065,-1.5442,-0.34155,-1.088,-1.1024,-0.95624,-1.6075,-1.6074,-0.44342,-0.8959,-1.6867,-0.93875,-0.75824,-0.50194,-0.577,-0.12643,0.027148,-0.32338,0.49447,-0.68926,-0.20844,0.54103,-0.49163,-0.58847,-0.53856,-0.37999,-0.64777,-1.1787,-0.57481,-0.29954,-0.73258,-1.18,-0.72341,-1.0799,-1.3229,-0.99373,-1.1568,-1.1301,-2.0691,-1.6293,-1.1302,-1.4095,-1.1107,-0.96026,-1.0461,-0.5951,-0.012691,-0.26633,-0.3938,-0.52762,0.11784,0.46596,0.85241,0.81959,0.79183,1.731,1.3203,1.136,0.83579,1.7579,1.2484,0.62072,0.6876,1.3563,0.88656,0.82297,0.06394,0.23524,0.90803,-0.0063028,-0.42714,-0.28841,-0.29241,-0.86572,-0.92169,-0.58187,-0.32337,-0.55273,-0.96943,-1.7582,-0.30469,-0.73738,-0.78126,-0.99948,-1.0473,-1.4525,-1.2029,-1.2135,-0.75802,-0.99149,-1.4749,-0.99184,-1.028,-0.8379,-1.5154,-1.1226,-1.4025,-0.67881,-1.5904,-1.7708,-1.3574,-1.0638,-1.1055,-1.5353,-1.6051,-0.26378,-0.16554,-0.11261,-0.64362,0.22548,0.46424,-0.85096,-0.042693,0.3179,-0.83059,-0.70067,-0.21685,-0.20884,-0.11499,-0.58696,-0.36958,0.41482,-0.23309,-0.96986,0.1109
1.6389,1.8843,2.09,2.106,2.3088,2.1161,1.9993,1.8136,1.2525,0.25853,-0.076913,-0.15708,-0.74164,-0.35726,0.22992,0.70839,1.2492,2.0144,2.1479,2.7119,2.737,2.2259,2.282,2.7437,1.5671,0.75996,-0.099465,0.61571,0.88896,0.95323,1.6883,1.2268,1.8535,2.3122,0.82788,1.8013,2.2676,2.5674,2.0562,2.3451,1.7843,2.2847,2.7371,1.6697,1.3309,1.806,1.4134,0.74159,-0.45449,0.5353,0.32205,0.44625,0.053641,0.55871,0.92868,0.49651,-0.11145,0.58729,-0.14016,0.502,-0.064191,-0.17314,0.77224,0.62883,0.53393,0.31325,1.0336,1.2321,1.8632,1.9401,2.5388,3.003,3.8004,3.3774,2.9325,3.3949,3.5817,4.1012,3.3066,2.6563,3.385,3.3852,2.8861,3.4761,3.3194,3.402,2.7235,2.8966,2.8398,2.8426,2.3855,1.8921,1.2998,0.41418,-1.1302,-2.1486,-1.6422,-1.4411,-2.3473,-2.6432,-1.1071,0.40553,0.47533,1.445,1.3418,1.2138,0.68702,-1.0696,-1.0363,-0.45028,-0.84824,-0.58163,-1.0504,-0.90232,-1.2871,-1.8038,-2.3152,-2.2676,-1.5207,-2.0177,-2.0132,-2.4993,-2.623,-2.5664,-3.2745,-3.2453,-3.3815,-2.2499,-2.3381,-2.5485,-1.818,-1.8243,-1.1547,-1.5513,-1.6079,-0.37671,-0.18629,-0.57554,0.042898,0.95888,0.89204,0.76701,0.13784,-0.17251,0.15731,0.24992,-0.54762,-0.73352,-1.1163,-0.81707,-0.27651,-1.6195,-1.7167,-1.178,-1.4103,-1.6165,-1.5714,-1.4253,-1.7559,-1.3393,-2.2618,-1.0443,-0.1391,0.15263,-0.053331,-0.15388,0.6312,0.99808,0.93203,-0.29948,-0.55981,-0.47102,-1.4886,-2.0932,-2.042,-1.0777,-0.91579,-1.1295,-1.3107,-1.8431,-1.1139,-1.7573,-0.80001,-0.028777,1.1407,1.9217,2.1943,2.8691,2.3363,3.4125,3.0328,2.6452,2.413,2.0783,1.3811,1.1387,0.64291,0.67884,0.72967,-1.1723,-1.297,-0.17718,-0.66881,-1.0923,-2.1335,-1.472,-1.8202,-2.2349,-2.555,-2.1158,-1.7238,-2.1895,-2.4556,-1.5335,0.41347,-0.76375,-1.0153,-0.599,-0.48646,-0.14908,-0.20088,-0.10657,0.78017,0.35909,-1.0342,-1.1487,-0.73441,-0.58829,-0.2327,-2.0876,-2.6795,-2.1907,-1.9643,-1.7147,-1.3583,-1.5114,-0.78138,-1.1542,-0.68638,-0.018877,0.57031,1.172,1.3155,1.557,1.5854,1.1867,0.53754,1.1427,1.1826,1.2146,1.412,1.0765,1.8852,0.63021,0.2458,-0.47067,0.20491,-0.6569,-1.3786,-0.18807,0.05958,-0.022764,-1.7879,-0.84546,-0.61793,-0.92807,-1.1385,-0.12227,0.21727,0.96665,0.43249,0.86344,0.68095,0.63229,0.53695,-0.57406,-0.52604,-0.43885,-1.0841,-1.0925,-1.2683,-1.4006,-0.71954,-0.56778,0.30123,0.54647,0.17213,0.75866,0.13586,0.092997,-0.7813,-1.8807,-2.028,-2.1797,-1.4194,-0.86205,-1.9308,-1.9479,-1.2213,-0.9546,-1.4071,-1.7866,-0.34937,0.61523,1.0621,0.90281,0.71207,1.0684,1.3349,1.381,0.92411,1.1385,0.78357,-0.69073,-2.993,-3.6123,-2.7228,-3.0567,-3.6478,-3.1549,-2.448,-2.2019,-2.0225,-2.0692,-1.7616,-1.1246,-1.7462,-1.414,-0.94068,-0.35925,-0.27755,-0.26195,-0.9322,-0.94177,-0.044671,-1.2993,-1.0692,-1.0142,-0.16961,-1.2882,-0.47075,-0.018524,0.46244,-0.0074581,-0.27695,0.37419,0.11397,0.45575,0.0067701,-0.61066,0.051972,-0.96706,-1.8941,-1.9364,-2.0457,-1.8396,-1.24,0.10715,0.054194,-0.25347,-1.4719,-1.2685,-1.1122,-1.5062,-1.9743,-1.4349,-1.1137,-0.63963,-0.8154,0.08897,0.4277,0.86648,0.41706,1.0626,0.88662,0.76141,0.57725,1.6051,0.78806,0.7052,0.69283,0.038948,0.0090741,0.20308,0.48552,0.52228,0.8923,0.92906,1.7617,1.611,0.67427,0.80315,0.89333,0.81089,1.9611,0.68968,0.72757,1.1786,1.5346,1.5926,1.9929,2.9347,3.5371,3.1699,2.9598,2.8526,2.3493,1.8263,0.81591,0.1504,-0.60298,0.39391,0.091365,0.22872,0.5959,0.63642,-0.22382,0.35434,0.12905,-0.002407,-0.87558,-0.75855,-0.74382,-0.36556,-0.62258,-0.69377,-0.24474,0.40279,0.31023,0.34396,0.70549,1.1528,1.9592,1.8791,1.3547,1.1176,0.99403,0.96775,0.0081055,-1.0147,-1.0499,-1.7043,-1.7099,-1.9031,-1.9264,-1.6703,-1.5111,-2.6586,-1.9594,-1.8284,-0.86448,-0.20623,-1.1501,-0.14222,-0.00030748,-1.0237,-1.6016,-1.3736,-1.1707,-0.55832,-0.28055,-0.71949,0.25947,0.43779,0.34311,0.74337,0.26753,-0.21578,-0.51449,-1.2299,-1.1807,-2.6354,-2.1923,-2.8207,-2.3109,-1.7663,-0.73817,-0.50014,-0.034377,0.13595,-0.16106,-0.42329,0.64541,1.0149,0.69107,-0.1097,0.58621,0.84214,0.25483,0.65974,0.71094,0.9057,1.4932,0.694,0.53757,1.0883,1.6558,1.5911,0.96946,1.0606,0.9653,0.72554,1.1312,1.3446,0.79572,1.1677,1.55,1.2831,0.4679,-0.26147,-0.43317,-0.98182,-0.39731,-0.10648,0.1623,-0.12088,1.3507,0.4405,-0.17584,1.2014,0.58895,0.12435,-0.2161,-0.54331,-1.6377,-2.494,-2.5606,-2.478,-2.2386,-3.0873,-1.9936,-0.77035,-0.93695,-0.90937,-0.6947,-0.090652,0.3731,-0.00077603,-0.36939,-0.44233,-0.79349,-1.0266,-0.1215,-0.60612,-1.9646,-1.8393,-2.055,-0.85657,-0.39612,-0.23506,0.83888,1.6461,0.66093,0.33879,0.6596,0.74144,1.508,1.559,1.7113,1.2421,1.4159,1.8643,0.73683,0.75304,0.49646,0.646,0.17911,-0.039211,-0.019567,-0.32145,-0.40664,0.60692,-0.25891,1.646,0.8444,1.4631,1.5128,1.7744,2.17,1.7792,1.614,1.8864,1.4485,1.7428,0.36991,-0.37041,-0.023948,-0.6252,-0.60733,-0.2982,-0.59735,-0.57804,-0.65478,-1.3644,-1.6522,-2.7351,-2.8384,-2.8427,-2.4891,-1.7437,-0.72805,-0.44856,0.60796,0.60469,0.38141,0.93552,1.8597,2.2499,1.5409,1.6729,1.9849,2.0361,1.6219,2.1077,2.1322,2.6433,2.485,1.8978,1.1511,0.99617,1.1966,1.4848,1.1917,0.51042,-0.18849,-0.88055,-1.3739,-2.0884,-1.4701,-0.65163,-0.06931,-0.60372,-0.69013,-0.72073,-0.60066,-1.2992,-1.3386,-1.0493,-0.52026,-0.26227,-0.26708,-0.63587,-0.49049,-0.48494,0.10696,0.0034916,-0.29189,-0.82165,-0.13299,0.30209,-0.41158,-0.2704,0.25905,0.15165,0.3388,0.23355,0.1651,0.27866,0.33611,0.56176,-0.12743,-0.0012926,0.57948,0.96631,0.8973,0.91502,1.7476,1.0281,1.3783,0.88672,0.0074265,-0.13819,0.56959,-0.34636,-1.5625,-1.1721,-1.202,-1.4381,-2.0609,-1.1965,-1.7581,-1.427,-1.0718,-0.8584,-0.50427,0.23042,-0.33363,-0.27176,-0.17733,0.46172,0.20632,0.48751,-0.28286,0.22052,-0.013063,-0.064364,-0.36009,-0.79817,-1.4991,-1.4279,-1.1727,-1.7805,-1.9101,-1.643,-1.1882,-1.6156,-2.3025,-1.3624,-2.0149,-2.4873,-2.2431,-1.3684,-1.757,-1.3008,-1.4554,-1.8599,-2.395,-1.124,-1.8044,-1.6147,-1.6781,-1.7552,-1.6655,-2.0598,-2.8055,-1.8109,-2.1213,-2.4738,-1.7573,-1.4041,-1.1394,-0.92844,-0.75735,-0.12179,-0.21899,0.20449,0.030828,1.3692,2.1999,2.1349,1.2074,1.4333,0.8379,1.4558,1.3863,1.6431,1.5523,1.8217,2.0702,2.2285,1.7594,1.3795,0.70718,0.46421,-0.25903,-0.9206,-0.45984,-0.041175,0.20105,-0.8408,-1.536,-0.89541,-0.77203,-1.192,-2.1917,-1.6923,-1.966,-2.9758,-3.0839,-1.9444,-1.9325,-1.9298,-1.8378,-2.0563,-0.88264,0.38856,-0.24775,0.50955,-0.075548,0.17561,0.019163,0.38291,0.31011,-0.052035,-0.6138,-1.3459,-1.451,-1.4924,-1.4689,-1.1789,-1.2132,-1.5603,-1.1903,-0.4653,-0.54634,-0.20938,0.38217,1.0021,1.5688,1.5339,0.31165,1.1385,0.90907,0.92255,0.32378,-0.0079029,-0.29098,-0.075881,1.0373,0.09345,-0.79039,0.35984,-0.38563,-0.49851,-0.59385,0.087519,-0.66519,-0.21237,-0.60252,-0.94422,-0.98364,-0.62163,-0.56714,-0.47364,0.43759,2.2312,1.026,1.1707,1.317,1.2684,1.8052,1.7079,1.3408,1.027,1.0984,1.1147,1.371,1.3153,1.1567,0.98367,0.72315,0.21402,-0.43708,-0.69247,-1.2574,-1.8045,-2.6085,-2.7752,-3.2538,-2.0895,-1.906,-1.2183,-0.74355,-0.6122,-0.85122,-0.31081,-0.72044,-0.17316,-0.26841,-0.38986,-0.36807,-0.34476,0.93745,-0.30352,0.078405,0.14762,0.60575,0.37664,0.84097,1.7504,0.83268,1.1986,0.88618,0.50615,-0.19129,0.31751,-1.0328,-1.7058,-2.7194,-2.7722,-2.7965,-2.9995,-2.7333,-2.6316,-2.6656,-2.3071,-2.2737,-2.0604,-2.7475,-2.5669,-1.6551,-1.1909,-0.93179,-0.073179,-0.38803,-0.38655,0.41615,0.66102,0.47909,0.30562,0.33068,0.41816,0.14739,-0.31037,0.2032,0.093336,0.5306,0.35168,1.0407,0.92658,2.063,2.3197,1.7341,2.7136,2.1144,2.3635,1.9554,1.297,1.3507,1.2411,1.1948,0.99217,0.26467,0.28244,-0.49747,-1.1104,-1.6197,-0.7755,-0.79823,-0.88262,-0.97523,-0.34431,-0.36645,-0.42464,-0.92203,-1.8605,-1.6759,-2.0555,-1.522,-1.3546,-1.0874,-0.048916,-0.3646,-0.24928,0.19445,0.395,0.9817,0.80787,-1.3019,-1.3302,-0.99553,-0.012462,-0.75006,-0.45308,-0.046455,-0.14319,0.10034,0.30988,0.54509,0.60808,0.93155,0.079096,-1.5857,-1.3653,-1.512,-0.99995,-1.4975,-0.69075,-0.45053,0.21884,-0.1544,-0.85674,-0.52059,-0.50172,-1.0031,-1.8801,-1.4364,-0.19475,0.83429,0.84663,1.5085,1.9461,1.9169,2.8396,3.2524,3.5573,2.8964,3.2297,2.6018,2.4975,2.6617,1.7896,1.5959,1.0514,0.71315,0.71619,0.56483,-0.70681,-1.6465,-2.5676,-3.1532,-2.9303,-3.4223,-2.76,-2.4819,-1.9307,-2.526,-1.9145,-1.2132,-1.4331,-1.7523,-0.96674,0.079858,0.032158,0.85553,0.30735,0.20646,0.89615,1.0149,1.2452,1.1462,1.2944,0.77014,0.82934,2.2933,0.6944,-0.017166,0.036811,0.47424,-0.49379,-0.139,0.14599,0.073979,0.30237,-0.1341,-0.28119,0.38843,0.0067034,0.78024,0.37627,-0.15942,0.1088,-0.10352,0.49947,-0.36538,-1.2842,-1.1582,-0.84105,-2.1758,-2.6,-1.8221,-1.2846,-1.5636,-0.99768,-1.2012,-1.6077,-2.1655,-2.5438,-2.2193,-2.2171,-2.4634,-2.6953,-1.9956,-1.1351,-0.63678,0.91908,0.88494,1.554,2.584,2.3248,2.5321,1.7129,1.8211,1.0037,1.1643,1.4741,1.1346,0.80086,0.52656,0.059465,-0.52764,-0.8719,-0.6664,-1.1981,-0.45597,-0.16608,0.33539,0.87704,1.1907,1.1894,1.2413,2.0851,2.3881,3.0958,2.3846,1.8866,2.5048,2.7914,2.6342,2.0751,1.9402,1.5314,1.8735,1.0158,0.74478,1.7671,0.8727,1.34,1.1223,1.7181,1.2903,1.4576,1.0287,1.0414,0.49481,0.37761,0.30043,0.098307,0.23218,-1.0471,-2.2902,-1.5993,-1.2911,-1.0755,-1.4444,-1.1512,-0.68087,-0.72561,-0.17127,-0.0030071,0.75605,0.064966,0.6801,0.17384,0.14208,0.71256,0.32963,-0.0035646,-1.2336,-1.3112,-0.66266,-0.65664,-0.27517,-0.080723,0.77334,0.5846,1.3041,1.887,1.9564,2.4315,2.016,1.8532,2.4495,1.9481,1.3801,0.70976,0.078366,-0.014275,-0.52511,-1.135,-0.95791,-1.0099,-1.0074,-1.1129,-1.026,-0.8294,-0.46747,-1.0864,-0.36896,-0.17673,-0.1487,0.3544,-0.13425,0.54168,0.29884,1.0505,1.5963,1.6526,1.8403,1.8411,1.8847,2.7499,1.9297,2.4877,2.1425,1.7687,1.6883,2.0579,1.7302,2.2742,2.494,2.4411,2.2765,2.4923,2.6625
-0.44918,-0.57597,-0.69864,-0.6616,-0.31357,-0.1395,-0.46843,0.37632,0.39746,-0.44118,-0.79355,-0.40925,-0.15321,-0.96773,-0.62724,-0.55678,0.20462,-0.46309,-0.017937,-0.36253,0.53299,0.67419,0.21191,0.42038,0.91126,0.89126,0.76018,-0.088658,1.0643,-0.033981,-0.92071,-0.50968,0.18353,-0.20097,-0.24534,-0.93706,-1.1922,-0.2475,-0.29669,-0.65764,-0.32277,-0.2737,0.32417,0.5755,1.0378,0.8412,0.21094,-0.24356,-0.21054,-0.54987,-0.10304,-0.57807,-0.65015,-0.74246,-1.014,-0.45472,0.33885,-0.13876,0.049948,-0.016998,0.64813,0.35543,0.90204,0.16669,0.24439,1.618,1.56,0.65499,0.66221,0.57088,0.53167,-0.00083023,-0.34155,-0.2542,-0.22637,-0.19205,-1.6735,-1.2302,-0.1366,-0.32564,-0.090793,-1.1748,-0.911,-0.5309,-0.73229,0.078202,-0.16529,-0.14407,-0.70903,-0.29198,-0.57262,-0.39304,-1.0063,-0.92098,-0.95543,-0.62727,-0.38636,-0.87185,0.10891,0.22434,-0.8587,-1.1577,-0.56384,-0.74487,-0.99958,-1.244,-0.70754,0.1218,-0.33592,0.15806,-0.03085,0.44237,-0.023356,0.24855,0.017869,0.28879,-0.14196,0.67217,1.0264,1.0074,0.72221,1.23,1.4703,1.0542,0.82281,0.96727,0.66673,-0.018872,-0.35871,-0.31479,-0.11577,0.10222,-0.56714,0.04074,0.67445,-0.017934,-0.23853,-0.1232,-0.21791,0.17739,-0.54508,-0.097791,0.10392,1.1751,0.30316,-0.19931,0.24768,0.01794,0.38244,-0.31361,-0.94084,0.21597,-0.051142,-0.2662,0.11409,-0.12027,0.43567,0.19933,-0.20123,0.14428,-0.27955,0.43573,-0.79463,0.36402,1.1839,0.81096,0.16248,0.45803,0.90057,1.3681,0.8171,0.20133,0.51158,0.48789,-0.13525,-0.52986,-0.1008,0.13267,-0.5166,-0.86432,-0.68202,-0.782,-0.44234,-0.67349,-1.0602,-0.43407,0.065018,-0.28774,-1.2843,-0.62413,-0.36859,-0.81743,-0.2822,-1.5599,-0.36076,-1.3114,-0.36485,-0.27099,-0.04518,0.87047,1.5158,0.68886,0.70186,0.93244,1.1058,0.58792,1.0199,1.6631,1.3801,0.83923,1.1191,1.6162,0.93126,0.99457,-0.19994,0.87642,1.1546,0.33397,0.10981,-0.17933,-0.17742,-0.63591,-0.89038,-1.4581,-0.0059284,0.23519,-0.1229,0.35509,-0.20467,-0.16164,-0.21381,0.074754,-0.10367,-0.37259,-0.49432,-0.44305,-0.63302,-0.8444,-0.64386,-0.64212,-0.54895,-0.28718,-0.31623,0.13963,-0.88333,-0.63161,-0.79613,-0.6962,-1.2535,-0.94669,-0.27872,-0.20245,-0.22093,-0.22998,0.55688,1.6704,0.39258,1.2014,0.63494,0.2778,-0.5964,-0.79376,-0.080886,-0.65281,-1.6147,-1.0728,-0.10243,-0.021364,-1.0769,-0.058733,-0.24499,0.16326,-0.63073,-0.27085,-0.069524,1.0895,1.1497,0.89669,0.48105,0.65732,1.2667,0.89673,0.68553,-0.046324,-0.48526,-0.082668,-0.079256,-0.17558,0.26776,0.57805,0.74827,0.40003,-0.59392,-0.91415,-1.1257,-1.0124,-1.5209,-0.8366,-1.1413,-1.0007,-0.5559,-0.040466,-1.0049,-0.57302,-0.12373,0.014125,-0.73983,-0.95179,-1.3571,-0.23028,-0.51756,-1.1945,-2.0088,-0.628,-0.821,0.81432,0.072746,1.0238,-0.22418,0.4317,0.051324,-0.095489,-0.46726,-0.23913,0.482,-0.22211,-0.3103,-0.62285,0.49368,-0.52477,-0.6755,0.047539,0.055151,1.1468,0.25145,1.0591,1.4477,1.492,1.1464,1.0969,1.8921,0.9567,1.0833,1.0186,0.15441,0.79825,0.12216,-0.14716,0.68888,0.20433,-0.28853,1.2657,0.23121,0.59326,-0.11859,-0.31024,0.73608,-0.29221,-0.37128,-0.2761,-0.55681,-0.023804,-0.40786,-0.032859,0.43944,0.22757,-0.23845,-0.082715,0.4945,0.30599,-0.26878,-0.58708,-0.033268,0.98272,0.53456,0.4215,0.71491,0.56725,0.86262,0.019417,-0.061815,-0.027727,-0.35867,-0.66231,-0.36235,-0.88554,0.63782,0.64028,1.2493,0.57492,1.2445,1.127,1.0359,0.46796,0.25427,1.0681,0.92041,0.66,-0.28382,0.36167,0.14035,-0.5136,-0.73515,-0.84677,-0.42766,-0.56899,-1.2745,-0.74665,-0.37705,0.29369,-0.31004,0.26856,-0.41361,-0.036549,-1.0848,-0.5402,-0.9108,0.6069,-0.10292,-0.32863,1.0321,-0.05073,-0.13569,-0.077242,0.43375,0.52907,0.33373,0.43549,0.54122,0.70643,0.66212,0.1397,0.28592,-0.70053,0.63997,0.23068,0.27625,0.41813,0.90983,0.87022,0.55578,0.063583,-0.23347,0.49542,0.53,-0.49287,0.10248,-0.29476,-0.17457,-1.476,-1.6682,-0.82174,-0.80807,-1.0458,-0.76192,-0.41815,-0.35944,0.50457,-0.53602,0.50347,0.33077,0.92596,0.52521,0.50712,-0.47489,0.86285,0.60702,0.24447,0.40447,0.072845,0.34272,0.37661,0.079513,-0.63273,-0.96399,-0.35428,-0.49636,-0.30023,0.68284,-0.2144,0.26832,1.591,1.0283,0.012371,1.2475,1.4804,0.20622,0.25412,1.3237,-0.24733,0.48776,-1.0211,-0.8904,-0.4535,-0.34167,-0.21662,0.11308,-0.23783,-0.29714,0.2506,0.5112,-0.10018,-0.80732,0.56488,1.512,2.0113,0.49179,1.0915,0.7568,0.76438,0.081722,0.010596,0.0012443,-0.56774,-0.5299,0.10681,-0.31549,0.081205,1.0354,0.32213,0.25053,0.17569,-0.0070877,-0.25953,-0.062266,-0.30231,0.10824,0.2103,0.46824,-0.62951,0.41694,-0.41895,-1.0654,-1.3061,-0.60624,-0.97615,-1.3434,-1.3232,-0.53774,-0.36372,0.16873,-0.69993,-0.70461,-0.12918,0.26262,-0.32659,-0.63703,-2.089,-0.83689,-0.19333,-0.11549,-0.38625,-0.65814,0.81249,0.61728,1.0499,0.28867,0.57349,0.80707,1.1819,-0.14598,0.22447,0.2977,0.82382,1.0326,0.75878,1.4617,0.59533,-0.085687,-0.29145,1.1191,1.2652,0.19258,-0.87329,0.66708,1.5144,0.98641,1.0004,1.1703,1.3814,1.5263,1.0459,0.99868,1.5672,2.3022,1.6411,1.5017,1.5256,1.6931,1.8359,1.0899,0.96323,1.2487,1.3632,0.76322,-0.17235,-0.78536,-0.17694,-0.50899,0.26346,0.11193,-0.1617,-0.87502,-1.0761,-0.87151,-1.1594,-0.38307,-1.0558,-0.79888,-0.56011,-0.19378,-0.99144,-1.1199,-1.0907,-0.24807,0.92528,-0.45773,-0.37751,-0.44238,-0.21265,-0.36027,-0.58225,-0.22406,0.14948,-0.41135,-0.49191,-0.4146,-0.37207,-1.0486,-0.97089,-2.1354,-1.4411,-1.7535,-1.7502,-1.6024,-1.0955,-0.68076,-0.33005,-0.13774,-0.69194,0.089699,-0.0019307,0.031791,-0.064847,-0.29678,-0.25218,0.61388,0.45808,0.13516,-0.016519,0.45366,0.56482,0.81355,0.023353,0.32292,-0.18813,-0.46454,0.21046,-0.081382,-0.3652,-0.36756,-0.39933,-0.1168,-0.036387,0.048718,0.42063,0.56777,-0.26133,-0.65831,-0.28007,-0.0095172,-0.11887,0.15451,0.66048,0.72506,0.50477,0.55709,0.16179,0.47898,-0.13762,-0.43056,-0.12815,-0.83537,0.20783,0.55581,-0.3553,-0.29234,0.32256,0.31769,0.076936,-0.38189,-0.22099,0.062068,0.18052,0.31628,0.38692,0.79764,1.0242,-0.14282,-0.30537,-0.66788,-0.34495,-0.71303,-0.84633,-1.2346,-0.8699,-0.56369,-0.66752,-0.74238,-1.3452,0.05722,-1.1997,-1.1144,-0.40023,-0.0019748,-0.33187,-0.33086,0.38573,1.8519,1.3326,0.37926,0.35143,0.13626,0.12496,-0.83148,-1.3407,-1.0224,-1.2169,-0.8769,-0.58496,-0.83012,-0.57324,-0.46826,-0.57754,-0.17419,-0.55356,-0.58564,-0.17035,0.24715,-0.24235,0.14092,0.42968,0.85695,0.33482,0.44944,-0.14745,0.57897,0.76447,0.74656,0.49372,0.67829,0.76843,0.74216,-0.025506,0.41453,0.31566,-0.38509,-1.2553,-1.0456,-0.79377,-0.3732,-0.88351,-1.9502,-0.52581,-0.6095,-0.68713,-0.63645,-0.38712,0.22282,-0.67915,-0.031498,-0.75464,-0.41658,0.22625,-0.10887,-0.085576,0.46635,-0.30454,0.034821,0.16926,0.098034,0.60016,0.63316,0.92119,1.4573,1.8322,1.9613,1.7586,1.0201,0.54979,0.10289,0.37804,0.23029,-0.79849,-0.36657,0.22434,1.3336,0.972,-0.97901,-0.47733,1.167,0.12506,-0.54024,0.38183,0.79393,1.0867,0.3999,-0.10692,1.0258,1.3532,1.0905,0.17144,-0.03944,0.26829,0.096315,-0.72302,0.039973,0.038928,0.32872,-0.30435,-0.64268,0.29328,-0.47974,-0.31953,0.19967,-1.1733,-1.1219,-0.93759,-1.2165,-0.11738,-0.6977,-0.58271,-0.088838,0.43015,0.33814,0.46546,0.06199,0.57251,0.56452,0.27202,0.65929,0.16145,0.67006,-0.13915,-0.12875,-0.1484,0.72443,0.23463,-0.49872,0.0031956,-0.39294,-0.84111,-1.0838,-0.38266,-0.4889,-0.86245,-0.53624,-1.139,-1.1114,-1.2235,0.06798,0.29124,0.83335,1.1805,2.0303,0.44784,0.98779,0.058127,0.93309,0.26027,-0.018081,0.71163,1.5431,0.9324,1.5197,0.9634,0.82238,0.00021296,0.46062,-0.33551,-0.45349,-0.44376,-0.7133,-1.1792,-0.50007,-0.59127,-0.13113,-0.7466,0.20467,0.22089,0.39555,0.14571,-0.34714,0.026077,0.090957,0.28532,-0.65197,-0.93761,-0.31993,0.18855,-0.80694,0.15344,-0.21165,0.58774,1.0858,-0.017241,0.22669,0.17532,0.011451,-0.15835,0.24693,1.0998,1.7515,1.5802,0.8333,0.26404,0.66325,0.44433,-0.1189,0.23853,-0.18405,-0.24294,-0.60922,-1.1075,-1.3925,-1.0002,-1.0767,-0.89597,-0.51478,-1.0038,-0.29298,-0.42632,-0.92952,-0.77436,-0.91075,-0.5229,-0.26364,-0.38483,-0.33586,-0.34468,0.30848,0.67932,0.19705,0.3423,0.73152,0.59007,0.26092,-0.64074,1.2045,0.093428,-0.64777,-0.72875,-0.24037,-0.33232,-0.10741,-0.64532,-0.11232,-1.2659,-0.47828,-0.44593,-0.48769,-0.22121,0.8093,0.58853,0.97679,2.6751,2.1065,1.9315,1.3771,1.1792,1.5801,1.3766,0.80653,0.58475,-0.14265,0.58436,0.38968,0.52306,-0.70098,-0.43253,-0.45995,-0.92024,-1.1009,-0.38215,-0.32442,0.94561,0.47105,1.0427,1.0472,0.63781,0.53171,0.97036,0.60404,0.19062,0.71237,0.13518,0.091578,0.50463,0.16795,-0.50006,-1.1843,-0.80038,-0.67388,-0.82752,-1.0334,-0.89081,-0.61893,-0.11795,-0.75311,-1.0374,-0.24772,-0.21602,0.10885,-0.97224,-1.3263,-0.9305,-1.0093,-0.15389,-0.43649,0.47769,0.032376,0.24143,1.0936,0.42898,0.35986,1.6789,1.0319,-0.26027,-0.13189,-0.32336,-0.005585,-0.37353,-0.83473,-0.44663,-0.65458,0.7767,-0.012441,-0.55956,0.26083,-0.033706,1.3274,0.96707,1.4445,-0.58743,-0.56995,-0.15563,-1.1091,-0.30762,-0.32561,-0.60332,-0.39851,-0.83015,0.082133,0.64022,0.28976,-0.12473,-0.57906,0.38304,0.0029776,0.1281,0.12212,0.13898,0.14177,0.6838,-0.074045,1.3936,1.0548,2.2963,2.1915,0.66671,0.63498,1.0746,1.3908,0.91121,0.19403,1.6091,1.326,1.1221,0.9287,1.092,1.3472,0.24169,0.20286,-0.80928,-0.58975,-0.24179,-0.17134,-0.68683,-1.4537,-1.1565,-0.85886,-0.02961,-0.61456,-1.1669,-0.68936,-0.48647,-0.03537,-0.95106,-0.20801,-0.56895,0.38529,-0.20243,-0.75219,-0.66829,-0.42503,-0.179,0.92474,0.0036341,0.6257,0.024495,0.23595,-0.32719,-0.042461,-1.1818,-0.46397,-1.0305,-1.1706,-2.0416,-1.8764,-1.1703,-0.84414,-1.5154,-1.7796,-0.89275,-0.47661,-0.23908,-0.26318,0.16993,0.50675,0.73633,0.51961,0.35497,-0.34112,-0.39272,0.069446,0.25121,-0.12091,-0.18674,0.079147,0.40567,0.11379,-0.42297,0.035027,0.14778,-0.01773,0.61035,0.51898,-0.23387,0.19511,0.89394,0.89691,0.025451,0.51334,0.67325,0.011601,0.61889,0.70183,0.069794,-0.23696,-0.13897,0.22622,0.088679,-0.49997,-0.09783,-0.0092871,-0.13899,0.37599,-0.67975,-0.48819,-0.32448,0.78073,-0.072497,0.29824,0.82969,1.1337,1.075,0.96291,0.43679,1.2524,0.022378,0.62356,0.34456,0.41872,0.38083,-0.25409,-0.40005,0.022988,0.10159,-0.96222,-0.57485,-0.55679,-0.23984,-0.98438,-1.0965,-0.55112
0.19837,-0.52999,-1.2266,-0.77406,-0.72482,-1.2832,-1.1499,-1.5829,-2.2957,-1.218,-1.9617,-1.4659,-0.6061,-1.2155,-1.5222,-0.84912,-0.77286,0.10163,-0.38027,-0.29592,0.032522,-0.25402,-0.71459,-0.30119,-0.27557,-0.2684,-0.97656,-0.11994,0.30549,-0.36606,-0.59414,0.32915,0.26949,-0.50504,-0.20263,0.40844,0.63736,0.3935,-0.28529,0.35246,1.0127,-0.175,-0.5801,-0.41471,1.5112,1.7566,-0.10539,0.54007,1.9748,1.2625,0.54089,0.85187,1.3281,0.71486,0.78754,0.2928,0.902,0.88549,-0.34584,0.22566,0.16292,0.4328,0.5235,-0.45715,-0.41074,1.1303,0.75152,-0.49729,-0.1598,1.0692,1.2145,0.5044,0.88232,0.89806,1.2877,0.45908,-0.16333,0.37823,-0.54016,-1.0802,-1.482,-1.959,-0.59828,-0.91402,-1.4494,-1.0694,-0.53358,-1.081,-0.90058,-0.85205,0.37788,-0.97914,-0.87423,-0.73508,0.17652,0.15488,0.27412,0.055719,-0.7278,-0.29598,-0.099346,0.5734,0.19973,0.847,-0.36753,-0.30413,0.78053,1.1053,0.013156,0.17057,-0.32028,-0.17107,0.29075,0.090561,-0.26419,-0.14318,0.50895,0.62792,-0.46729,-0.30095,-0.016757,0.48616,-0.19949,-0.20817,1.0303,0.60601,0.2814,0.064184,-0.5667,0.64617,0.23174,-0.14326,-0.17783,-0.052082,-0.41607,-0.73679,-1.3108,-0.091406,-0.67346,-0.32952,-1.5582,-0.50008,0.45652,1.1433,0.055967,-0.20305,-0.020577,0.010591,-0.57727,-0.1106,0.26499,0.53786,0.70868,0.16323,0.34345,-0.4401,-0.73483,-0.19131,-0.44523,-0.51966,-0.33709,-0.55171,-1.6685,-0.53169,0.56365,-0.091599,-0.98699,-1.8469,-0.97163,0.35219,-0.62074,-0.35173,-0.41767,-0.0022101,0.12756,-0.4307,0.017727,-0.16729,0.35273,-0.43789,-0.86975,-0.18965,-0.61878,-1.0026,-0.31735,-1.0673,0.10918,-0.63305,-1.2299,-0.45522,-0.12401,0.30725,-1.0638,-0.089904,-0.42708,0.4349,-1.3499,-1.0835,-0.099162,0.43381,0.085918,0.77138,0.099512,-0.09853,1.0165,0.1421,0.014015,-0.20766,0.40457,0.096283,-0.79052,-0.57581,-0.094816,-0.10107,-0.52967,-0.070324,-0.19184,-0.32861,-0.7869,-0.42625,-0.041847,-0.068733,-0.62603,-0.20385,0.30516,1.1346,0.9406,0.25373,-0.27178,1.2271,0.73533,-0.71822,0.38862,-0.61974,0.077687,-0.78513,-1.0663,-1.269,-0.8679,-1.1479,-1.0746,-0.91961,0.19381,-0.51496,-0.62988,-1.5791,-0.20283,-1.1524,-1.052,-0.72192,-0.083682,-0.13491,-1.006,-1.5354,-0.024315,-1.6997,-0.94407,-1.3343,-0.45041,-0.23803,-0.021192,-0.26034,1.9224,0.81713,1.4259,-0.44812,1.4927,1.2731,0.83963,0.77799,0.7359,0.88676,-0.0012515,-0.075992,0.308,-0.15024,-0.1249,0.23463,-0.39024,0.06381,0.24369,0.48248,1.5826,1.2195,0.069832,-0.03161,-0.17224,-0.53491,-0.87774,-0.77055,-0.64854,-0.019779,0.079059,-0.36432,-0.13694,-0.39076,0.28123,-0.081964,-0.23698,0.020497,0.15768,0.53978,0.8599,-1.5369,-1.1319,-0.73218,-0.9723,-1.2806,-0.96761,-0.76929,-0.69418,-1.3276,-0.18084,-0.60574,-0.11115,-0.38071,0.19567,-0.45997,1.0567,0.32693,0.38203,0.82042,-0.32712,0.19255,-0.41456,-0.12353,-0.66944,-0.3504,-0.7678,-1.391,-1.6377,-0.90242,-0.22892,-0.55701,-0.85592,-1.1126,0.027093,-0.71509,0.18277,0.50399,0.66922,0.38142,0.59854,1.0595,1.1046,0.71958,0.92536,0.30843,0.20499,0.26938,0.47365,-0.43241,0.46135,-0.83891,0.37443,0.096947,0.28354,-0.31036,0.68343,0.81112,1.4093,0.15768,0.023848,-0.39942,0.69399,0.79555,-0.1371,-0.36259,-0.056417,0.74928,-0.49638,0.48433,-0.71317,0.066381,0.014877,-0.24804,-0.7224,0.2658,0.281,0.17823,0.29992,1.1412,0.71496,0.9761,1.2524,0.71007,1.6147,1.1575,0.61082,0.59643,0.1447,-0.59624,0.32103,-1.1224,-0.58647,-0.65754,-0.40064,-0.81478,-0.62146,-0.47002,-0.89206,-0.5665,-0.91237,-0.12698,-0.10536,0.61637,0.52194,-0.22031,0.77615,0.42427,-0.42468,-0.68807,-0.65317,-0.36219,-0.94696,-0.73601,0.11325,0.75199,-0.47998,0.55715,0.25853,1.1189,0.34483,0.61091,0.57339,0.91315,0.97323,0.52399,1.0327,1.6444,0.86265,0.81092,0.16377,0.43226,0.035363,-0.0597,-0.2512,-1.1952,0.28152,0.4512,1.026,-0.19944,0.1287,0.79356,0.40342,-0.61332,0.24855,0.13507,0.40932,0.17682,0.98902,0.45354,1.1599,-0.4288,0.43074,-0.011135,0.15276,1.06,1.042,0.47599,0.42835,-0.071531,0.33601,0.16542,-1.1678,0.16074,0.12746,-0.3723,-0.37224,-0.70664,0.46225,0.6351,0.81279,0.49448,0.97605,1.8387,0.60308,0.48337,1.1875,1.4074,1.2812,0.45374,-0.90781,-0.81572,0.087198,-0.10244,-1.0273,-1.153,0.28577,0.91595,1.0573,-0.022025,-1.1846,-0.3668,0.0049193,-0.56314,-0.42945,-0.31911,-1.1814,-0.6963,-0.97724,-1.2402,-1.0105,-1.7477,-0.87151,-1.1195,-0.91409,-1.3175,-0.39775,0.39443,0.6388,0.91245,0.74641,0.86245,0.30948,0.12218,-0.62324,0.6499,0.54378,-2.0767,-1.0628,-0.42827,-0.28605,-0.88381,0.75619,0.26941,0.53437,0.37353,-0.35647,0.28702,0.63736,-0.022171,0.10239,-0.31601,0.50707,0.9691,0.75933,1.308,1.205,-0.14472,-0.18071,-0.8365,-1.1435,-0.8713,0.56167,-0.33262,-0.5293,-1.07,-0.54456,-0.35565,0.18516,0.65448,-0.46807,-0.053406,-0.24854,1.2574,0.92285,0.96559,0.043344,0.19605,-0.38972,1.0593,0.90311,1.001,0.17147,0.12148,0.79424,1.5496,-0.21247,0.029208,0.37717,1.0626,0.67913,-0.027824,0.099894,-0.034408,0.7846,0.27945,-0.52429,0.12327,0.10834,-0.19698,-0.2019,0.19854,0.70212,0.80113,1.3683,0.5294,0.64499,0.37219,0.22492,0.76973,-0.14078,0.35019,0.32722,0.23782,1.6821,1.412,0.32435,0.84329,0.39535,1.0466,1.0834,1.1376,0.86757,0.86767,1.2463,0.79133,0.47102,0.87896,0.49224,-0.018957,-0.43613,0.079876,0.10734,0.19152,0.96914,-1.283,0.80114,0.54464,0.067519,-0.013247,-1.4748,-0.28976,-1.3298,-1.1427,-0.39678,-1.4396,-0.53002,-0.57856,-0.50678,-0.096191,-0.43538,0.060154,0.02959,0.022907,0.29516,0.57866,1.0318,0.80979,0.25038,0.91749,0.60251,0.11643,0.23112,-0.63133,-0.47001,0.030324,-1.137,-0.77932,-0.19793,-0.22664,0.12585,0.88007,0.94637,1.2972,1.4969,1.9925,2.5597,2.3714,0.66543,1.1295,-0.1891,-0.028054,-0.22916,0.017086,0.48384,0.1011,0.53158,-0.6189,0.93487,-0.58114,-0.16937,-0.35762,0.75507,-0.8045,-0.46146,0.0278,0.17923,0.99927,0.95622,0.63513,1.5113,1.2451,1.8466,1.3564,0.65948,0.71084,0.39434,1.3089,-0.14477,-0.31538,-0.19866,-0.69785,-1.5692,-0.56006,-1.9618,-0.34516,-0.61676,-0.62361,-0.70786,-0.21548,0.35497,0.32202,0.59281,1.2213,1.1323,0.58781,0.29458,0.73296,1.0231,1.0403,0.81763,1.1552,0.45105,0.41154,0.07918,-0.65332,-0.53887,0.34435,-0.75165,-0.28419,0.51308,0.61369,0.18069,-0.60155,-1.594,-0.04157,0.030875,-0.16115,-0.64949,-0.1902,-0.35505,0.46332,0.14127,0.1332,1.2377,0.48776,0.44895,1.3014,-0.67927,0.37258,-0.4478,-1.0165,-1.0807,-0.67944,-1.4233,-0.44706,-1.4049,-0.83852,-0.37242,-0.15455,-0.784,0.16989,0.67813,0.5512,0.88903,0.17575,-1.0268,0.62073,0.92612,0.27686,-0.012641,-0.1411,0.3065,0.92054,1.0326,1.8849,0.75291,1.8296,0.87281,0.50908,0.12096,1.1206,0.95738,0.88851,1.3743,0.13147,0.29722,0.16095,-0.13293,-0.24027,-0.36826,-0.88685,-0.51838,0.054202,0.25147,0.3608,0.92925,1.3334,1.2201,1.1518,0.7856,1.0853,1.3742,0.87513,1.0546,1.6838,0.4145,0.46649,0.40466,-0.24865,-1.1184,-1.7449,-1.0489,0.9942,1.1876,0.72566,0.23869,1.2939,1.0817,2.2869,1.0065,0.75426,0.27986,-0.057125,0.21182,-0.3838,0.46461,0.45769,1.5005,0.55424,0.14185,0.30147,1.683,-0.25791,0.18035,0.36841,-0.17343,0.16231,0.10861,0.14993,0.24194,-0.53372,-0.07549,-1.1914,-0.4438,-0.8006,-0.46766,-0.57021,-0.85854,-0.69019,-0.27236,-0.20035,-0.36887,0.16552,0.55964,0.73865,0.66197,0.78819,1.9083,1.9828,0.13673,0.32377,0.4709,0.24904,1.4109,0.59054,-0.10107,0.13152,-0.10661,0.38386,-0.19606,-0.12421,1.1952,1.3902,1.3686,0.6866,1.0461,0.23861,0.93248,1.1475,0.87447,-0.034699,-0.38061,-0.010911,1.576,0.47424,0.66281,0.71425,1.0123,0.98332,0.71526,0.51556,1.1797,0.92346,1.1791,1.2891,0.4971,0.65549,1.8497,1.6887,1.3969,1.486,0.9995,-0.18642,0.038941,-0.82389,-0.40022,-0.47663,-1.9361,-1.6516,-0.52796,0.1956,0.54944,0.20709,0.086657,0.1947,1.3389,1.2446,0.90637,0.6937,0.70892,1.2003,0.47143,0.045934,-0.77313,-1.2351,-1.7401,-1.9049,-1.0636,-1.3543,-1.0221,-1.2283,-0.3818,-0.28134,0.51968,0.85625,0.6966,1.1679,0.92965,0.2765,-0.45053,-0.40786,-0.2315,0.25553,0.65895,0.20777,0.94872,0.69236,0.86739,1.3182,0.48513,-0.5098,-0.38908,-0.74212,-0.83813,-0.16157,0.15799,1.4309,0.48727,0.72454,0.66549,0.72035,1.0457,0.98673,0.61341,0.49351,1.1403,1.3499,1.6954,-0.98617,0.23151,-1.1364,-0.87484,-1.0578,-0.81112,0.36526,0.44528,1.4864,1.1501,0.68685,0.26851,0.1587,-0.47528,1.0255,-0.32707,0.14315,-0.096505,0.18221,0.17457,1.7477,0.53801,0.37088,-0.27908,0.64972,0.53573,-0.19822,-0.76897,-0.32665,-0.76928,-0.99667,-0.6638,-1.6853,-1.1596,-1.2016,-1.2392,-0.88031,-0.57551,-0.47318,-0.03465,0.0010039,0.9099,0.83433,0.51402,0.80376,1.0057,0.54937,0.047587,0.31914,0.25345,-0.23225,1.6168,0.17992,-0.041797,0.82845,-0.72705,0.38628,-0.25649,0.16731,-1.1027,-1.4432,-1.1897,-1.9147,-1.1827,-1.4442,-1.7686,-1.0475,-1.1667,-0.12793,0.884,0.10531,-0.59741,0.039691,0.30461,0.96308,0.2926,0.32216,0.19453,-0.3329,0.010103,-0.63857,0.23725,-0.30398,-0.25719,-0.9638,-0.72861,-0.56197,0.45911,-0.43417,-0.9153,-1.1315,0.43989,-0.086073,0.89866,-0.24316,0.52059,-0.16192,-0.4835,-0.47633,-1.2303,-1.4323,-0.79615,0.2543,-0.010745,-1.0615,0.19818,-0.89845,-1.199,-1.1782,-0.52706,-0.49374,-0.27947,-0.70134,-1.381,-1.5895,-1.599,-0.95291,-1.2767,-0.88834,-0.80282,-0.14873,0.49952,-0.023087,0.28069,0.8203,1.0794,1.2586,1.2201,1.0139,0.40657,1.1456,0.86843,0.17266,-0.90138,-1.0135,-0.30389,-0.90292,-0.55368,-0.56404,-0.42245,0.38098,0.65057,1.0543,0.38042,1.2008,1.0055,0.9733,-0.25108,-0.83459,-1.0439,-0.55346,-1.4892,-1.448,-1.0954,-1.885,-1.8364,-1.644,-1.7249,0.10989,-0.4382,-0.38423,-0.57376,-0.19793,0.30864,0.28335,0.65204,0.37316,0.0024256,-0.088123,0.56709,0.38722,0.38787,-0.26436,-0.90141,-0.55059,-1.2222,-0.75617,-1.0078,-1.4609,-0.49289,-0.80368,-1.056,-1.0951,-0.64835,-0.31951,-0.86586,-0.077383,-1.3838,-0.45562,-0.4087,-0.73671,-0.92352,-0.25732,-0.5692,0.072754,-0.028391,-0.068533,-0.57343,-0.51778,-0.65247,-0.3117,-0.77572,0.019263,-0.3095,-0.5147,0.57009,-0.2412,-0.57503,-1.3052,-0.57792,-1.1884,-1.3141,-0.6149,-1.0706,-0.45132,1.373,0.92923,0.90872,0.16041,0.013017,0.80881,0.49232,-0.035227,0.36332,-0.90005,-1.0964,0.27704,-0.65116,-1.3753,-0.90257,-0.4694,-0.22785,0.0015294,-0.11857
0.61287,-0.22651,-0.002532,-0.63226,-0.042953,-0.20151,0.11018,0.011103,-0.7426,-0.12751,-0.29869,-0.41729,-0.39362,0.64409,-0.45782,0.036628,-0.02746,-0.42959,-0.30233,-1.4197,-1.4298,-0.67032,-0.4397,-1.7198,-1.6684,-0.55865,0.29852,-1.1348,-0.71018,-0.81236,0.10723,-0.7686,-1.1576,-0.26129,-1.3869,-1.4539,-1.3385,-0.86425,-0.14865,-0.82383,-1.1999,-0.39188,-1.1479,-1.0385,-0.4781,-1.7671,-0.71148,-1.6948,-0.73925,-1.2183,-0.52156,-1.7411,-0.80489,-0.82186,-1.8737,-1.4667,-1.5081,-1.0804,-0.83496,-2.2064,-1.9266,-1.4669,-0.63218,-0.52755,-0.47195,-1.9192,-1.1913,-1.0267,-1.2282,-1.6116,-1.4222,-0.74136,-0.65328,-1.0287,-0.97306,-0.79864,-0.14319,-0.90835,-0.62333,-1.0174,-0.35605,-0.28959,-1.7449,-0.78722,-0.28214,-0.8407,-0.85597,-0.56608,-0.48143,-1.1676,-1.6288,-2.0871,-1.0541,-2.1713,-1.314,-0.87344,-0.019516,-1.4307,-1.0186,-1.375,-0.68545,-1.5563,-1.2793,0.24568,-0.94248,-0.72827,-0.41269,-1.1951,-0.01536,-1.2174,-1.2988,-0.50363,-0.46903,-0.83468,-0.47058,-0.75636,-1.1925,-1.1101,-0.55027,-0.47951,-1.1562,-0.71063,-0.51989,-0.69948,-0.57187,-1.2866,-0.72802,-1.0999,-0.78488,-0.80263,-0.71561,-1.303,-1.8572,-0.99488,-0.042737,-0.60251,-0.59899,-0.75784,-0.68674,-0.38878,-0.47031,-0.036712,-0.45817,0.30347,0.19815,-0.66148,0.013464,-0.15568,0.050748,0.18612,-0.74941,-0.69147,0.15637,0.066893,-0.88842,-1.3465,-0.2965,-0.58235,0.2653,-0.00044727,-0.68818,-0.070228,0.65046,-1.0665,-0.75416,-0.017998,-0.86354,-0.42482,-0.7102,-0.87939,-0.48594,-0.67937,-0.33831,0.13409,-0.49762,-0.29245,-1.1821,-0.93469,-1.3943,-0.52358,-0.98475,-0.064509,0.18,-0.16058,-0.53345,-0.062054,-0.41935,0.47247,-0.10778,-0.34556,0.62949,0.15485,-0.074467,0.12778,0.41295,0.36475,1.0113,0.92786,-0.33439,-0.29784,-0.28569,-0.65979,-0.92232,-1.9511,-1.0813,-0.82857,-1.5034,-0.92372,-0.54294,-0.49602,-0.2138,0.41214,-0.26209,-0.036542,-0.74366,-1.3649,-1.3508,-1.0898,-1.491,-0.72682,-0.62038,-1.2463,-0.79413,-1.3033,-1.1025,-0.70924,0.27432,0.65751,-0.33705,0.48447,-0.48025,-0.82602,-0.96055,-0.49953,-0.23042,-0.53198,-1.074,-0.04338,-0.99895,0.64478,-0.78244,-0.28475,0.094192,0.51819,-0.23735,0.35692,-0.67836,0.12084,-0.65717,-0.65018,-0.37591,-0.39669,-0.41798,-1.0513,0.63826,-0.58395,-1.744,-0.25918,-1.1604,-1.172,-0.78499,-0.21443,0.42787,0.26058,0.45253,1.9448,1.1351,0.32444,0.28053,-0.10284,0.28175,-0.56609,-0.276,-0.26811,-0.48885,-0.90947,0.083444,-0.50131,-0.16202,0.11405,-0.66399,0.1006,-0.023785,-0.49875,-1.0681,-0.30198,0.3589,-0.60751,0.30455,0.38084,0.11039,0.14227,0.46096,0.064909,0.36464,-0.14047,0.024929,1.1121,0.54237,0.71529,1.6093,0.44579,1.3634,1.3478,1.1645,2.1633,0.99554,1.4651,1.2287,1.8194,1.0135,0.75673,1.4666,0.76146,0.8633,-0.10663,0.66647,-0.28606,-0.44199,0.35945,0.21207,0.51759,0.37778,1.3824,0.36526,0.77998,0.61848,0.51425,1.0019,0.90263,0.99251,0.46766,-0.11405,0.25591,0.51233,0.23239,-0.084781,0.58327,1.137,0.20651,0.19963,0.80503,0.44619,1.4215,1.1924,0.78638,0.99431,0.70705,1.483,1.4748,0.33069,1.3486,0.67525,0.75875,0.66003,0.22259,0.74335,-0.039413,0.1783,-0.52022,0.33322,0.83797,1.1237,0.586,1.1022,1.0506,1.8146,1.0614,0.57468,0.88504,0.77631,0.52389,0.60351,0.34361,-0.37665,-0.49551,0.94522,0.57349,0.37484,-0.79091,0.69821,0.65728,-0.2068,0.26423,-0.21922,1.0331,0.20753,0.37508,0.57657,0.56305,0.32344,1.2142,0.42223,-0.52322,-0.14535,0.31878,-0.53134,-0.4196,-0.48502,0.0023409,0.32637,0.49859,0.3235,0.21581,0.6746,0.3547,0.88965,1.0538,0.49768,1.4547,1.3859,1.123,0.45222,1.3636,0.80518,1.3277,0.94469,1.0053,1.1955,0.013811,-0.50265,0.12475,-0.28168,0.19321,0.35333,0.68029,-0.028992,0.29133,0.94274,0.14421,0.23518,0.47524,-0.74349,0.093888,0.029925,-0.34657,0.15471,0.2184,0.055892,-1.3345,-0.49392,-0.25693,0.067158,-0.40095,-0.018673,0.77429,-0.11462,0.63347,0.27307,0.49285,0.82889,0.73675,0.71895,0.037833,0.43054,0.94752,0.25019,-0.10703,0.78691,0.035305,0.27857,-0.13504,-0.30325,0.50237,0.44681,0.24902,-0.25535,0.42185,0.97713,-0.34368,-0.0088435,-0.14097,0.7063,0.64333,0.92447,0.13495,0.89008,0.62657,0.7483,0.98795,0.2242,1.3552,0.27005,1.0329,0.7451,1.4978,1.9617,0.75875,0.23576,0.70342,1.2988,0.78012,1.6159,1.6817,1.1721,0.91956,2.1036,1.1112,1.6866,0.26226,0.0098438,0.42197,0.57911,0.55184,0.79383,0.44954,0.58926,-0.060867,0.71881,0.52833,0.90994,0.52653,0.69606,0.1314,0.5067,0.057137,0.86282,-0.090035,1.0916,0.63336,0.65966,0.66221,0.95943,1.7001,0.47664,1.2293,1.0199,0.36607,0.69394,0.45493,1.0019,-0.045153,0.79006,0.94049,0.57006,0.36581,0.41843,0.6048,0.50651,0.3264,0.3467,-0.55311,0.60929,-0.3073,0.91339,0.34481,1.6659,1.3611,1.4538,1.1036,0.78461,1.3621,1.3934,1.2145,1.6984,0.64699,1.463,0.95079,0.16675,0.060524,0.73428,-0.12866,-0.54124,-0.42621,-0.17781,1.1611,0.50197,0.68365,1.02,1.5476,1.4617,1.0125,1.1872,0.80632,0.7741,1.505,0.67398,1.036,1.2073,1.1934,0.53796,0.32756,-0.1703,-0.34878,-0.36692,-0.33684,-0.7597,-0.59732,0.0055736,-0.11405,0.19666,-1.1325,-0.81863,0.035374,-0.76988,0.79487,1.1153,0.77774,0.93613,1.0831,1.0708,1.0326,1.2552,0.67678,1.4157,0.53917,-0.15555,0.56272,0.44209,0.36625,0.60419,0.053454,0.91957,-0.019982,-0.056236,-0.93864,-0.7478,0.26101,0.024644,-0.47425,-0.28462,-0.80947,-0.89265,0.29225,0.031076,0.018922,-0.12949,0.2322,0.44766,0.84177,0.46393,0.68621,1.0322,1.3789,1.2574,1.2674,1.1105,1.4585,1.3494,0.84493,0.41365,1.3997,1.3903,0.14547,-0.17532,0.42109,-0.31996,-0.22453,-0.4776,0.1473,0.11157,0.69128,0.63373,0.68465,0.89848,1.2253,1.3916,0.53884,-0.17412,0.20248,0.3574,1.5249,1.0005,0.79915,0.73885,1.331,0.82399,0.60094,1.0116,-0.2779,0.46014,0.43661,-0.9807,0.1722,0.65908,0.4523,0.77048,1.5411,1.2211,0.98503,1.0099,1.5006,0.88494,0.72145,0.66982,1.3726,1.411,0.69938,0.93684,0.47307,1.3007,-0.18072,-0.5126,-0.27703,-0.65169,-0.95794,0.031132,-0.75505,-0.38392,0.39124,0.30406,-0.65199,-0.17731,0.82641,1.0751,0.66107,0.44879,0.72969,0.34649,1.2043,0.4061,0.79177,0.17113,-0.27383,0.81856,0.43608,0.39812,0.60557,0.67191,0.44404,0.65761,-0.04093,-0.091351,0.97014,-0.44117,0.60818,-0.14217,0.93751,0.016501,0.93791,-0.1041,0.90737,0.54538,0.69429,-0.074653,-0.35572,0.5976,0.2125,-1.0325,-0.37028,-0.70955,0.045041,0.083378,-0.065239,-1.0199,-0.50859,-0.49712,-0.50472,-0.79835,-0.49252,-0.30864,-0.38928,-0.30061,-0.090823,0.26134,0.4844,1.2973,0.35582,0.76913,0.92522,0.45648,1.0722,1.5493,0.87092,0.54245,0.75511,0.64561,0.52851,0.55319,0.1433,0.23872,0.21519,0.57647,0.34619,-0.23013,-0.13246,0.18248,-0.9344,0.44172,-0.127,-0.39653,-0.56999,-0.53115,-0.89841,-0.58183,-0.54484,0.048975,-0.24993,0.53058,0.38365,0.35366,0.61189,0.54943,0.33358,1.2658,-0.010455,0.61648,-0.33567,0.19903,-0.047671,0.78778,0.58265,-0.46492,-0.17076,-0.49076,-0.15757,-0.10422,0.045676,-0.26405,-0.36091,0.10043,0.11117,-0.2459,-0.31719,0.98858,0.90458,0.27839,1.0065,0.55292,1.2084,1.1272,1.2396,1.3899,1.6403,1.5765,0.95392,0.73194,1.3654,0.22093,-0.11259,-0.31066,0.098094,0.16577,-0.39141,-0.88815,-0.51674,-0.5203,-1.1247,-0.72234,-0.84369,-1.0321,-0.86431,-0.72946,-0.91709,-0.51463,-0.92099,0.14324,0.12632,-0.0075127,0.039748,0.32646,0.46817,0.1372,1.0047,1.4206,1.1321,1.5482,1.4978,0.59972,0.14047,1.3227,0.51495,0.77213,0.32172,0.90974,-0.13182,-0.13619,0.5819,0.00074328,0.058107,0.28495,-1.1019,-0.030691,-0.31526,0.077457,0.16726,0.15576,0.0018645,0.76929,-0.043796,0.79174,0.23154,1.0348,0.07679,0.10598,0.16759,0.3785,0.23598,0.67745,0.5971,1.2056,0.13277,0.68132,1.5165,0.29505,-0.40243,0.80149,-0.15635,-0.062714,-0.20796,-0.65377,-0.088405,0.47612,0.22165,-0.049832,-0.17744,-0.095348,0.16457,0.0049329,-0.15207,-0.73447,-0.32896,-0.24872,-0.69384,-0.011482,-0.38017,-0.54737,0.31803,-0.17829,0.18846,0.025393,-0.27936,-0.0018871,-0.40744,-0.88097,-0.51371,-0.089202,-0.94332,-0.56268,0.10502,0.14777,-0.43704,0.32203,0.29694,1.0365,0.14472,0.71777,0.093242,0.72588,1.5795,0.52378,0.49499,-0.83932,-0.061951,0.27129,-1.1416,-0.20524,-0.87766,-0.73397,-0.24694,0.48083,0.088652,0.27812,0.19869,0.050126,0.16771,0.58025,0.54647,0.10319,0.11142,-0.2847,0.77408,0.9101,-0.056901,0.2905,-0.59197,0.055734,-1.7685,-0.57187,-0.39619,-1.0729,-1.0918,-0.80991,-1.8883,-1.1983,-1.2174,-0.31122,-0.14854,-1.3632,0.033614,-0.36181,1.1802,0.69761,0.35895,0.53824,-0.2664,-0.30737,-0.2013,0.27981,0.34885,0.2856,0.031439,-0.085235,-0.16191,-0.41956,-0.3819,-1.0881,-0.14789,-0.45999,-1.2052,-0.31724,0.34908,0.52557,0.51962,1.0211,0.31296,-0.095544,0.6937,0.69569,0.31232,0.95978,1.2663,0.43239,0.21609,0.15559,-0.46438,-0.30009,-0.48344,0.052735,-0.94286,0.16303,-0.62202,0.35155,-0.47153,-0.74592,-0.076192,-0.28213,-0.63981,-0.58729,0.40313,0.058885,0.48217,0.541,0.47721,0.12233,0.43441,0.41997,1.1386,0.71983,0.56551,0.77075,1.2565,-0.72087,-0.31451,0.32309,-0.21745,-0.30323,-0.57859,0.37042,-0.77839,-0.90662,-0.09737,-0.40876,-0.57986,0.38208,0.020389,0.89588,0.24968,-0.095286,-0.032895,0.3291,0.57624,1.3738,1.3892,0.717,-0.17462,0.47657,0.86496,-0.61451,-0.83005,-0.055786,-0.67486,-1.4659,-1.131,-1.0479,-0.98923,-0.92212,-0.95238,-0.84955,-0.42093,-0.40396,-0.39112,-0.8682,-0.25562,-0.36839,-0.12862,-0.43291,-0.36867,-0.71385,-0.47552,-1.3837,-1.2925,-0.30172,-0.61935,-0.061328,-1.1895,-0.6711,-0.43803,-0.25762,-0.28814,-1.0879,-0.8524,-0.82797,-1.709,-0.67008,-1.2006,-0.58183,-0.88758,-0.56591,-0.5095,-1.0799,-1.0447,-0.048205,-1.0153,-1.0452,-0.71198,-0.7797,-0.19487,-0.80293,-1.3257,-0.76896,-0.48817,-0.37306,0.020515,0.41753,0.17322,0.31203,0.59775,0.60502,0.49901,0.15148,0.41385,0.63243,0.34034,0.87545,-0.38688,-0.31321,-0.47338,-0.089814,-0.31142,-0.84417,-0.41854,-0.79697,-1.102,-1.1936,-1.2274,-1.449,-1.9093,-1.6153,-1.5122,-1.1789,-1.27,-1.188,-0.51297,-1.2452,-1.0931,-0.72514,-0.97407,-1.4536,-1.0848,-1.1645,-0.88089,-1.2768,-1.2207,-1.0732,-0.83058,-0.65292,-0.6676,-1.3519,-1.3126,-1.076,-0.91963,-1.4546,-1.4312,-0.88388,-0.98757,-1.0036,-0.93386,-1.1924,-0.40033,-0.41997,-0.31279,-0.36161,-1.2854,-0.036878,-0.19385,-0.53446,-0.52003,-0.5223,0.43649,-0.20281,-0.16694,-0.80343,-0.81702,-0.85032
-0.074978,0.053485,0.22243,0.14932,-0.56865,-0.2545,-0.27797,-0.43864,0.70603,-0.25154,0.093396,1.9686,1.685,-0.10639,-0.031794,2.428,1.7787,-0.55287,-0.41087,2.2537,0.20269,-1.1522,-1.0819,2.0117,1.4902,-2.0067,-0.59897,2.5885,1.5561,-0.99379,-1.1736,2.394,1.4806,-1.5015,0.75227,2.3229,1.815,-0.99673,-0.68933,2.4095,1.034,-0.94459,0.47835,2.1346,0.23368,0.74592,-1.8222,1.9491,0.46623,0.0076577,-1.31,2.0494,0.67254,-0.069634,-0.025901,1.6886,0.78661,0.14072,-0.29661,0.16455,1.6987,1.0922,0.54042,-0.096883,2.2205,0.97329,1.312,0.34776,0.30034,1.9022,1.4002,-0.26304,-0.27763,1.4628,1.0527,0.11025,-0.38294,0.92262,1.3546,1.0797,-0.60318,1.5341,1.4875,0.54012,0.24409,1.0703,0.88319,1.0164,0.26711,1.6069,1.6534,1.2854,-0.047706,1.1355,2.0402,0.33943,-0.48829,0.45452,0.61299,1.3029,0.68151,0.64584,0.34718,0.81844,-0.59655,-0.99085,-0.035656,0.54056,0.73833,0.13579,0.76139,1.2205,1.1062,0.4523,0.046594,-0.11023,0.66183,0.45595,0.39125,0.094502,0.84609,0.15817,-0.52073,0.39614,1.2557,0.82712,0.83605,0.075047,1.327,-0.46238,-0.46692,-0.39477,-0.17416,1.4082,0.45482,0.13252,0.0089124,1.3118,1.1751,-0.1093,0.4275,0.31373,0.0392,-0.43714,-0.69532,0.73252,0.43453,0.60723,0.81504,0.28026,0.74677,0.20315,0.078841,0.19703,0.7759,0.8396,0.97595,0.24929,0.11569,0.0030595,-0.18963,-0.7946,-0.77207,0.20434,0.60773,-1.507,-1.1783,-1.8466,0.94117,-0.52073,0.18939,0.37884,-0.53606,0.35073,0.96381,-0.14186,1.0889,0.72218,-0.33383,0.3924,0.67272,1.1917,0.1086,-0.76509,-0.93135,0.32091,0.317,-0.87794,-0.90542,-0.29032,-0.50819,-0.85286,-0.59959,-0.059092,0.14574,0.3841,-0.37083,-0.70089,0.4671,-0.58062,-1.0945,-0.62652,0.38097,-0.39473,-0.92577,-0.95665,0.58287,0.029656,-0.87543,-0.26121,1.0203,0.86477,-0.62466,-0.33629,-0.32068,0.1525,-0.22095,-0.63453,-0.6261,-0.19886,0.66932,0.60528,-0.78237,0.98697,1.0227,-1.0068,-0.50703,-0.63178,0.69841,-0.22161,-0.81363,-0.20929,-0.77261,-0.13611,-0.39175,0.020208,0.055913,0.63052,0.92779,0.079544,0.0096828,1.051,-0.26284,0.27392,-0.32458,0.10015,-0.61,-0.68505,-1.1883,-0.34896,-0.67247,-0.81241,-1.1373,-0.74583,-1.0943,-1.323,-0.66447,-1.3923,0.76536,-0.8641,-0.35849,-0.24829,-1.5994,-1.2562,-1.9423,-1.1745,-1.3019,-0.74333,-0.65176,-0.69097,-0.90494,-1.0415,-0.66632,-0.47648,-0.055713,0.19815,-0.89807,-0.10606,-0.42237,-0.7909,-0.83382,-0.53531,-0.5259,-0.22059,0.23126,0.82819,0.58345,1.178,0.097339,0.85372,0.27865,0.48397,0.22229,-0.56354,-0.64543,-0.63874,-1.1059,-1.069,-0.90574,-0.77373,-0.32014,-0.95076,-0.25202,-0.23691,-0.12564,-0.41119,-0.66428,-0.66176,-1.0332,-1.0051,-1.3101,-0.84496,-0.40144,-1.0252,-0.55987,-1.1549,-0.39407,-1.0108,-0.040952,0.16079,-0.34413,-0.46113,-0.33049,-0.35328,0.19283,0.37982,-0.098007,-0.37169,0.36693,0.63556,0.10776,-0.066288,0.7025,0.54051,0.22941,-0.39628,-0.95752,-0.4105,0.0070315,-0.96743,-0.80759,-0.5348,-1.1453,-0.38342,-0.24424,-0.39919,-0.68994,0.53076,-0.074263,-0.067732,0.14434,0.17566,0.18322,0.199,-0.81686,0.32772,-1.122,-0.74035,-1.7642,-2.0186,-2.251,-1.9436,-1.3728,-1.5248,-0.40205,-0.73952,-0.52145,-0.66815,-0.82735,-0.23567,-0.35225,-1.505,-1.4734,-0.31048,-1.3712,0.030969,-0.24732,0.55789,0.46223,0.45411,0.7616,0.076364,0.57693,-0.42153,-1.0481,0.055962,-0.38671,-0.2714,-0.021586,0.7016,-0.0486,0.048657,0.27214,0.0072313,-0.18246,0.14767,-0.0021119,-0.445,0.13341,-0.67876,0.4506,-0.5277,-0.14272,-1.0162,-0.81995,-0.82259,-1.2279,-1.4766,-1.0785,-1.702,-0.40018,-0.5032,0.063907,-0.35246,-0.73278,-0.23177,-1.0624,-1.7004,-1.1118,-1.6398,-1.0845,-1.1351,-1.1882,-0.79522,-0.07617,0.26693,-0.27862,-0.28067,0.070188,-0.86885,-0.52004,-0.7247,-0.3351,-0.24992,-0.65867,-0.43716,0.10376,0.25732,-0.15798,-0.44125,-0.4157,-0.67843,-0.90343,-0.62172,-0.83378,-0.72152,-1.4876,0.47413,-0.54337,0.22225,-0.46268,0.95244,0.37806,0.14091,0.64682,0.40021,0.39388,0.28072,0.64616,0.11506,0.057178,0.69679,0.885,0.33385,1.011,0.88331,0.79491,0.49346,0.61798,1.0177,0.76163,0.37519,0.51987,0.0053978,-0.88766,-0.9499,-1.6173,-1.5772,-2.1958,-1.2732,-1.2867,-1.1523,-0.98632,-0.43994,-1.0765,-0.19016,-0.82428,-1.2282,-0.36598,-0.56545,-0.93633,-0.92799,-1.1786,-1.0581,-0.90164,-0.90296,-0.13787,-0.57394,-0.5195,0.037794,0.60168,0.98831,0.20903,0.28379,0.51676,0.97749,0.49268,0.85905,0.8068,0.48637,0.60441,0.2506,-0.49072,0.33473,0.28141,0.7234,0.20818,0.38856,0.41817,0.39354,-0.82737,-1.2386,-1.1584,-0.71551,-0.92081,-0.41002,-0.36247,-0.37156,-0.61155,0.16248,-0.21784,-0.32115,-0.61707,-0.66304,-0.49548,-0.40637,-0.41242,-0.24207,-1.4436,-0.92489,-0.81678,-0.90514,-0.06077,0.091646,0.20061,0.52024,1.059,0.30846,0.026535,0.22628,0.47793,0.25699,-0.91737,-0.69942,-0.55486,-0.36071,-0.60963,-0.35901,-0.3324,-0.51376,0.21605,-0.81063,-0.50466,-0.68702,0.26417,-1.0203,-0.2907,-0.02624,0.13134,-1.1234,-0.57662,-0.29584,1.0199,0.17984,0.50513,0.57632,0.40833,1.3914,0.72899,0.55034,0.57456,0.78533,0.73967,0.64718,1.1125,1.4435,1.2701,0.36587,0.96372,0.2137,-0.011074,-0.14925,0.19548,0.37012,0.37853,0.89229,0.21332,0.21991,0.17144,-0.12163,-0.13721,0.016109,0.19818,0.038522,-0.24856,-0.65066,0.17107,0.049446,0.46153,-0.16599,-0.071888,0.5377,0.8312,0.39406,0.6373,0.65541,1.0357,-0.75581,-0.75754,-0.42402,-0.44487,0.16961,0.18528,0.22679,0.37518,0.29886,0.10486,0.32396,0.61933,0.32255,-0.19417,-0.23739,-0.47966,-0.52964,-1.1007,-0.79952,-0.64921,-0.53943,0.25526,0.37921,0.28444,0.46574,0.33491,0.55648,1.1644,0.96031,0.6994,0.97044,1.448,1.0438,1.0099,0.68901,1.0178,0.34078,0.10937,-0.27033,-0.084609,-0.30037,0.39539,-0.017481,-0.0065429,-0.10804,0.43057,0.34907,0.66521,0.62692,0.56875,0.56595,-0.011049,0.32184,0.2018,0.68627,-0.080221,-0.12357,0.18636,0.40031,0.079091,0.02997,-0.58188,0.19255,-0.55973,-0.66369,-1.027,-1.2559,-0.92749,-1.9511,-1.2674,-1.2814,-0.92403,-0.2929,0.095704,-0.29439,0.2842,0.40706,0.62908,0.25809,0.15569,0.16441,0.39585,0.22314,0.048496,-0.29821,0.012088,0.038715,-0.47735,-0.20372,-0.36723,-0.3309,-0.83579,-0.71028,-0.58899,-0.7904,-0.81871,-1.509,-0.83219,-1.0544,-0.6909,-0.60056,-0.5588,-0.21143,-0.53295,-0.36739,-0.25418,-0.22877,0.031043,-0.038537,-0.7575,-1.1174,-0.28955,-0.49679,-0.09017,-0.1229,-0.21456,0.13321,-0.22418,-0.097511,-0.47842,0.12999,0.58973,0.10927,0.43377,0.44689,0.5671,0.60706,0.75726,0.82919,1.1368,1.3349,1.0895,0.80868,0.85852,0.92931,1.0352,0.86103,0.83628,0.63215,-0.098066,-0.1591,-0.41995,-0.85901,-0.58711,-0.78167,-0.67881,-0.51735,-0.60212,-0.11418,-0.55975,-0.72803,-1.0015,-0.48611,-0.57664,-0.7546,-0.2369,-0.53136,0.1263,0.059746,-0.020638,0.55441,0.56347,-0.025454,0.4784,0.11257,0.25667,0.72843,0.84115,0.61032,0.26058,-0.17379,0.18139,-0.18853,-0.44268,-0.52199,-0.15405,-0.23821,-1.2962,-1.1891,-1.386,-1.2568,-0.80729,-0.94874,-0.29102,-1.1404,-0.18987,-0.23655,-0.45459,-0.021853,0.41185,0.63784,-0.90311,-0.91266,-0.85456,-0.71485,-0.05905,-1.1547,-1.1277,-0.60973,-0.44001,-0.87559,-0.62584,-0.43695,-0.20647,0.22445,-0.15726,0.02661,-0.53714,0.39602,-1.043,-0.89018,-0.35736,-0.23693,0.19384,-0.49969,-0.19318,-0.13891,0.33047,0.75156,0.57337,0.093368,0.08015,0.34918,0.32943,0.56359,0.12596,0.074576,0.10626,0.11695,-0.40429,-0.19505,-0.23067,0.27686,-0.75945,-0.57568,-0.36753,-0.46582,-0.3258,-0.18986,0.3037,-0.29774,0.06693,0.28284,0.43269,0.37963,0.0012683,0.32386,0.78468,1.3647,0.5173,1.0674,0.59708,-0.29014,0.26891,0.1184,0.81757,0.26227,0.20086,1.3768,0.92197,1.5307,-0.3605,-0.5078,-0.83473,-1.1687,-0.7294,-0.17985,-0.6425,-0.12321,0.20292,0.19344,0.75925,0.32148,0.47211,0.048305,0.72005,0.20466,1.168,0.26657,1.4513,1.0438,0.97144,0.84985,1.8617,2.0337,0.46839,1.1697,0.72388,-0.38581,0.14618,-0.1267,-0.58745,-0.21636,-0.86233,-1.3847,-0.73304,-0.4876,-0.34315,0.32528,0.9083,0.60252,0.41964,1.2284,0.7461,1.1187,1.0939,0.95416,1.3168,0.92967,-0.10127,0.2553,-0.71255,-0.30685,-1.2265,-0.59104,0.19912,-0.64694,-0.40431,-0.65284,-0.21006,-0.08855,-0.44783,-0.64312,-0.34885,0.73964,0.88942,0.83533,0.54892,0.88848,1.2615,1.9418,1.3484,-0.054657,0.10851,-0.73081,-0.79052,-0.66022,-0.33863,-0.83678,-0.69042,-1.0049,-0.78441,0.46914,-0.49119,-0.00067106,0.056952,0.62779,0.27106,1.4347,1.0727,0.97165,0.59681,0.51073,1.165,0.84111,1.6794,1.5102,1.194,1.5146,1.8228,0.73201,1.427,0.80407,0.37136,-0.098171,-0.57248,-1.7019,-1.6793,-1.5356,-0.055036,0.18184,-1.0462,-0.58884,0.16548,-0.44843,0.052046,0.078991,0.52263,0.7491,1.4921,1.2042,0.5716,0.65176,-0.052865,-0.24504,-0.057196,-0.70061,-0.65378,-0.73399,-0.48191,-0.39898,-0.31947,-1.1301,-0.72048,-0.76491,-1.1431,-0.60591,-1.0848,-1.0187,-0.91455,-0.65658,0.20548,-0.62048,0.33688,0.40358,0.66045,0.63246,0.32492,0.73505,0.93896,1.5332,0.36842,0.47583,0.95658,1.0531,0.38415,0.088085,0.17382,-0.21505,0.11766,0.040298,-0.55375,-0.83292,-0.13893,-1.1803,0.17858,-0.8341,-0.37843,0.23323,0.45064,0.41837,0.68496,0.9938,0.80951,0.53883,0.418,-1.1096,-0.74975,-1.0282,-1.034,-1.2013,-0.30796,-0.89262,-0.63796,-0.94442,-0.63587,-0.20399,-0.26925,-0.38504,-0.095561,-0.43746,0.79256,0.23782,-0.14889,0.071571,0.46624,1.07,1.2368,0.8768,0.88949,0.7884,1.2008,0.74903,0.39578,0.19621,0.59661,-0.23815,-0.68573,-1.0446,-1.3026,-1.2749,-0.83273,-1.5487,-1.4287,-0.69871,-0.055101,-0.62394,-0.8198,-0.43614,-0.11789,-0.094184,-0.31384,0.50626,-0.036898,0.5066,0.096865,0.34797,-0.36596,-0.077971,0.51783,-0.15263,0.18167,0.28972,0.7398,0.39914,0.55122,0.90756,1.3232,1.1207,1.1804,1.2143,1.5569,0.87975,0.51672,0.1446,-0.14333,-0.72914,-0.7468,-0.32563,-0.40223,-0.39423,-0.50969,-0.33658,-0.40575,0.11566,-0.13176,-0.0056714,-0.15204,0.25698,0.57266,-0.33146,0.55206,0.17931,1.1574,0.59419,0.75768,-0.27223,0.20424,1.3737,1.2213,0.46345,0.45782,0.3594,1.478,1.7587,0.85072,0.26831,0.34309,0.42265,1.3005,0.85939,0.10034,0.21737,0.38561,0.87397,0.79538,0.49901,-0.15695,-0.7394,0.082663,0.26344,-0.7617,-0.66292,-0.75909,-0.32121,-0.38376,-0.45242,-0.82122,-0.75987,-0.0063239,-0.41896,-0.98252,-1.3966,-1.0374,-0.37772,-0.058216,-0.65619,-1.0451,-0.616,-0.50606,0.094774,0.60281,-0.18803,-0.2506,0.23161,0.76541,-0.036424,-0.032531
-1.3367,-1.2006,-0.1416,-0.61957,-0.76215,-0.83003,-0.25466,-1.0672,-1.1393,-0.80661,-0.71551,-0.59378,-1.8757,-1.4064,-0.85671,-1.1431,-1.6226,-1.1492,-0.35251,-0.19773,-1.1391,-1.0303,-0.46406,0.57507,-1.4855,-1.2339,-0.19207,-1.1284,-0.68654,-0.42618,-0.15723,-0.50257,-1.209,-0.62747,0.080214,-0.030756,-0.4667,-0.26618,0.29517,-0.25125,-1.4557,-0.72024,-0.50877,-0.19713,-1.6666,0.0045037,-0.77415,0.1992,-0.85584,-1.2774,-0.83484,0.0014874,-0.59751,-0.49487,0.1028,-0.5046,0.33294,-0.38675,-0.0035448,-0.36112,-1.207,-1.8552,-0.44996,-0.21848,-0.96821,-1.0434,-0.32999,0.20456,0.95121,-0.38836,-0.82095,-0.26553,0.68063,-0.082587,-0.050343,0.3548,0.68716,0.95769,-0.61086,-0.17123,0.053704,-0.29427,-0.045137,0.41721,0.58139,0.092307,0.019492,0.71291,0.51545,0.045758,-0.42618,0.89038,0.87282,0.35091,-0.45832,0.19637,-0.11657,-0.26126,-0.58873,-0.24116,0.15034,0.76858,0.18751,0.42408,0.79227,0.5127,0.66079,0.01596,-0.63592,0.43708,0.59961,-0.3847,-0.33018,-0.011473,-0.107,-0.7383,-0.2545,-0.62682,0.27322,-0.24612,0.37341,-0.1647,0.22941,0.47607,-0.13119,-0.11793,0.52787,-0.70815,-0.23028,0.51286,0.14361,0.24635,0.87968,0.19504,1.1549,1.4571,1.5148,1.7074,1.3455,1.3643,1.8461,1.5026,0.93265,0.80336,0.67158,0.95199,0.43691,0.24822,-0.038786,0.90029,0.59892,0.71145,-0.17716,0.74283,0.21634,0.36584,-0.050974,0.84389,0.030588,0.037671,0.053891,0.79853,-0.1327,0.36425,0.81957,1.1508,0.3542,0.30878,0.21502,0.33313,0.27368,0.83113,0.24808,-0.23435,-0.24478,0.71746,-0.5856,-0.92306,0.2927,0.81301,0.83799,-0.15105,0.40518,0.98186,0.59051,0.50161,0.73494,0.99185,1.0025,0.408,0.72296,0.089025,0.066336,-0.17975,0.012253,0.41114,-0.17078,0.33997,0.83001,0.013408,0.85063,0.71901,0.78758,0.38987,0.82943,0.8713,0.052961,-0.384,0.85087,0.1761,0.035807,-1.2537,-0.52259,-0.071455,-0.57735,-0.19334,-0.11649,-0.27072,0.032234,0.076617,0.58895,0.61282,1.0916,0.65179,0.12948,0.21192,0.9682,1.099,0.26695,-0.62647,0.71391,0.91128,0.41272,-0.12208,0.51036,0.77614,1.119,-0.28449,-0.36315,0.6157,0.69646,0.24545,0.40832,0.85242,0.76244,1.2844,1.2025,1.2605,-0.018698,1.5269,1.4772,1.5604,1.3994,0.40975,1.2976,0.58787,0.44509,1.5044,0.94734,1.1599,0.9901,-0.26056,0.27193,0.73182,0.061212,-0.20478,-0.094999,0.62813,0.1054,-0.35258,-0.1507,-0.30216,-0.99076,-0.055783,-0.5885,-1.2575,-0.7309,-0.49908,-0.38298,-0.63186,-0.49269,-0.31858,-0.079924,0.47476,-0.84232,-0.57665,-0.91697,-0.44988,-0.74115,-0.48735,-1.5188,-1.6021,-0.30732,0.5201,-0.070863,0.36306,-0.11297,0.38031,0.39075,0.39186,-1.2388,-0.1274,0.82869,0.81027,-1.1193,-1.0927,0.043432,0.35488,-0.86092,-0.033106,-0.14799,-0.61147,-0.26566,-0.80712,-0.61736,-1.5059,-0.93731,-1.4366,-1.3065,-0.97659,-1.1781,-1.41,0.42006,-0.93707,-0.98661,-0.90205,0.13609,-1.6044,-0.74867,-1.3212,-0.5955,-0.73123,-1.3529,-0.89333,-0.58618,-0.62093,-0.59103,-0.72764,0.2552,0.081287,-0.63483,-0.67241,-0.17309,-1.1426,-0.89729,0.27182,-0.5806,-1.5467,-1.7976,-0.49986,-0.81818,0.20543,-0.86096,-0.5475,-0.52818,-0.37451,-0.65923,1.3015,1.5856,0.74857,0.61039,0.24625,0.29551,0.15517,-0.95374,-0.33562,0.021794,0.066873,0.27398,0.43156,0.97475,-0.26814,-0.23095,-2.0891,0.1895,-0.084295,-0.47108,-1.3842,-1.0504,0.07244,-0.42094,-0.89461,-0.925,-0.36729,0.10954,-1.1748,-2.3011,-0.89351,0.78154,-0.6454,-1.4213,-0.95009,-1.1229,-0.37743,-1.4221,-0.81137,-1.2603,-0.21471,-0.15726,0.2238,-1.0833,0.67176,0.60561,0.19568,0.70658,0.49976,0.48832,0.31362,0.67211,0.025328,0.42829,0.15405,-1.2344,-0.52953,-0.14841,-0.51205,-0.11801,-0.5073,0.44384,0.67099,0.14932,-0.51224,0.22214,0.7221,-0.48821,-0.34435,0.044445,-0.93432,-0.70999,-0.029739,0.50131,-0.051529,0.36557,-1.5902,-0.53094,-0.51458,-0.51375,-0.69921,-0.89065,-0.6853,-0.15908,-0.18037,-0.78855,-0.5999,-0.62353,-0.80975,-1.3746,-1.9946,-0.28172,-0.070379,-0.61791,-1.2397,-1.215,-0.91747,-0.92672,-0.79446,-1.542,-1.1789,0.29517,-1.2511,-1.3005,-1.7974,-0.99997,-1.0758,-0.74223,-1.1288,-1.0768,-1.04,-0.71476,0.37562,-0.43752,0.17314,0.40253,0.80305,0.297,0.673,0.39971,1.1628,0.99454,-0.85698,0.063746,-0.030605,0.15654,-0.17945,-0.30972,0.087544,0.70981,-0.22006,-1.4798,-0.56738,0.16851,0.17414,-0.39179,-0.85614,-0.64457,-0.24965,0.4653,-0.59775,-1.0091,-1.3128,-0.38507,-0.28731,-0.33588,-0.99625,-1.0682,0.092082,0.38457,-0.44792,-0.64826,-0.11077,0.93132,1.0464,-0.66183,-0.034291,0.36399,1.3216,-0.15196,-0.81894,-0.65394,0.55555,0.082034,0.38837,-0.35668,0.13295,0.076874,0.26194,0.58349,0.38926,-0.008909,0.31307,-0.66382,0.38295,0.51959,0.23599,0.6093,0.53608,0.65671,1.6566,-0.67736,-1.0401,-0.81884,-0.61413,0.16945,-0.71186,0.034115,0.12515,0.36784,-0.28466,-0.68364,-0.42448,0.76343,-0.15451,-0.43827,-0.13573,-0.38985,0.37388,-0.59783,-0.66761,-0.6171,-0.29948,1.7351,-0.19233,-0.72828,0.035489,0.94309,-1.0735,-0.55187,-0.46818,1.1702,-0.39312,-0.022294,-0.20309,0.038289,-0.65065,-0.85319,-1.0299,-0.22742,0.69046,0.86913,0.17847,0.70152,0.42431,0.32156,0.13675,-0.11166,0.97659,1.0997,0.48353,0.53458,0.68386,0.8939,0.62979,0.048661,0.30869,1.0993,1.6124,0.91408,0.93784,1.1618,2.0554,0.56585,1.036,1.4871,0.85212,0.54051,0.89885,1.661,1.1924,1.5292,0.87029,1.141,1.1549,1.6616,1.1273,1.022,1.2859,1.0154,1.0606,0.4182,0.77301,1.4015,1.6232,0.95234,0.67195,1.4212,1.3813,0.83884,1.3748,0.8364,0.94911,1.4255,0.49812,0.60545,0.86155,0.29097,-0.056738,-0.2905,-0.33278,-0.24241,-0.37505,0.083604,-0.44003,-1.2922,-0.16761,0.29168,0.24419,-0.41541,0.1187,0.16886,-0.0030917,-0.10099,-0.39534,0.1301,0.19845,0.70929,0.097061,-0.11482,0.21135,0.42072,0.43634,-0.16138,-0.1964,-0.11994,-0.15234,-0.42359,-0.11375,0.21124,1.1925,-0.27491,0.90548,0.058283,0.46959,0.9819,-0.24288,0.047725,0.33243,1.1465,0.41218,0.79499,0.93631,1.0736,0.041575,0.26534,0.11179,0.45273,0.66946,0.29872,0.48773,-0.0071459,0.56312,0.63526,-0.53152,-0.61155,-0.77056,-0.37918,-0.20482,0.15426,-0.60213,1.3634,0.62072,0.86953,0.12429,0.39632,1.2301,1.1445,1.0727,0.71255,1.4982,1.6533,1.1334,1.224,1.152,1.7309,0.95605,0.78397,0.26929,0.86839,0.67747,0.53473,-0.038861,0.85679,1.4477,0.13984,0.44277,0.39246,1.0278,1.7177,-0.25818,0.9165,1.2115,1.0536,0.56056,0.48262,1.1229,0.37325,-0.24281,-0.25557,-0.12677,1.0692,0.13162,-0.51038,-0.86193,-0.44198,-0.87215,-0.35515,-0.40039,-0.7614,-0.14999,0.51236,0.55176,0.45011,0.66204,0.7525,0.97621,0.99182,0.87074,0.88051,0.70765,1.5257,0.75777,0.58434,1.1817,0.23175,0.55942,-0.15885,0.23628,-0.124,0.39664,-0.20737,-0.66174,-0.32258,0.024573,-0.19744,-0.58655,-0.41952,0.33563,0.22178,-1.526,-1.4471,-1.0077,0.07326,-0.062942,-0.16969,-0.42533,0.051272,0.78143,0.33671,0.4879,0.442,0.38779,0.13961,0.31319,0.19639,1.0096,0.11215,0.39393,0.63808,-0.55324,0.69825,-0.52238,-1.4659,-1.2321,-0.43091,-0.86435,-0.75509,-0.19939,0.49896,0.97675,0.78726,-1.1875,0.70055,0.30142,0.75528,0.21478,-0.28497,0.24331,0.55894,-0.2377,-0.38201,-0.18145,-0.55385,0.054637,0.2168,-0.63535,-0.35543,-0.59828,-0.71927,-0.36387,-0.68586,-1.2215,-0.56445,-0.70957,-1.1663,-1.0925,-1.3251,-0.55106,-0.51733,-0.34341,-0.57529,0.28891,0.31218,-0.06745,0.044708,0.81436,0.8326,0.77484,1.1387,1.0035,1.0611,1.4898,0.69514,0.74841,0.68287,0.0020611,0.46892,0.23458,1.4803,1.4879,0.10638,0.98141,0.85629,0.1801,0.30131,0.74537,1.0385,1.6033,1.083,0.30583,0.36573,0.49366,1.0019,-0.013858,0.075134,1.3986,1.1783,0.89391,0.93641,-0.062941,1.123,1.2928,0.59861,0.32534,0.11215,0.63182,0.47408,0.69203,0.68716,0.54492,0.93419,0.37995,0.4083,0.92824,0.012696,-0.31239,-1.3511,0.2946,-0.084008,0.63297,-0.12371,-0.58139,0.56259,0.52929,0.67425,0.83633,0.8306,0.7027,0.36041,0.46237,0.081496,1.8757,0.89653,-0.012857,-0.77194,-0.047884,1.3761,-0.36512,-1.3426,-1.2806,-0.41837,-0.85572,-0.29484,-0.69452,-0.44348,0.48097,0.73132,0.7133,0.95473,1.3123,1.0472,1.3792,1.0414,0.96332,1.3301,0.66806,0.76858,0.5405,0.3477,0.90681,0.28476,-0.023597,-0.25329,0.91558,0.67246,-0.55541,-1.5094,-0.14852,-0.51446,-0.37679,-0.6275,0.097958,1.5794,0.052062,0.74689,0.26969,0.27251,0.59507,0.23374,0.53301,1.1948,0.71145,0.11989,-0.34619,-1.0096,-0.42913,-0.025215,-1.078,-0.41327,0.26896,1.2406,0.41647,-0.1214,-0.36001,-0.68521,0.022478,-0.57908,-0.97293,-0.13341,0.059865,-0.68034,-0.22484,-0.18465,1.1002,1.4132,0.77623,0.12483,0.3689,1.3887,-0.30128,-0.72721,-0.88207,-0.37497,-0.58008,-0.93819,-1.6753,-0.85728,-0.5796,0.067367,0.28491,-0.063105,0.83177,0.94599,0.27904,0.83682,1.0145,0.084315,0.35737,0.26111,0.36275,-0.38239,0.50129,0.36441,-0.11386,0.67507,0.76674,0.026974,-1.1047,-1.0868,-0.31022,-0.10788,-0.33313,-1.1883,-1.3475,-0.98158,-0.7955,-1.3789,-1.3454,-1.1757,-0.016752,0.89856,0.10462,-0.10207,-0.10744,0.55871,-0.57155,-0.7533,0.42626,0.066109,-0.035313,0.14951,0.23089,-0.60175,-0.91728,0.57758,-0.26789,-0.8969,-0.86894,-1.0242,-0.97999,-1.0646,-0.91303,0.13328,-0.49255,-0.23283,0.033666,0.28314,0.82764,-0.39268,-0.066608,-0.32365,-0.11782,-0.92749,-1.0629,-0.77793,0.16694,0.27939,-2.003,-2.6191,-1.7993,-0.89194,-0.7741,-1.0096,-1.3637,-1.9704,-1.6468,-1.311,-1.4029,-1.0349,-1.3218,-0.57545,0.50901,-0.22295,0.44344,1.0292,0.4391,1.1627,1.1922,1.0872,1.0396,-0.31418,0.45446,-0.5156,-0.38649,0.20384,-0.56971,-1.1491,-0.9977,-0.36772,-0.21511,-0.081708,0.581,0.51647,0.86886,-0.094286,0.70472,-0.53694,-0.38409,-0.40015,-0.29917,-1.6245,-0.29713,-1.1671,-1.3736,-0.90043,-0.79394,-1.2379,-1.2567,-0.78913,0.0023826,-0.62013,-0.59521,0.15531,0.79803,0.28376,0.34985,0.13203,0.18046,1.0924,0.45433,0.14697,0.1396,0.2623,-0.064937,-0.12343,-0.60254,-0.79467,-0.75382,-0.03617,-0.71418,-1.1726,-0.7907,0.40975,0.063757,-0.99786,-0.5915,-0.00043245,-0.10115,0.20011,-0.40586,-1.1541,-1.1334,0.21425,-0.019551,-0.20048,-1.1084,-1.0093,-0.45614,-0.44457,-0.52628,-1.1445,-1.4578,-0.70253,-0.31215,-0.50712,-0.75004,-0.97511,-0.4351,-0.60144,-0.31282,-0.73745,-1.0744,-1.1654,-1.3019,0.17834,-0.28241,-0.041336,0.09739,0.81848,0.97482,1.4216,0.61912,0.082972,0.16587,0.16308,0.16717,-0.32154,-0.79931,-0.94628,-0.51095,-0.34345,-0.74032,-0.44364,-0.39073,-0.084798,-0.039343,0.0088723
1.5449,1.6973,1.7162,1.7485,2.1671,1.621,1.4159,1.3595,1.8829,0.99498,0.9358,1.3494,0.96628,0.71675,0.90475,0.75305,1.5313,1.1687,0.93696,-0.042628,0.38739,0.49974,0.26071,0.16905,0.3506,0.66233,0.49103,0.93236,0.82212,0.90106,0.3245,0.96197,0.77884,1.4743,0.76202,1.0663,0.47649,1.4376,1.203,-0.074786,0.70577,0.76327,1.0044,-0.52214,1.1038,0.45308,0.25124,0.053471,0.11927,-0.063022,0.26442,0.39254,1.3317,0.66151,1.2076,0.2936,-0.40568,0.068589,-0.4406,-0.16822,-1.1924,-1.4089,-0.87784,-0.03411,-0.86184,-0.13067,0.45787,0.32334,0.60776,0.25425,0.087285,1.0283,1.021,-0.29793,0.26241,1.0115,1.0435,0.74622,1.0008,0.33904,0.65032,0.55353,0.87368,0.67999,0.65257,0.37033,0.21043,0.11671,0.55837,0.59663,0.77015,1.0738,0.75154,0.23908,1.1887,1.2395,0.39737,1.8222,0.77517,1.217,1.9423,0.87338,1.7322,1.4823,0.93066,0.043197,0.91764,0.65371,-0.69336,0.95161,-0.14377,-0.19447,0.5011,-0.38337,-0.65905,-0.27229,-0.10462,-0.96323,-0.24793,0.15078,0.1991,0.57929,0.028788,0.29223,0.46846,-0.11281,0.3309,-0.73358,-1.0334,-0.081927,-0.064034,-0.77182,0.31027,-1.2389,0.96346,-0.56611,-0.060655,-0.13783,-0.32922,0.52769,0.48953,0.0085718,-0.67313,-0.40981,0.28253,0.67792,0.63989,0.81177,0.79855,1.0147,0.2293,0.15323,1.2974,0.84913,-0.17725,0.79717,0.30382,0.31718,-0.43554,0.57473,0.31664,-0.092297,-0.19415,-0.95713,-0.15089,0.22435,-1.023,-0.52826,-2.1895,-0.21212,-0.70484,-0.95907,-1.1606,-1.0395,-0.95705,-0.33148,-0.80062,-0.6112,-0.66711,-0.37436,-0.41986,-0.269,-0.33531,0.26533,-0.80185,-0.42384,0.3505,0.56283,0.20901,0.12642,0.033286,-0.21381,1.0064,0.34055,0.34703,0.48594,0.30756,-0.55346,-0.3632,0.91542,1.1082,0.034218,1.1704,1.4384,0.25477,0.72258,0.09062,0.25932,-0.53249,-0.69205,0.0018034,-0.49536,-0.69674,-0.28737,-1.2927,-0.92725,-0.72447,-1.9135,-0.72605,-0.87313,-0.28971,-0.36392,0.72034,0.38649,0.21936,0.96334,1.0085,1.1239,0.87719,0.57366,1.5201,0.53513,0.79726,0.40868,0.97821,1.2173,0.67641,0.87644,0.1638,0.88379,0.38204,0.21058,0.45,1.7402,0.8064,1.0436,1.1995,1.2154,1.1225,0.58015,0.91242,0.95382,-0.0045811,0.30624,-0.17751,0.32223,0.2561,-0.020351,-0.53588,1.2489,1.4175,1.5503,1.0536,0.59843,1.4235,0.45056,1.4133,0.20646,0.18461,-0.34649,-0.98215,-2.0139,-1.5367,-1.8726,-0.88906,-1.3347,-0.85561,-0.05096,-0.31722,-0.52048,-0.67635,-0.59215,-0.98163,-1.8079,-2.1697,-2.1932,-2.651,-2.1991,-1.5185,-1.5129,-1.5542,-1.1636,-0.26987,-0.57864,-0.42199,-0.4833,-0.073441,0.66108,-0.44439,0.072195,-0.22829,-0.23225,-0.57031,0.38891,0.24873,-0.56112,0.51884,0.2218,-0.37362,0.30147,0.26256,0.048887,-0.705,-1.1553,0.022344,-0.62022,-0.47473,-0.11283,-0.99155,-1.0359,-0.90161,-0.31357,0.29923,-0.88779,-0.49649,0.1108,-0.24909,-1.3146,-0.67096,-0.93092,-0.93087,-1.1186,-0.56686,-0.15687,0.15437,0.33424,0.36165,-0.3095,0.0048913,0.28907,0.49777,-0.024686,0.34807,-0.34863,-0.86128,0.32883,0.48179,-0.90589,-1.2404,-1.4889,0.06594,-1.291,-0.48991,-0.36739,0.43525,0.16584,0.68315,1.8351,2.1251,2.218,1.4298,1.7635,1.0435,0.83385,1.6154,1.1707,1.2079,1.4492,0.38563,0.98512,-0.23709,0.25908,-0.60758,-1.6393,-0.77953,-1.2845,-0.56115,-0.88214,0.21133,-0.44037,-0.63999,-0.57172,0.009685,0.81787,0.72491,-0.23511,0.65496,-0.35126,0.5895,0.14526,-0.77391,0.053657,-0.91041,-0.65253,-0.94867,-1.0616,-0.87275,-0.15858,-0.93802,-0.39556,0.42237,0.71005,-0.28735,0.4787,0.34303,0.13128,0.16606,1.0378,0.3904,1.5547,0.59243,0.26813,1.5875,0.79895,1.8419,0.29504,0.7023,1.0333,0.5789,0.85673,0.44375,0.39952,0.70337,0.62316,0.6716,0.61218,0.90636,0.73666,-0.031483,0.33978,0.1871,-0.40538,-0.42812,-1.503,-0.9793,-1.7122,-0.99557,-0.67949,-0.8693,-0.2236,-0.3083,0.76233,-0.46381,0.63107,0.22567,-0.39492,0.21853,-0.10408,1.1994,1.0933,0.72312,0.71867,0.46629,1.5091,0.49752,-0.012559,0.042208,0.59442,0.54872,-0.70539,-1.0715,-1.1738,-2.3825,-1.487,-2.1674,-2.3425,-2.144,-1.5868,-1.6908,-1.3299,0.49049,0.12647,0.69615,0.52966,-0.041286,0.88381,-0.093903,0.88674,0.42915,-0.003486,0.012598,-1.0069,-1.0409,0.023159,-1.0045,-0.87352,-1.5849,-0.52791,-1.2055,-0.75336,-0.63854,-0.3789,-0.92036,-0.57214,-0.12261,-0.26399,0.11945,-1.6711,-2.7577,-2.6057,-2.28,-2.0504,-1.7507,-1.6099,-0.90522,-0.39888,-0.24731,-0.017999,-0.14255,0.22974,0.83164,0.54856,-0.60217,-0.69445,0.32867,-0.33436,-1.5559,-1.4332,-1.0075,0.41875,-0.36366,-0.0030028,0.16657,0.2477,0.39274,0.34956,0.50701,-0.16525,-0.24476,-0.45721,0.014783,0.37249,0.19563,-0.46564,0.49389,0.47881,1.132,0.10374,-0.77607,-0.47783,-1.0907,-1.2563,-2.4364,-1.8135,-2.2057,-1.4608,-1.6148,-1.1449,-0.41682,0.1544,-0.20699,0.65514,-0.54625,-0.095219,-0.86352,0.029799,-1.6079,-0.60392,-0.96306,-0.51017,-1.0656,-1.1152,-1.2675,-1.0137,-2.4456,-1.4479,-0.89825,0.2633,-0.34561,0.067214,0.47056,-0.26208,-0.38644,-1.3442,-1.3437,-0.43958,-0.26472,-0.48871,0.38982,-1.033,-0.59884,-1.0261,-0.75595,-0.65907,-0.1575,0.21704,0.38048,-0.50809,-0.35943,-0.36988,-0.27395,-0.58954,-0.37962,-0.35114,0.023447,-0.030582,0.62811,1.3651,1.8895,0.93236,0.84965,0.95941,1.4471,0.69725,0.3197,0.088354,1.2695,0.69458,-0.34448,-0.4979,-0.3437,-1.4588,-1.3366,-1.6437,-0.92856,-0.72347,0.38976,-2.5555,-1.7332,-1.7966,-1.9402,-1.8542,-3.2223,-2.2992,-0.72547,-0.18062,-0.088985,-0.05834,0.024937,0.35326,0.26933,0.87139,0.50282,0.079332,0.57669,0.030862,-0.11928,0.022189,0.67808,-0.44073,-0.38823,-1.5002,-2.2792,-1.9835,-2.0208,-2.2534,-2.7938,-2.1273,-1.7152,-1.4833,-1.5292,-0.91314,0.11889,-0.082514,-0.75263,-0.89562,-1.6786,-1.0875,-1.0931,-1.4915,-2.9538,-2.7584,-2.0747,-1.9953,-1.0679,-1.6212,-0.075598,0.14954,-0.28305,-1.4828,-1.8149,-1.4481,-1.1842,-1.857,-1.1411,-0.055442,-0.45322,0.023092,0.14108,0.79206,0.76074,0.61268,-0.48755,-0.54118,0.2315,-0.36433,-2.1285,-1.2362,-1.4668,-0.94134,-1.1933,-1.2289,-2.1174,-2.0139,-1.2257,-1.793,-1.3808,-0.58465,0.53697,0.16717,0.87843,1.4449,1.2469,1.1597,1.491,1.3968,1.9934,1.8738,1.7796,1.9355,1.8231,1.6438,1.3838,0.91731,1.1659,1.1901,0.61258,-0.36252,0.76629,0.79851,0.25878,0.27745,-0.45438,0.35143,0.39009,0.082384,0.15484,-0.49174,1.3188,1.2625,0.89044,0.01424,0.72583,1.1518,0.16745,-1.208,-1.2255,-0.50814,-0.30956,-1.1682,-2.0315,-1.6139,-1.9336,-2.5494,-1.9255,-2.0374,-1.2462,-1.5158,-0.69008,-0.65636,-0.15935,0.26547,0.36789,-0.21477,0.41997,1.828,1.8835,1.6724,1.6419,1.9601,1.6384,1.8896,1.4978,0.85863,1.0164,2.1422,0.3532,0.48787,0.39053,0.07148,0.23118,0.77712,-0.99159,-0.54024,-0.30795,-0.52594,-1.0453,-2.3995,-2.9481,-2.5944,-1.0661,-2.6349,-1.9767,-1.9917,-0.59898,-0.15427,-0.030806,1.0122,0.64741,1.2679,0.23246,1.0648,1.1138,0.70048,0.018151,-0.21738,-0.37581,-0.79341,-0.33908,-0.93614,-2.5355,-2.3794,-2.0419,-1.7302,-1.2633,0.10121,0.36652,0.097945,0.16549,-0.10958,0.24668,0.16371,-0.40051,0.12554,0.067715,-0.23117,0.3435,0.20543,1.2464,0.86895,1.7143,0.56272,0.91573,0.66894,-0.33009,-0.043962,-1.7624,-1.6845,-1.6799,-1.1605,-0.89465,-1.7482,-1.3761,-1.6278,-1.4047,-0.75873,-0.78734,-0.924,-0.21283,0.19377,0.38446,0.54814,0.47459,0.49324,1.0881,1.017,1.3318,2.2876,1.9361,1.7894,2.5118,1.048,1.8073,1.1354,1.4702,2.0222,1.9646,1.611,0.84097,0.30047,-0.059953,-0.74617,0.20168,-1.1811,0.63652,0.79099,0.66054,-0.12747,-0.69572,-0.71573,-0.9585,-1.2991,-0.10185,-0.13963,0.50669,1.1352,0.6909,1.6435,1.0847,1.0559,0.92207,0.97452,1.2609,0.075026,0.80994,0.60273,1.1252,0.45566,0.25743,0.41257,1.0349,1.3571,-0.43132,-1.8412,-2.4076,-2.5471,-1.8569,-1.2143,-2.6214,-1.0995,-0.55288,-0.21755,0.24148,0.50686,0.83787,0.90271,1.0419,0.95542,0.73648,1.4189,0.41835,-0.89077,-2.1028,-0.82355,-0.52648,-1.4399,-2.278,-2.5234,-1.783,-1.8556,-1.69,-1.9262,-0.47047,-0.24627,0.40198,0.11663,1.1725,1.536,1.9487,0.77875,1.2534,1.8992,1.3688,1.8333,1.1065,1.6563,2.1137,1.951,0.86876,0.711,0.33407,0.44726,0.070648,-1.3882,-0.63427,-0.4995,-0.70538,-0.44036,-0.4023,0.50935,1.7893,1.0366,1.4318,1.2452,1.3063,1.7205,1.3564,0.20719,0.40988,0.95573,0.52458,-0.74398,-1.9271,-1.1174,-1.3817,-0.45165,-1.2254,0.34316,0.55647,0.21261,-0.20993,-0.7248,-0.31284,-0.06415,0.17147,0.024099,0.36782,0.99669,1.3736,1.2925,1.0865,1.9784,1.7803,0.93868,-0.12603,-0.077927,-1.1718,-1.5641,-2.3399,-2.4309,-1.8535,-1.2974,-1.9029,-1.6791,-1.2459,-1.3919,-1.2348,-0.71027,-0.096944,0.63187,0.76207,0.63985,0.4564,1.0709,1.2527,1.0742,1.6384,1.4195,1.3992,1.3816,1.0386,0.83974,1.6799,0.43574,-0.45957,-0.46974,-1.9307,-0.82252,-0.64265,-0.91432,-1.9228,-1.9793,-1.35,-1.5082,-0.36048,-0.20606,0.53236,0.58909,1.1548,1.7874,2.3398,1.961,2.356,1.3818,1.7914,2.2687,2.0671,1.1945,1.3829,1.5081,0.75565,0.021642,0.99113,-0.29818,-1.0647,-1.4605,-0.58494,-0.78847,-0.91869,-1.4593,-0.53793,-0.012443,0.49921,0.88133,0.81952,0.11277,0.74336,1.2631,1.2645,1.3624,0.78078,1.1408,2.2439,2.0262,1.0124,-0.39669,-0.53756,-1.0266,-0.71291,-0.52514,-1.939,-2.0202,-2.1326,-2.0569,-1.6518,-1.8484,-1.1821,-0.71741,-0.37883,0.026777,0.55484,1.2738,1.7245,1.8145,1.8199,2.0685,2.1822,2.6412,0.37537,0.23112,-0.21097,-0.11305,0.16035,-0.63782,-1.2063,-1.3321,-0.37223,-0.83086,-0.59658,-0.86863,-0.45871,1.361,0.3833,-0.65256,-1.314,0.38165,-0.14073,-1.3934,-1.6974,-0.75244,-1.3939,-0.9186,-0.85046,-0.83089,-0.59251,-0.80407,-0.47034,0.46977,0.62571,1.6102,2.117,1.8549,1.7731,1.7164,1.6167,1.9377,2.0243,1.1178,1.5297,0.57599,1.3171,1.4992,0.93019,0.29404,-0.41625,0.28593,-0.10215,0.45879,-0.53693,-0.61423,1.3262,0.062069,-0.34677,0.35816,1.0878,0.53099,0.47154,0.1707,-0.17245,0.4017,0.7301,0.09621,0.16185,-0.67867,-0.33304,0.57058,0.55059,-0.14029,-0.84483,-1.0992,-0.21565,-0.34149,-0.5321,-0.67019,-0.81747,-0.67941,-0.22721,-0.75911,-1.3028,-0.34818,-0.83468,-0.63006,0.38851,0.25609,1.4827,1.7888,2.6093,1.6503,1.7833,0.62138,0.011928,1.2303,0.87125,0.5067,-0.30168,-0.84022,-0.62616,-0.2948,-0.56168,-0.42753,-0.12728,-0.003287,0.31731,0.70904,0.91439
-0.60404,-0.42169,-0.61492,-0.53405,-0.29295,-0.79713,-0.73121,-0.93588,-0.69066,-1.3895,-0.70177,-0.55646,-0.78503,0.068155,-1.4307,-0.12704,-0.020127,-0.79225,-1.1036,-0.61415,0.079966,-0.68092,0.24686,0.67883,-0.054274,-1.1222,-1.0105,0.32814,1.0716,-0.82236,-0.99408,0.14925,2.0007,0.39521,-0.19237,1.089,0.67795,-0.2711,0.42646,1.3675,1.1114,0.58203,-0.080565,0.99642,0.88416,1.2281,-0.083941,0.72776,0.54991,1.5977,-1.2468,-0.16876,0.65894,0.24629,-0.14096,-0.37509,0.54232,1.7584,2.0344,0.15727,0.53348,1.2057,0.98889,-1.2458,-0.62014,0.53555,1.0944,-0.2389,-1.1604,0.38098,1.0273,0.79375,-0.36975,0.67557,0.64296,0.49542,-0.44791,0.04697,0.44123,0.57689,-0.60759,-1.0769,0.0060932,1.8193,-1.4784,-1.2559,0.22017,-0.70576,-0.82048,-0.23591,-1.028,-0.96316,-1.2583,0.043527,0.36079,1.0305,-0.15192,-0.6574,0.62504,-0.36933,0.29781,0.12112,1.3037,1.4278,0.76739,-0.68883,1.3463,1.6648,0.60802,0.25496,0.88607,0.22735,0.37935,2.0165,0.73461,0.46558,0.22041,1.3363,0.94469,0.66885,0.83317,1.0443,1.2439,-0.1482,0.44868,0.30775,0.59128,-0.085606,-1.4036,-0.033168,-0.18798,-0.69694,-1.1405,-0.25678,-0.14252,-1.1764,-1.4434,-0.6479,-1.0143,-0.42033,-1.6665,-1.2373,0.82631,1.3479,-0.4614,-0.73579,0.15382,0.99704,0.37386,-1.2678,0.44519,1.1821,0.52468,-0.79407,0.28859,0.23689,0.24387,-0.5633,-0.98263,-0.083429,0.08446,-0.75234,-1.0463,-0.064612,0.53366,-0.72939,-2.4107,-1.7181,-0.20908,-0.60973,-0.61909,-1.7412,-0.61533,-0.59626,-0.70676,-1.4063,0.43234,-0.27997,-0.62012,-0.42719,-0.81114,0.24573,-0.2885,-0.56284,-0.28805,0.43009,0.046155,-0.13939,-0.6475,-1.2265,-0.30595,-1.1358,-0.80108,-1.2075,0.19985,-0.38115,-1.2593,-1.3086,0.53009,0.42807,-0.32718,-1.5563,0.50471,-0.86468,0.14401,-1.1485,-0.059886,-0.11323,0.21274,-0.13455,-0.54928,-0.49647,-0.45026,-0.94076,-1.6509,-0.45993,0.041742,-0.62989,-0.13834,-0.60315,-1.0828,-0.63747,-1.5176,-1.7086,-2.148,0.30494,-0.68941,-1.0799,-0.91842,-0.78751,-0.69408,-1.3251,-1.3786,-0.596,-0.73779,-1.3127,-1.9967,-1.3166,-0.59564,-1.5581,-1.215,0.27182,-0.054239,-1.1708,-1.3569,-0.019512,-0.20081,-1.1395,-1.0645,-0.7277,-0.69634,-0.34396,0.13773,-0.088212,-0.015706,-0.18362,-0.3599,-0.95097,-0.47281,-1.3187,-0.55094,-1.208,-0.19282,-1.0154,0.5516,0.44643,-0.13681,1.5889,1.225,1.1826,0.83408,1.1203,0.53541,0.27555,-0.35657,0.59891,0.7838,0.95525,0.68811,0.90076,1.1947,1.2443,1.3857,0.68429,1.0468,-0.042285,0.14216,-0.55657,-0.8392,-0.45378,-1.0108,-0.79829,-0.52414,-1.1333,-0.53228,0.35615,0.13479,-0.1785,-0.10014,0.11221,0.18302,0.11821,-0.64356,-0.31026,-0.081399,0.058499,-0.98653,-0.84541,-0.5871,-0.45155,-0.90692,-1.2136,-1.4248,-1.0978,-1.2531,0.10737,0.13319,-0.41666,0.14094,-0.80629,0.11596,0.26128,-1.0628,-0.23542,-0.63265,-0.73411,-0.40942,-0.40369,0.13984,-0.54226,-1.2701,-0.84959,-0.92248,-0.4672,-0.281,-0.13059,1.3644,-0.64238,-0.81122,-0.40975,0.12205,0.27273,0.4706,0.33237,0.037601,0.67267,-0.59979,-0.59255,-0.5664,-0.36719,-1.6236,-1.0727,-0.088181,-0.64688,-0.94182,-0.43776,-0.55829,0.088317,-0.80991,0.21853,0.58583,0.76025,0.090402,0.49668,1.0371,0.33552,0.48863,0.94468,1.2478,0.51303,0.92194,-0.2023,0.096949,0.7344,0.41925,-0.52088,-0.42631,0.2379,1.0448,0.0077655,0.25276,0.5043,0.78468,0.6902,-0.17793,-0.25089,0.50475,0.89656,0.46244,-0.16858,0.34303,0.3691,-0.28673,-0.77972,-0.66701,0.072062,-0.48609,-0.65548,-0.67892,0.041413,-0.28566,-0.41344,0.16494,-0.16953,0.47916,-0.23845,-0.13718,1.0274,1.1644,0.5503,-0.93495,-0.35393,0.4217,0.61458,-0.47763,-0.23154,0.086541,0.5192,0.70263,0.11456,1.1104,1.3127,0.17848,0.48206,0.70369,0.48866,0.11269,1.1661,1.6095,0.53207,-0.052829,0.57332,0.17544,0.013991,1.6708,0.29747,0.40165,0.44397,0.34,1.2968,1.09,-0.2934,0.53619,1.3054,1.4065,1.0665,1.1516,1.2029,0.50369,0.48074,1.2713,0.042184,0.77735,0.30029,-0.64901,0.13591,0.79276,1.01,0.52344,0.34038,0.51961,0.44965,-0.17021,-0.2127,-1.4303,-0.44793,0.32712,-1.0657,-0.78192,-0.4345,0.56555,0.40823,-0.22272,0.8487,1.075,1.2435,1.2114,0.80995,1.0803,1.4968,1.1892,0.37084,0.44247,-0.28533,0.17133,-0.29312,-0.62665,-0.23595,1.4344,0.96186,0.94531,0.57684,-0.15319,0.94347,0.7071,1.0501,0.25352,-1.1621,-0.51576,0.5659,0.15755,-1.0489,-1.3547,-0.41986,-0.5303,-0.63332,-1.6721,-0.64816,-0.61755,-0.19615,0.16032,-0.26311,0.39914,1.4081,-0.61852,-0.079646,-1.4375,-0.31978,-0.34403,-2.0472,-0.77545,-1.0492,-0.5726,-0.88345,-0.44118,0.49727,-0.074083,-0.23995,-0.29713,-0.19036,0.70586,0.49798,0.0676,0.07316,1.2323,-0.053753,0.033636,0.48578,-0.044032,0.38173,0.30074,-1.036,-0.27129,-0.016305,1.5011,0.1344,-0.065212,0.76019,0.68236,0.44953,0.2585,-0.47699,0.3323,0.96229,-0.009814,0.14836,-0.51789,0.89623,0.20695,-0.24243,-0.36242,0.7657,0.47132,1.1618,-0.55444,0.65277,1.1822,0.11417,-0.81522,0.18015,1.2739,0.53452,0.58512,-0.11129,0.57187,0.19843,0.72581,0.34193,0.088387,0.092054,-0.33555,-0.079148,-0.34844,0.81317,-0.2368,0.085832,0.20224,0.33463,0.83747,0.88508,-0.26349,-0.55156,0.48544,1.1335,-0.46198,-0.97269,0.68187,1.4956,0.37456,0.34978,1.0942,1.5817,1.1105,0.48754,0.96673,1.4823,0.74663,0.9337,1.3547,0.97728,1.1616,-0.031569,-0.12325,0.92388,1.1112,1.8044,0.021231,-0.097755,0.26835,0.20545,0.037992,-1.5788,-0.94252,-0.3648,-0.66699,-2.1482,-1.3913,-0.39819,-1.6821,-0.64738,-0.59556,-0.56497,0.23844,-0.46549,-0.6968,0.025299,0.21999,0.66948,0.27092,0.3308,0.099592,0.80698,0.69623,-0.26582,-1.1893,-0.60149,-0.55614,-0.80646,-0.87052,-0.29464,-0.51062,-0.2078,0.37035,-0.43613,0.51154,0.5042,0.62846,1.1185,0.57954,0.44978,0.17585,-0.13673,0.23757,-0.53571,-0.62201,0.28693,0.42512,0.31813,-0.24322,0.29431,1.5326,1.1322,-0.14713,-0.36109,0.37872,0.66781,0.47855,-0.042654,0.65521,0.25364,0.49551,1.0118,1.1204,1.3374,1.259,0.41107,0.72346,1.1595,1.9766,0.55266,0.4255,-0.45361,0.077834,-0.99131,-0.95766,-1.0027,0.15321,0.44236,-0.44782,-1.1172,-0.50155,-0.78342,0.24755,-0.54514,-0.70033,0.64699,0.57048,-0.15752,-0.90281,0.56576,0.78232,-0.35858,-0.60658,-0.041059,1.2488,0.28317,-0.35567,-0.41282,0.45805,1.4835,-0.58948,-0.40721,0.45855,1.2038,0.92747,-1.6344,-1.1935,-0.59447,0.42849,-1.2997,-0.18206,0.021214,0.50656,0.66277,0.51419,0.20278,1.6794,1.2246,0.59915,-0.32615,-0.70718,-0.097748,0.40324,-0.27824,-1.0998,-0.285,-0.71558,-0.61745,-1.0947,-0.82959,-0.21901,-0.21615,-0.76628,-0.25644,-0.21226,0.67332,-0.057986,-0.57635,0.13854,0.36028,1.104,0.076388,-0.11592,-0.47635,0.39587,0.67628,0.49645,0.07994,0.95059,1.065,0.48073,-0.12735,0.68832,0.87003,0.81167,-0.0020467,-0.20382,0.7488,0.58075,0.64314,-0.72048,-0.81749,0.13474,0.40566,-0.21821,-0.20761,0.49894,0.20311,0.58935,0.015979,0.86017,0.82661,1.5794,0.63357,0.60732,0.82938,0.64896,2.159,1.0423,0.32456,1.4833,0.42963,-0.36822,-0.48421,0.65536,-0.28507,0.9439,0.15492,0.94442,1.76,1.8969,0.89064,1.8797,0.44501,1.012,0.37342,0.067388,-0.15304,0.48323,0.40938,0.094008,0.26756,0.39418,1.2848,0.91455,-0.28671,-0.11469,-0.083205,-0.036996,-0.38007,-0.60645,-0.5272,0.35696,0.046818,0.018354,-0.39048,-0.26977,0.26522,-0.33032,-0.038828,-0.46215,-0.18952,-0.30373,-0.45506,-0.61573,0.1987,0.57906,0.48225,-0.34059,0.12089,0.8821,0.47061,0.062567,0.19508,0.62811,0.35952,0.25762,0.14807,-0.33769,0.50788,0.28449,-0.48966,0.29274,1.8025,1.485,1.5157,1.0795,1.171,1.2332,0.10517,0.049649,-0.050742,1.2836,0.23861,-0.59221,0.44941,1.3999,0.41059,0.65198,0.24758,1.2306,0.77274,-0.21766,0.74743,1.644,1.1916,0.21873,0.31228,0.012335,1.2372,0.99038,1.1556,0.0045965,-0.16256,0.88851,1.3805,-1.0199,-1.2916,0.023786,-0.13317,-0.73152,-0.56923,-0.2828,0.22798,0.87034,0.11876,0.7952,0.66687,1.2542,0.24884,1.8283,1.1646,1.372,2.359,0.7998,-0.21226,0.68998,-0.32358,-0.4851,-1.028,-0.98098,-0.82619,-0.75349,-0.30616,-0.35522,-0.34437,0.9226,0.26186,-0.26643,0.18536,0.34776,0.15633,0.18224,0.059199,0.2472,-0.65231,1.5732,0.54891,0.54961,0.36843,0.2895,0.70801,-1.1504,0.30619,0.83735,-0.9817,-1.3928,-1.0334,1.034,-0.22753,0.22357,0.25108,1.1591,0.55386,0.6363,0.48044,0.59549,0.57336,1.2458,0.55784,-0.45503,-0.24301,0.29041,-0.9284,-0.48115,0.20328,-0.633,0.66032,0.15019,0.78847,1.0819,0.16848,-0.020306,-0.092218,0.75066,-0.35628,0.76072,-0.08023,-0.16305,-0.069463,0.078281,0.37404,-0.22758,0.49992,-0.18861,2.1028,-0.31265,-0.040564,0.17225,-0.50424,0.28604,-0.35979,-0.34383,-0.41429,-0.83089,-0.97433,-1.0136,-0.50162,-0.090493,-0.38893,-1.4311,0.054491,1.3786,0.75349,-0.20504,0.26289,0.90149,0.86089,0.28633,0.15194,-0.21503,0.65681,0.99556,0.51092,-0.65518,-0.1917,-0.1103,-0.041332,-0.10562,-0.089544,0.037927,-0.3604,-1.2724,-1.2631,-0.11939,-0.54414,-0.89218,-1.0304,-2.333,-0.4167,-0.8947,-0.37969,-1.3423,-0.25294,-0.16555,0.32785,-0.16903,-0.94708,0.2095,-0.35278,0.20368,-0.066725,-1.0537,0.74818,-0.72329,-0.91395,-0.56803,-0.9127,-0.1054,0.43335,-0.90974,-0.94016,0.39469,0.29511,-0.23761,-1.1659,0.56702,0.67966,-0.45589,-0.95823,-0.67647,0.28949,0.064471,0.56131,-1.0534,-0.17697,-0.7579,0.44755,-0.81901,-0.56526,-0.5839,0.37638,0.86938,-0.85499,-1.0824,-0.69531,-0.38677,-0.82257,-1.3752,-0.49485,-0.14852,-0.12081,-0.047636,0.041903,-0.28285,0.74103,0.70204,1.0567,1.0553,1.4789,0.48376,1.42,0.22081,0.8693,-0.068615,0.54922,0.11242,-0.71047,0.30078,0.34946,-0.12249,0.38522,0.48358,-0.14777,0.011885,1.2325,-0.55997,0.88222,0.91127,-0.043157,-0.17894,-0.45999,-1.4305,-1.8662,-0.79197,-1.618,-1.8965,-1.8645,-1.1626,-1.6499,-1.7213,-0.68165,-1.3334,-0.11531,-0.55984,-0.20887,-0.32066,-0.24895,-0.14178,0.16027,0.14327,0.10042,-0.43625,-0.36816,0.12767,-0.91975,-0.74485,-1.0419,-0.59805,-0.20773,-0.77008,-0.72491,-1.1688,-0.20817,-0.38664,-0.97551,-1.2298,-0.81081,-0.86802,0.58098,-0.61474,-1.5728,-0.35917,0.023063,0.021626,-0.29157,-0.037728,-0.32264,0.015724,-0.33092,-0.11561,-0.18059,-0.47946,-0.25183,-0.65102,-0.26576,-0.070505,-0.21743,-0.88705,-0.21702,-0.21359,-1.3857,-1.6386,-0.41993,0.002383,-0.26462,0.74886,0.59865,0.5876,0.17632,0.28589,0.85233,0.32743,0.29881,-0.029089,-0.010407,0.63862,0.78457,-0.27421,0.083732,-0.60159,-0.25514,-0.3371,-0.65566,-0.21517
-0.6513,-0.64112,0.13819,0.28515,0.12026,-0.079901,0.7753,0.11756,0.5508,-0.3768,0.26632,0.38628,-0.01321,-0.22947,0.28748,0.77319,-0.12743,-0.018286,0.098357,1.0642,0.36964,-0.077509,0.57295,0.51622,-0.16057,-0.082932,-0.65168,-0.3502,-0.096735,-0.5967,-0.49,-0.58376,-0.20874,1.0368,-0.46415,0.69253,-0.24788,-0.22977,-0.98132,-0.49541,0.73979,-0.60922,-0.56721,0.22819,0.30684,-0.37307,0.76915,-0.123,0.045833,-0.50462,-0.66125,-0.10621,-0.96607,-0.331,0.062063,-0.16098,-0.16669,0.56405,-0.20867,0.70065,-0.52985,-0.069876,0.32762,-0.62437,0.62018,-0.63075,-0.25368,-0.029017,-0.87848,-0.35608,0.58032,-0.081965,-0.14075,0.30914,0.28511,-0.27223,-0.39998,-1.3998,-0.013591,0.18585,-1.3124,0.019144,-0.75679,-0.21213,-0.83459,-0.23547,-0.96553,-0.53598,-0.046115,-0.29185,-0.24365,-0.49226,1.3894,1.53,0.80897,0.83867,-0.16877,0.65459,0.44762,0.17236,-0.022399,0.22419,1.2019,0.1659,-0.056279,0.14093,0.78871,-0.53258,0.38101,0.59826,0.8721,-0.11149,0.29305,-0.43972,0.5624,0.1996,-0.19559,-0.033018,-0.15126,-0.033326,0.0020994,0.65545,0.53821,-0.44045,0.94393,0.11006,0.35649,0.09023,-0.028778,-0.25153,-0.16031,-0.22042,-1.0919,-0.41523,-0.39609,-0.18536,0.55528,-0.34921,0.51828,0.039015,-0.4644,0.3991,0.4602,-0.42644,-0.33124,0.080164,-0.47872,0.50728,0.24565,-0.47453,0.34443,0.59316,-0.35385,-0.1376,-0.010561,-0.33016,-0.049718,-0.38696,0.14333,0.16573,0.40964,-1.5224,-0.64873,-0.56865,-0.51299,0.10243,-1.2532,-1.0322,-0.69974,-0.87906,-1.4237,-1.6089,-0.48116,-0.046704,-1.1451,-0.43616,-0.34303,-0.80642,-1.2236,-1.0603,-0.36206,0.4778,-1.038,0.010064,0.48402,0.91644,0.58796,0.05075,-0.062165,0.32589,-0.2687,-0.4102,-0.69456,0.1533,0.040042,-0.19873,-0.42731,0.027057,0.74129,0.50637,-0.39828,-0.2255,0.56701,-0.83285,-0.57653,-0.77509,0.45492,0.33668,-0.44124,-0.21526,0.65326,-0.47825,-0.34714,-1.022,-0.08393,-0.81187,-1.3868,-0.11119,-0.91293,-0.47272,-0.25387,0.33582,0.81669,0.79201,0.22617,-0.11676,-0.055282,0.40258,1.0961,-0.3898,-0.16137,0.23639,0.020667,0.69322,0.1952,0.051642,-0.010521,0.57881,-0.17545,0.33272,0.27098,0.86959,0.28591,0.49745,0.30822,0.25131,0.38018,0.64497,-0.19824,1.2954,0.84645,1.1167,0.55905,0.2656,0.84571,0.49945,-0.042467,0.012665,0.62187,0.45998,0.91385,0.068722,0.32981,0.0089857,-0.041718,-0.14467,0.31407,-1.0783,-0.096038,-0.56835,-1.3598,-1.2071,-0.28132,-0.40032,-0.47658,-0.52501,-0.41781,-0.18006,-0.030331,-0.55364,-0.17033,-0.26847,-0.8641,-1.3185,-1.0577,-1.0992,-1.0747,-1.1916,-0.80866,-0.91502,-1.2424,0.010118,-0.25194,0.51638,0.081025,-0.48187,0.066313,0.60128,-0.090066,0.35964,0.61435,1.1505,-0.0096317,-0.42039,0.08209,0.41355,-0.14847,-0.073993,0.64099,-0.1196,-0.32967,0.40493,-0.093195,0.93073,-1.1044,-1.0111,0.17763,0.32539,1.2043,-0.49546,-0.6031,0.045487,0.24452,0.28928,-0.45107,-0.40663,-1.0176,-0.16443,-0.23524,-0.21233,-1.4794,-0.87821,-0.15553,-0.1744,-1.2105,-0.25832,0.44886,0.58808,0.025776,-0.51709,0.64523,0.32176,-0.11622,0.24243,0.27581,-0.18929,-0.78302,-0.59899,-1.1586,-1.3621,-1.0457,-1.001,0.44117,0.15171,0.75407,0.7149,0.27703,1.949,1.0638,1.2077,1.4711,0.76797,0.037345,0.47409,-0.1637,0.14117,1.3889,0.24928,0.32171,-0.4962,-0.24319,-0.38186,-0.53601,-1.222,-0.48244,-0.1091,0.48918,-0.65512,0.20689,0.32959,-0.24167,-0.44083,0.9178,-0.058501,-0.76995,-0.11213,-0.71255,-0.81425,-0.162,-0.81754,-0.38683,-0.70997,-0.83513,-0.7424,-0.03903,-0.77484,-0.70909,-0.82396,-1.0157,-0.67969,0.043545,0.83589,0.86625,1.1441,0.84758,0.84546,0.89718,1.3816,0.87983,0.063837,0.41847,0.05642,1.4908,1.0452,0.76272,1.0176,1.1027,0.34987,0.21656,1.4484,0.74528,0.68262,0.64414,1.6008,1.1808,0.9605,0.36039,1.0797,0.39833,0.031703,-0.031955,0.28343,-0.095988,0.3529,-0.67094,-0.086907,0.97912,0.43914,0.31579,0.49658,0.98178,0.77277,-0.054191,0.7902,0.22806,0.67341,0.20701,-0.27193,-0.18916,0.95028,-0.041951,-0.35915,-0.13807,-0.12785,-0.20351,-0.44435,-0.069296,0.71399,0.28501,-1.2078,-1.3392,-0.39624,-0.8078,-0.7612,-1.1818,-0.91363,-0.82483,-0.32849,-0.36131,0.082053,0.88711,0.4192,0.47207,0.8327,2.1243,1.1452,0.93884,0.22923,0.75516,0.36013,-0.088543,-0.42347,0.55397,0.82427,-0.19231,-0.91961,-0.42052,-0.21895,0.32943,-0.41852,-0.22957,1.2606,0.40872,0.208,-0.020474,0.64665,-0.34141,-0.012467,-0.57309,-0.55115,-0.83922,-1.7504,-1.6713,-1.4386,-1.3811,-1.3792,-1.3704,-0.8497,-0.29815,-0.38327,-0.48298,-0.64877,0.14553,-0.32676,-0.5216,-1.019,-0.71269,-0.65812,-0.78094,-0.13539,-0.49983,-0.12592,-0.060484,0.32956,-0.51471,1.5306,0.2233,0.0043143,0.42303,-0.18169,0.42355,1.0728,0.86209,0.63949,0.98893,0.80275,0.16894,0.34688,-0.50686,0.051523,-0.51007,-0.56675,-0.40626,-0.40891,0.4283,-0.11301,-0.018694,0.73959,0.22467,0.98105,0.25341,-0.23553,-0.33038,-0.86909,-0.49122,-1.4794,-0.75851,-0.57261,-1.0326,-1.266,-0.62107,-0.13968,-0.59925,-0.29105,-0.32512,0.7692,0.60685,-0.32101,0.47225,0.94493,0.66133,0.53658,-0.40576,-0.63952,0.18177,-0.32131,-1.1603,-0.17604,0.090656,-0.28699,-0.61217,-1.006,-0.57476,0.013703,-0.34473,-0.45023,-0.33715,-0.079048,0.41102,-0.29948,-0.53688,-0.087937,-0.44033,0.28512,-0.14567,0.88297,0.39951,0.97159,1.0305,1.1371,1.6187,0.5692,0.4167,0.47079,0.082967,0.61909,-0.088916,0.71534,0.070013,0.092355,-0.4992,0.095943,-1.3407,-0.72814,-0.10468,-0.60039,-0.44563,-0.5371,-0.49233,-0.62198,-1.3266,-0.3254,0.60031,-0.37804,-0.19898,-0.13922,-0.49374,0.065461,-0.024346,0.79372,1.0552,0.23696,0.44031,0.64061,-0.21035,0.32742,-0.039969,-0.34322,-0.35019,-0.38283,-0.2946,-1.3317,-0.56347,-1.7098,-0.89224,-0.49065,-0.76182,-0.93449,-1.2425,-0.11427,-0.17659,-0.075381,-0.32377,-0.024007,0.076816,-0.2301,-0.32404,-0.45988,-1.2805,-1.1143,-1.9273,-1.0482,-1.5252,-1.0206,-0.6675,-0.18697,-0.25453,-0.33845,-0.52421,-0.4391,-0.19722,-0.72411,-0.32684,-0.075401,-1.2469,-0.012761,1.1373,0.11955,0.38189,-0.11918,0.71885,0.65914,0.35198,0.092433,-0.1039,-0.1693,-0.7277,-0.33839,-0.22271,-0.66463,-0.53305,0.47071,-0.13453,-0.46507,-0.75625,0.17986,0.48031,0.43879,0.33324,1.0151,0.73401,1.4359,1.4332,1.077,1.4748,1.4493,0.60179,0.46521,1.399,0.74012,0.52884,1.2965,0.78806,1.1798,1.2516,0.70876,0.93044,0.58788,1.3124,1.0242,1.6812,1.2943,1.8312,1.4037,2.0477,0.51142,1.3683,0.89445,1.0465,0.29879,1.4572,0.42881,0.90184,1.0843,1.0806,0.82909,0.1349,-0.16424,-0.70876,-1.1388,-0.88466,-1.3483,-1.3692,-0.093278,-0.90798,-0.45388,0.17282,-0.5242,0.13523,-0.046483,-0.012786,-0.28085,-0.10222,0.21503,0.86961,0.17875,0.20657,0.27486,0.87156,0.6714,0.53313,0.75841,1.1661,1.1329,1.1959,0.71157,1.3804,0.85333,0.75475,0.13449,0.82035,0.61689,0.74884,0.10777,-0.338,-0.58905,-1.6602,-0.88348,-0.5054,-1.0202,-1.1946,-0.69359,-0.6343,-0.93755,-0.10568,-0.24422,1.184,0.81359,0.97258,0.65704,1.1556,0.83469,0.72414,0.46388,0.80476,-0.23088,-0.48143,-1.7961,-2.548,-1.1327,-0.72226,-0.7035,-0.13085,0.54571,-0.10967,0.6337,-0.17481,-0.096041,1.1119,0.47957,0.99449,0.98613,0.69055,1.0324,1.0548,0.33184,0.57977,0.75251,1.0401,0.25346,1.0759,0.79971,0.37917,0.50618,0.37124,-0.2468,-0.19929,-0.38922,-0.34237,-0.91896,-0.69392,-1.6177,-0.49098,-0.46508,-0.62491,-0.1492,-0.10949,-0.11994,-0.0053571,-0.063224,0.23621,0.43896,0.35863,0.17073,-0.69189,0.45482,0.5936,0.62458,1.392,1.5709,1.5285,1.0377,1.0976,0.68137,1.0465,0.5725,0.16506,0.10388,-0.15524,0.21503,-0.67357,0.18043,0.33652,0.53637,0.14867,0.23395,-0.052758,0.60363,0.32961,0.42561,-0.22807,0.48152,0.22242,0.38896,0.69636,0.8746,0.81716,1.0773,1.8744,1.9983,1.7234,1.3044,1.3704,1.0912,0.66493,0.34331,0.91801,0.44384,0.4685,1.0454,0.83369,-0.066626,-0.4115,-0.52201,-0.55934,-1.3889,-0.73091,-0.72853,-0.69732,-0.98382,0.0046362,0.11441,0.9616,0.34099,0.64101,0.35464,0.26686,0.31695,-0.39011,-0.4324,-0.23293,-1.2497,-1.0983,-0.86574,-1.2406,-1.1139,-1.1149,-0.21169,-0.27473,-0.40321,0.19719,0.2454,0.74896,1.1748,1.3539,2.5572,1.4912,1.4253,1.7134,0.89452,0.72039,1.7023,1.3005,1.0335,1.092,0.64588,0.85113,0.3434,0.39617,0.3865,0.20116,-0.34867,-0.72092,-0.99194,-0.86766,-0.96464,-0.87272,1.0823,0.11519,1.158,1.2696,1.2414,1.4756,1.0159,0.30442,0.96071,1.3101,0.29548,0.033056,-0.60233,-1.2914,-2.0063,-0.92016,-0.84201,-0.12851,-0.30485,-0.044759,-0.13156,-0.45248,0.4221,-0.63956,-0.25565,0.17962,0.56794,1.4782,0.33279,0.24183,1.0452,1.3782,0.38244,1.2856,-0.082495,0.2845,0.42684,0.658,0.41247,-0.8105,-0.54267,-1.4151,-1.2547,-1.0679,-1.2719,-1.3588,-1.138,-1.0463,-0.73771,-0.42405,-0.18859,-0.027844,0.43365,0.43474,1.1535,0.65682,0.91339,0.59569,0.97021,0.15128,0.64885,-0.19227,0.36433,0.78527,0.45916,-0.5851,0.10837,-0.56493,-1.2964,-0.12401,-1.0076,-1.5429,-0.93263,-0.93088,-0.8194,-1.7517,-0.45386,-0.61729,-0.047491,-0.827,-0.054959,0.77058,0.82039,0.9495,0.32057,0.43376,-0.0025361,0.10363,-0.095714,0.12798,0.062271,-0.01154,0.38465,-1.1887,-0.95448,-1.1655,-0.57001,-0.5144,-0.50032,-0.24942,0.096591,-0.17833,0.39185,0.69169,1.5065,0.63098,0.66787,0.66578,0.9887,0.43441,1.5611,0.83845,0.87821,0.52777,-0.041084,0.059499,-0.15729,-0.32339,-0.12883,-1.2021,-0.65759,-0.74664,-1.3268,-1.2084,-1.688,-1.1579,-1.4566,-1.0275,-0.52984,-1.1468,-0.70437,-0.24543,0.11515,0.59542,1.0601,0.3933,0.57562,0.5543,1.2973,0.49441,-0.20437,-0.14445,-0.51184,-0.94321,-1.5564,-1.9111,-1.1851,-0.35554,-0.14124,-0.96752,-0.79248,-0.53417,-0.67481,-0.55869,-0.83546,-0.4461,-0.62546,-1.0499,-0.63658,-1.4796,-1.6789,-1.0557,-0.87211,-0.33525,-1.3854,-1.2951,-0.73376,-0.20726,0.19807,-0.27653,0.22507,0.39415,0.48628,0.82266,0.94695,1.1042,0.55512,1.0585,0.59402,-0.037837,0.42407,0.55141,0.65738,-0.25033,-0.3253,-0.50481,-0.040166,-0.76977,-0.80348,-0.66528,-0.25856,-0.049854,-0.14942,-0.93473,-0.61649,-0.37739,-0.15194,-0.57763,-0.66278,-0.94111,-0.38164,-0.47468,-1.2912,-0.8323,-0.63552,-0.59425,-0.18266,-0.63714,-0.90693,-0.3693,-0.18966,-0.091916,-0.11608,0.12947,-0.48626,0.0025214,0.16403,0.11463,0.22203,-0.54217,0.11248,0.11724,0.17431,-0.48001,-0.43093,0.39062,0.16336,-0.03993,0.79829,0.27462,0.55105,-0.054261,0.33706,-0.5138,-0.59599,-1.0772,-1.2579,-1.3846,-1.3714,-1.182,-1.4353,-0.75399,-0.46616,-0.16625,0.049223,-0.40474,-0.33475,0.67554
-1.1107,-0.71427,-0.72223,-1.1243,-0.82639,-0.87669,-0.63755,-0.48213,-0.65933,0.11723,-0.47309,-0.96215,-1.4276,-0.86151,-0.20086,-1.0363,-1.0797,-1.3446,0.25021,-0.63675,-0.78163,-0.5195,-0.10916,-0.22205,-0.98577,-0.37147,-0.81171,-0.79933,0.015796,-0.54815,-0.031998,-0.42876,0.10137,-0.017589,0.059711,1.3604,0.05469,-0.33525,0.61663,0.12555,0.10596,0.038803,0.8556,0.30943,-0.21162,-0.28774,0.97927,0.24974,0.014737,0.22035,-1.1842,-0.58201,-0.28651,-0.30985,-0.27184,0.033909,-1.3391,0.47813,0.14534,0.21187,-0.40035,-0.54386,-0.81581,0.048913,-0.99287,-0.55206,-0.70184,-0.51001,-0.27536,0.1322,0.11023,-0.36865,0.074902,-0.79664,-0.95991,-1.1482,-0.30943,-0.25606,0.36053,0.14701,0.40052,0.096426,-1.0351,0.4338,-0.40386,-0.45315,-1.7694,-0.19963,-0.15559,-1.232,-1.2064,0.2399,-0.44586,-0.5143,0.15601,-0.61288,-0.48757,0.43066,-0.53057,-1.4387,0.78675,-0.81215,-0.036265,0.038862,0.05284,0.63513,0.5142,-0.23919,-0.17088,-0.45041,0.69487,0.48289,-0.017378,0.96288,0.58549,0.68342,-0.40031,0.37572,0.094174,0.20943,0.39386,-0.33262,-0.0058959,0.35782,0.15198,0.36832,-0.037945,1.0872,1.1622,1.0935,0.42664,-0.13577,0.046365,-0.72926,0.15126,-0.43629,0.16141,0.31508,1.3089,0.046806,0.30961,1.2761,-0.030896,1.0705,1.0366,0.06845,0.37952,0.93585,1.1002,1.3263,0.56245,0.4978,-0.13186,1.5961,0.57827,0.094347,0.28588,0.22102,0.8446,0.61244,0.70056,0.82943,0.79161,0.94283,0.78037,0.58033,0.21218,0.24221,2.1578,-1.2836,-0.41731,0.67101,0.23497,-0.44419,0.065812,0.8402,0.84849,0.19032,0.14355,0.017859,0.5181,0.26468,0.0074098,0.31984,0.25504,0.98322,0.54443,0.39871,0.029262,0.51358,0.88746,0.71377,0.99631,0.70343,-0.025817,0.63923,1.1331,0.90837,0.4413,0.16271,0.050765,0.43025,0.67851,0.69473,0.60082,1.0794,0.53636,-0.57751,0.23735,0.030296,0.21802,0.48379,0.57332,1.1841,0.27207,0.22485,-0.63012,-0.043256,0.5104,-0.23779,0.048358,-0.77805,0.1288,-0.26664,0.35721,-1.1549,0.66715,0.14733,0.2224,0.23446,0.57806,-0.29395,-0.16798,-0.30579,0.18302,-0.6775,0.23033,0.11678,-0.17807,0.19003,0.010405,1.3164,0.10112,-0.16359,0.13722,0.40533,-0.3929,0.86913,0.42156,0.39951,-0.10025,0.23694,0.039203,0.12804,0.058901,0.80293,-0.1037,1.3738,0.34394,-0.32753,1.4229,0.014578,0.24405,0.45136,1.4773,1.1566,0.015645,1.4585,0.60258,0.2046,0.40108,-0.047651,0.73493,0.25283,0.11547,-0.71641,-0.95603,-0.017671,0.025602,-0.17383,1.2063,0.55749,0.22906,-0.93929,-0.39419,-0.6133,-0.46475,0.62602,-0.084296,-0.78569,-0.024346,-0.61953,0.20782,0.92229,1.2448,0.96036,1.0564,1.0708,0.86853,1.3866,0.91677,0.54051,0.77512,1.1324,1.1101,0.072871,0.21573,0.38355,0.68462,0.083377,0.14641,0.90471,0.67396,0.50066,0.80434,0.9888,1.9111,0.67748,-1.1441,0.28779,0.44432,-0.9424,-0.44077,-1.0907,-0.056974,-0.65501,-1.2541,-0.071039,0.021834,-0.63653,-0.78871,0.023309,-1.018,-0.5735,-0.31894,-0.50394,-0.57388,-0.093708,-0.0070415,0.099101,-0.47393,-0.25977,0.51048,-0.079903,-0.29495,-0.81932,-0.48306,-0.96936,-0.17792,0.28132,-0.27208,-1.2367,-1.7062,-0.48868,-0.76648,-0.70273,0.84867,0.53024,-0.27478,0.0050304,0.38091,0.42478,0.45044,-0.041471,-0.32275,-0.25417,0.7982,0.22058,0.11291,0.26053,-0.093525,-0.043537,-0.38585,-0.72412,-0.20794,-1.382,-0.26465,-0.11733,-0.49989,-0.68084,0.51386,0.058331,-0.021593,0.066427,-0.59411,-0.53446,-0.04128,-0.92081,-0.75515,-1.4023,-1.1366,-0.57002,-0.42805,-0.8696,-0.48207,-0.78748,-0.3354,-1.6552,-1.0657,-1.4533,-0.81105,-0.20025,0.15788,-0.10839,-0.15627,-0.052561,-0.33767,0.055741,-0.88296,-0.80292,-0.17995,-1.1697,-0.72377,-0.27769,-0.75318,-0.04406,-0.29279,-0.71006,0.2721,0.23783,-0.33206,-0.49998,-0.09571,0.18909,-0.64085,-0.70004,-1.501,-0.48367,-0.18298,-0.76422,-0.81736,0.1438,-0.31488,0.019485,0.47612,-0.50702,-1.0817,-0.52755,-0.60089,0.043699,-0.2547,0.25211,-0.084163,-0.22748,0.34137,0.07092,0.16522,-0.17643,-1.0966,-0.20451,-0.039399,-0.31013,0.49535,-0.9929,-0.45208,-1.116,-0.95299,-1.2163,-0.5328,-1.182,-0.81629,-0.93168,-1.4942,-0.50368,-0.12326,-0.61962,-0.91285,-1.229,-0.30527,-0.24523,-0.40631,-1.1397,-0.49331,-0.59163,0.6321,0.23433,0.046279,0.4805,0.81218,0.70047,0.2016,0.60617,-0.039848,0.83492,-0.040293,0.083345,-0.15152,-0.68059,0.44736,-0.032657,0.58617,0.076352,0.57085,0.61593,-0.8633,0.43452,0.34265,-0.27653,-0.54685,-0.45647,-1.0238,-1.3,-0.97129,-0.79677,-1.7547,-1.1267,-0.81017,-0.7854,-0.39443,-0.25707,-0.6112,-0.37389,-0.11039,0.019594,0.23662,-1.0912,0.39185,-1.0764,-0.99209,0.056316,-0.92069,0.10747,1.1798,1.217,0.099907,0.11498,-0.23615,0.68393,1.1565,0.91412,1.1787,0.18265,-0.49827,0.9716,0.79248,0.060648,0.43357,1.5441,1.4596,1.1172,0.37709,1.6217,0.29168,-0.36273,0.36696,-0.56689,0.009276,-0.12897,-0.40577,-0.35352,-1.0085,-0.23704,0.31999,0.93498,-0.060037,-0.6786,0.55747,0.45025,-0.57985,-0.62337,-0.80826,0.57918,-0.68279,-0.40215,-1.0099,0.21255,-0.90617,-0.82171,-0.15845,-0.010858,-0.12029,0.49936,-0.65066,-0.27528,-0.73572,-0.99626,-1.2343,-1.496,-0.0064432,-0.77876,-0.28948,-0.72893,0.14868,-0.39122,-0.24961,-0.33428,-0.32179,-0.19239,-0.17871,0.47783,-0.074431,0.013055,-0.087018,0.19145,-0.7958,-0.50394,-0.48115,0.073617,-0.98772,0.10738,0.13896,0.28689,-0.65271,0.2225,0.40572,-0.30344,-0.029418,-0.17852,0.5235,0.14989,0.34626,0.42369,0.10118,0.45879,0.36908,-0.15316,-0.098126,0.94889,0.84421,1.0282,-0.030305,-0.015978,-0.59185,-0.075274,0.24476,0.90417,0.2052,0.78606,0.67785,1.4759,1.7987,1.7997,0.43647,0.81237,1.2053,0.84491,0.52648,0.59893,0.64766,0.82488,0.68609,0.38383,0.19149,0.6801,1.4045,0.7761,0.52206,0.23992,-0.58195,0.059272,-0.066336,0.012079,-0.40021,0.27498,1.145,-0.015501,0.77569,1.0043,0.34344,0.15387,0.14463,-0.19566,0.32462,-0.60975,-0.51314,-0.3999,0.56948,0.078365,0.51521,-0.33962,0.67904,-0.080646,-0.47556,0.20381,-0.36613,-0.38031,0.21762,-0.0394,0.20537,0.39044,0.38189,0.67326,1.1081,1.0804,1.3082,0.73691,1.003,0.61342,1.1365,0.71835,0.30099,1.1147,-0.26052,-0.056495,-0.25182,-0.0029162,-0.56344,-0.45137,-0.13614,1.037,1.2329,0.49982,0.19138,1.1006,1.3133,0.52588,1.4101,1.5438,0.93517,1.2995,1.8635,0.98617,0.68877,0.91006,0.69396,0.94102,0.9404,1.3008,1.2704,0.51412,0.54082,0.46965,0.48021,1.1583,1.4341,0.80584,0.49244,0.30689,0.1652,-0.22335,0.21938,-0.36484,0.48925,-0.47825,-0.15013,0.7596,0.68383,1.2906,-0.11066,1.0161,0.58222,0.15586,-0.80334,-0.76924,-0.49657,-0.3533,-0.15069,-0.18786,-0.38187,-0.33301,0.14084,0.6063,-0.23823,-0.63179,1.1394,0.4418,-0.11675,0.61273,1.0663,1.1129,1.1376,1.3228,0.85037,1.0682,1.5883,0.63385,0.083015,0.52017,-0.089786,0.242,-0.15745,0.14012,0.21686,-0.066391,-0.31612,-0.22151,-1.0239,0.031434,0.099672,-0.48312,-0.21362,-0.076447,-0.80118,-1.0713,-0.94853,-0.68173,-0.38413,-0.60355,-1.0048,0.0065359,-0.0083673,-0.30113,-0.15769,0.34048,0.67361,0.36074,1.1848,0.89845,1.3615,0.94187,0.032477,0.32491,0.16711,-0.046535,0.57134,-0.85283,-0.92166,0.34355,0.45131,0.54102,0.80841,0.66328,1.3284,1.5341,0.97827,1.8236,0.69312,0.71999,0.15937,0.24175,-0.11886,0.72741,0.2974,0.058285,1.4294,0.79599,0.9351,0.33629,0.59058,0.0027532,-0.36967,-0.018129,-0.063031,-0.30566,-0.20464,-0.37266,-0.25813,-0.67224,-0.6503,-0.30084,-0.64111,-0.49142,-0.068062,-0.017679,0.10796,-0.32666,1.2818,-0.66195,0.69223,0.59617,0.68874,-0.24989,0.079387,0.10886,0.72382,1.0416,0.41473,0.76845,0.17704,0.98164,0.47528,-0.39656,-0.45616,0.056498,-0.57058,0.081521,-0.79159,-0.45445,0.37151,0.11241,0.12822,-1.6892,-1.3273,-1.0848,-1.335,-0.75754,-1.0309,-2.0027,-0.56995,-0.58885,0.20837,0.17721,-0.14809,-0.26662,0.1618,0.72351,-0.10467,-0.28422,-0.22995,-0.058889,0.099349,-1.1594,-0.12484,-0.27725,-0.53641,0.53828,-0.72942,-0.20315,-1.0734,-1.6338,-0.69079,-1.0307,-0.41193,-1.846,-0.79867,-0.51555,-0.38972,0.49712,0.027957,-0.039159,0.3891,0.20291,-0.028262,-0.98219,-1.3882,-0.177,-1.4389,-0.86235,-1.0589,0.018122,-1.6092,-0.65063,-1.177,-0.86766,-0.3926,-1.5035,-0.75883,-0.37934,0.24717,-0.40015,-0.12661,-0.66364,-0.38741,0.23816,0.0054312,-0.48818,-0.63634,-0.67985,-0.39716,0.56209,-0.59448,-1.2241,-0.17358,-0.76197,0.14859,-0.62578,-0.29891,-1.8417,-1.4775,-0.80545,-0.097448,-0.69354,-0.33566,-0.66136,0.18601,0.29413,0.54996,-0.049709,-0.00078199,-0.90899,-0.35963,-0.78763,-0.31385,-1.5765,-1.826,-1.1973,-0.59426,-1.2508,-0.41579,-0.54291,-0.43156,-0.92751,-0.88251,-0.84691,-0.38412,-0.88675,-0.77302,-1.3329,0.25481,-0.6603,-0.62631,-0.13297,-0.086676,1.2609,-0.2264,-0.87986,-0.29168,-1.0348,0.81635,0.4767,-0.1767,0.83799,0.96748,0.23678,-0.93988,-0.51675,-0.50425,-0.23474,-0.88305,0.017675,0.87391,0.53069,0.72314,0.5498,0.83925,0.064441,0.31952,0.933,0.40008,-0.058173,0.8958,1.0058,0.45297,0.62559,1.249,0.62319,0.40391,0.14979,-0.14348,0.3388,-0.010114,-0.51343,0.28118,0.25337,-0.76289,-0.94845,-0.1313,-0.65533,0.018459,0.13526,-0.040018,0.68803,0.83881,0.026756,0.3325,-0.3021,-0.13533,0.34095,-0.48799,-1.2256,-0.26026,-1.1061,-0.9878,-0.54073,-0.2313,0.17511,-0.41496,0.28505,-0.95697,-0.44694,-1.0939,-0.15857,0.4048,-0.064941,0.45595,0.63981,-0.037436,0.76446,0.32882,0.23314,-0.29649,-0.6414,0.31869,-0.82126,-0.92368,-0.32859,0.4528,-0.78735,-0.063511,0.17171,0.63361,-0.32206,-1.0999,-0.81452,-0.59715,-1.3197,-0.5818,-1.0197,-1.0043,-0.35472,0.050047,-0.32723,0.40055,1.2604,0.78261,0.14128,0.32799,0.33742,1.4126,0.95025,0.61186,0.071507,0.33456,0.65164,0.23062,-0.55001,-0.72743,-0.29273,0.33917,-0.19007,0.48472,-0.52103,-0.6267,-0.37717,-0.042641,-0.29375,-0.55893,-0.47642,-0.30772,-0.47803,-0.76601,-0.41152,-0.10887,-1.0072,-1.0066,-0.70601,-1.0086,-0.031715,0.060649,-0.68296,0.46829,0.01043,0.42544,1.2512,0.74274,0.95913,0.20381,0.79406,0.71764,0.74023,1.4311,0.98197,0.91272,0.54714,0.8911,0.44737,0.49025,0.20842,0.34753,0.56083,0.12614,-0.0076542,-0.08514,0.3583,-0.69742,-0.038896,-0.24574,-0.55093,-0.29805,-0.30168,-0.99797,-0.30661,0.28635,-0.18025,-0.13951,-0.45382,-0.34154,-0.45144,-0.45102,-0.47823,-0.47979,-0.78964,-0.4913,-0.82663,-0.54021,-0.069507,-0.6306,-0.12483,-0.32946,0.11784,-0.23123,-0.39233,-0.44897,0.91193,0.15294,0.48949,0.010691,0.81449,0.87253,0.9702,0.81531,1.1097,0.72779,0.85226,0.73024,0.51018,-0.14524,0.46319,0.10086,0.65285,0.41695,0.17456,0.45663,0.53651,-0.027327
1.9592,1.3748,1.3153,1.7137,1.75,1.8448,1.504,1.6371,1.6145,1.4849,1.3808,1.2838,1.5148,1.593,1.1181,1.6415,1.6692,1.0206,1.4006,1.6673,1.3721,1.2564,1.2385,1.0863,1.8142,1.8152,1.2088,2.1947,1.7987,0.79136,1.058,0.73447,1.5788,1.572,1.1701,0.60065,0.65421,0.82665,-0.38811,0.61527,1.189,1.2873,0.47573,0.94568,1.5542,0.48757,0.29939,1.567,0.93818,0.6103,1.1384,0.87391,1.5325,1.22,0.93839,0.26569,0.83766,0.80725,0.69564,0.621,0.85684,0.87935,1.2297,0.98197,0.17134,0.5385,0.59334,0.30787,0.28973,0.15388,0.39644,1.3841,0.21675,1.1575,1.2815,1.9061,0.59626,0.12167,0.021351,0.35702,-0.070938,0.28645,0.36726,-0.071327,0.35041,0.7663,1.2056,0.46839,0.7999,0.96838,0.75459,1.0682,0.28208,1.5241,1.6825,1.4017,0.99766,1.0115,1.5214,1.3478,0.41492,0.60744,0.52863,-0.10456,0.53474,0.39805,-0.32939,-0.026583,0.27084,-0.20898,-0.28793,0.066176,0.23725,0.27787,-0.35462,-0.70658,-0.79979,-0.71137,-1.2048,-0.54948,0.18875,-0.80016,-0.46026,-1.1888,-1.2474,-0.79515,-0.77173,0.15268,-0.44339,-0.83884,0.65013,0.51813,0.97112,0.72944,0.80684,0.7961,0.97357,1.6231,0.91451,0.59899,-0.025433,0.19372,-0.2058,-0.81509,-0.95876,-0.89119,-1.6487,-1.1519,-0.95739,-1.0091,-1.351,-0.82058,-0.75283,-0.94693,-1.2034,-1.5164,-0.70669,-1.4142,-2.0003,-1.4082,-1.4481,-0.94718,-1.7488,-1.6439,-1.4544,-1.4004,-0.56105,-0.10058,-0.33106,-0.54404,-0.45902,-0.28554,-0.41957,-0.52464,0.22891,-1.1201,-0.51419,-1.2127,-1.4646,-0.35218,-0.19516,-0.45376,0.61289,-0.81334,-0.45659,-0.067436,-0.27775,-0.19447,-0.29781,-0.13391,0.14051,0.089146,0.46899,0.49563,-0.079895,0.4938,0.037611,-0.76991,-0.16649,0.53151,-0.31655,-0.088614,0.016624,-0.42333,-0.75978,-0.92301,-0.74192,-0.46325,-0.28485,-1.8207,-1.1358,-1.0105,-0.54732,-0.40513,-0.52041,-0.46119,-0.12591,-0.29118,0.14382,0.35732,0.016124,0.38057,0.73486,0.45539,0.9805,0.07674,0.20504,0.11341,0.0033607,-0.22109,-0.17579,1.066,0.31889,1.0248,1.1643,0.0042799,-0.3114,-0.80774,0.054533,0.21682,2.6906e-05,0.62396,-0.18748,-0.016453,-0.029118,0.4534,0.8464,-0.20042,0.25636,0.50531,0.36359,0.3258,0.093639,1.074,-0.8416,0.90856,-0.1561,0.16115,-0.57712,-0.6708,-0.87346,-0.35827,-0.11826,-0.98894,-0.14058,0.58316,0.19345,-0.24413,-1.3173,-1.099,-1.7987,-0.90503,-1.735,-1.3528,-0.50221,-0.69841,-1.1292,-0.53533,-0.78666,-0.55311,-0.8284,-1.1062,-1.0385,-1.0511,-0.3452,-0.4695,-0.79133,-0.78677,-0.53861,-0.11311,-0.11597,0.71278,-0.5353,0.87369,-0.022112,0.59575,0.66312,-0.14643,-0.31353,0.16908,0.40722,0.62512,0.3262,0.37378,0.47432,0.2472,0.59236,-0.16634,0.19693,-0.2044,0.25778,0.37985,-0.15038,0.61309,-0.2807,0.0058253,-0.60392,-0.49875,0.81528,-0.092678,0.75396,0.16254,1.0501,0.96735,0.54084,-0.1242,0.95474,0.24279,1.951e-05,-0.16344,-0.46813,-0.088164,0.11347,-0.17162,-0.57993,0.19261,-0.33071,-0.39207,-0.99356,0.69555,0.53694,0.5348,0.44143,0.16502,0.48214,0.017657,0.63947,0.067604,0.49356,-0.16636,-0.44814,0.25267,0.13392,0.4417,0.37203,0.20217,-0.10774,-1.0177,-0.5118,-0.060294,0.19409,-0.16539,-0.051796,0.088276,-0.59195,0.15393,-0.84698,0.17037,-0.17498,-0.86371,-0.87876,-1.4702,-0.65646,-0.93303,-0.14232,0.016813,0.12094,-0.017059,0.45228,0.1305,-0.70519,0.55239,-0.097578,-0.0039025,-0.48646,0.010568,-0.32857,0.075962,-1.2017,-0.88183,-1.106,-0.52092,-0.67423,-0.98622,-1.138,-0.80142,-0.21505,-0.36272,0.27758,-0.25544,0.42567,0.55085,0.69825,0.43119,0.73175,0.23946,1.0598,0.69488,1.7341,0.091786,0.26835,0.61131,0.22635,0.14239,0.647,0.79833,0.41833,0.56105,0.44127,1.0504,1.0071,0.62222,0.57012,1.14,1.03,0.20076,0.20188,0.091183,-0.17265,-0.85074,-1.3231,-1.4007,-1.6161,-1.1282,-0.95721,-1.4335,-1.6345,-1.0576,-0.94277,-0.46251,-1.0486,-0.77108,0.2127,-0.78667,-1.51,-0.36478,-1.2126,-0.38029,-0.47075,-0.91921,0.086547,-0.028016,-0.14858,0.49628,0.41183,0.071018,0.29621,0.89881,0.74522,-0.17885,0.22948,0.071385,0.2091,-0.40946,-0.21894,-0.22053,-0.2329,0.50256,0.68443,0.35676,0.33443,0.90385,0.67484,0.66809,0.96836,1.3542,0.7255,1.1197,-0.31916,0.15883,-0.1308,-0.33397,-0.70182,-0.573,-0.20016,-0.26995,-0.14627,-0.29872,0.43683,1.0293,0.016379,-0.24777,0.72622,0.35593,0.72501,0.04916,-0.69812,-0.93697,-0.68687,-0.1139,-0.34583,-0.91144,-0.55392,-0.4671,-0.16627,-0.091294,-0.52445,-0.17352,-0.49246,-0.34975,-0.19932,-0.26944,-0.39625,-0.086421,-0.30301,-0.25048,-0.93872,-0.4361,-0.12933,1.1751,0.94307,1.5242,1.2665,1.8178,1.2582,1.0493,1.0711,0.75142,0.25821,1.0056,1.1229,1.9414,1.4633,1.4983,1.7111,1.7603,1.7297,1.2428,-0.24952,-0.27954,0.6605,0.33873,0.29746,0.89406,0.39993,0.65332,0.57069,0.789,1.1098,0.95434,0.12535,-0.10582,0.22549,-1.1233,-1.1098,-1.4305,-1.3248,-1.3603,-0.08557,-0.43321,-0.64517,-0.51263,0.092145,-0.53373,-0.03408,-0.7413,0.34197,0.48612,0.4716,0.52912,0.42449,-0.23789,-0.14196,-0.88791,-0.24754,-0.46518,-0.5391,-0.52706,-0.65892,-0.040595,-0.54763,-0.18562,-0.49898,-0.2584,0.38885,-0.82332,-0.11095,-0.82975,-0.76261,-0.93106,-1.8175,-1.2873,-0.67487,-0.61145,0.29593,1.2767,1.1126,-0.15332,0.87447,0.62429,0.5237,0.18024,-0.00092095,0.20404,-0.051464,0.75863,1.0149,1.0323,0.91647,0.8179,0.73157,0.47394,-0.0041911,0.074438,0.32521,-0.27228,-0.50661,-1.1327,-1.9095,-1.4883,-0.97044,-0.93093,-0.56092,-1.4266,-1.2532,-0.90812,-0.37121,-0.80111,-0.74095,-0.26266,-0.78437,-0.45648,-1.0945,-0.9147,-0.83511,-1.3084,-1.4018,-1.5464,-1.5076,-1.8974,-2.1518,-1.9122,-2.0536,-1.3729,-1.9341,-1.5152,-0.86284,-1.5688,-1.226,-1.334,-0.85,-0.77998,-0.96775,-0.99939,-1.3665,-1.3685,-1.309,-1.8528,-1.5531,-1.5623,-2.0112,-1.4523,-1.6485,-2.2047,-1.0784,-0.62464,-0.72554,-0.1847,-0.18299,-0.0065665,-1.2882,-1.4072,-0.65727,-0.74218,-0.49005,-0.99805,-0.51345,-0.12305,0.32594,-0.19221,-0.54501,-0.75225,-1.0769,-1.3179,-1.7712,-1.1196,-1.0601,-0.25391,-0.31582,-0.59479,-0.43743,0.39153,-0.23251,-0.045764,0.14573,-0.16952,0.16266,-0.095186,0.33714,0.20873,0.24295,0.7143,0.79942,-0.26938,0.18185,0.017523,-0.47384,-0.1316,-0.57418,-0.52333,0.074902,0.86809,0.86067,0.73107,0.75502,0.57398,-0.10684,0.13159,-0.089083,-0.090919,-0.4131,0.13653,-0.90767,-0.56428,-0.41853,0.18905,-0.21783,-0.37305,-0.12577,-0.53715,-0.57851,0.63703,-0.051907,-0.61532,-0.45086,-0.64614,-0.44611,-0.29461,-0.16667,0.53752,0.50675,0.41811,0.066387,-0.016796,0.20731,0.12973,-0.25683,-0.92077,-1.1694,-1.1555,-0.99997,-0.94106,-1.3533,-1.3677,-1.6241,-1.0696,-0.46429,-1.0032,-0.61783,-1.0321,-0.17509,-0.53427,-0.16322,-0.15339,-0.36273,-0.7043,-0.7902,-0.56068,-0.66977,-0.8883,-0.40562,-0.38787,-0.34427,-0.20034,-0.90253,-1.6775,-0.99617,-0.63019,-1.1285,-1.5219,-1.3068,-0.029669,-0.25111,0.098722,-0.12058,-0.017074,0.027009,0.0098245,-0.3106,-0.1432,-0.17565,-0.74941,-0.20358,0.2922,0.092261,-0.7275,-0.66535,-0.48007,-1.0767,-0.33994,-0.99106,-1.7128,-0.014776,0.64711,1.4195,-0.0078603,0.0063529,-0.033594,-0.15827,0.10318,-0.75482,0.68769,-0.0031757,0.78061,0.53603,0.37968,0.37971,0.55604,0.72756,0.045533,-0.22199,0.64389,0.10385,0.033691,-0.35087,0.40274,-0.01185,0.31011,0.20637,0.32646,1.1492,0.67603,0.71128,1.175,0.95362,0.82636,1.112,0.98556,0.771,0.89667,0.2922,-0.26171,-0.045524,-0.34691,-0.72235,-0.63238,-0.48445,-0.071391,-0.44062,-0.070555,-0.017439,-0.51318,-0.2112,0.21773,-0.24515,0.097216,0.18347,0.0022656,0.26165,0.032452,-1.0325,-0.66144,-0.48353,-0.42578,-0.70385,-1.1818,-0.8165,-1.2098,-1.6138,-1.2167,-1.1486,-0.64089,-0.77491,0.053939,-0.47368,0.46828,1.2008,1.1386,0.91131,0.50688,0.36532,0.7591,0.21052,0.56883,-0.12876,0.13198,0.21789,0.45452,0.070099,-0.24885,0.25857,-1.2461,-0.26323,-1.4412,-0.52234,0.39922,-0.69318,-0.8749,0.49582,0.59915,1.1222,1.1985,0.68759,1.0019,0.29271,0.37748,0.29539,-0.43281,-0.13287,-1.0126,-0.49653,-0.46789,-0.85321,0.3387,-0.97081,-0.1598,0.20931,0.25543,0.77882,0.20952,0.33401,1.2246,0.34112,-0.067382,0.39992,0.45735,1.3504,0.64249,0.67163,1.0146,0.22638,0.39416,0.36295,0.32618,0.67053,0.63416,0.30255,0.29433,-0.41557,-0.61495,-1.2095,-1.2205,-1.9255,-1.6296,-1.0509,-1.1691,-0.36671,0.64178,1.5088,0.76125,0.53165,1.2364,0.33454,0.086303,-0.28381,-0.42644,-0.56703,-0.25751,-1.4698,-1.2297,-1.4959,-0.38308,-0.73059,-0.92705,-0.45804,-0.57758,-0.14537,-0.53755,-0.77109,-0.64304,-0.81601,-1.4557,-1.2809,-1.0487,0.75055,0.19639,-0.058379,-0.081425,0.82806,1.0823,1.4287,0.69319,-0.23742,-0.62196,-0.021803,0.13991,-1.3728,-1.5933,-0.63139,-0.90325,-0.46035,-1.0209,-0.93726,-0.50621,-0.85504,-0.87323,-0.89603,-0.32385,-0.31348,0.19793,-0.59073,0.15052,0.20364,0.12329,0.59967,-0.032866,-0.23882,0.14231,0.61236,0.24184,-0.36752,-0.29095,0.65209,0.082873,0.25818,0.13781,0.92663,0.72854,-0.049278,0.20682,0.4457,-0.13194,0.27205,-0.059181,0.85617,0.8356,0.94586,0.14625,0.72164,1.2918,0.46867,-0.19826,0.23251,-0.17751,-0.85079,-0.51227,-1.1013,-1.1526,-0.59845,-1.0537,-2.0703,-0.63608,-1.6747,-0.47837,0.4197,0.30996,-0.27985,0.13772,0.12532,0.12851,-0.19352,-0.21809,-0.10139,0.61189,0.43637,-0.31974,-0.17436,-0.39382,0.81428,0.040938,-0.529,-0.26822,0.22761,-1.2944,-1.2515,-0.94683,-1.6665,-1.0536,-0.937,-0.81682,-1.1753,-1.0523,-0.29867,0.18502,-0.28005,0.099346,0.56535,0.29428,0.78364,1.1157,0.69362,1.0744,0.85733,0.83883,0.45834,0.88725,0.35038,-0.12256,-0.59767,0.21695,0.29081,1.0145,0.6395,1.1416,1.3739,1.239,1.0716,0.83286,2.1634,1.4683,1.8675,1.4645,1.4473,0.86365,0.56116,-0.068653,0.66596,0.90036,0.5873,1.26,0.32239,1.3747,0.19821,0.53445,0.70236,0.92633,0.43756,0.36072,0.75876,0.77465,0.82783,0.29018,0.47452,0.27709,-0.05809,-0.28773,-0.42,-0.3312,-0.5839,-0.67095,-0.43648,-0.69807,-0.35627,-0.64416,-0.50911,-0.74123,-0.69013,0.039482,-0.0059512,0.10393,-0.37778,0.27947,-0.70359,-0.80588,-0.035105,-0.51983,-0.50071,0.17933,0.034175,0.79535,0.26314,0.809,0.58665,0.80693,1.3302,1.5312,1.2144,1.9764,1.7366,1.6296,1.5061,1.485,1.6239,1.768,1.5072,1.0957,1.3363,1.384,1.3275,0.84944,0.86751,0.8672,0.19397,0.84184,0.6961,0.54131,0.94319,0.43586,-0.049936,-0.069236,0.058545,-0.078771,0.15798,0.15936,-0.10217,0.49192,1.0473,1.1867,0.85587,0.81218,0.5485,0.088221,0.26282,-0.023408,-0.11346
0.94326,1.3292,0.81558,1.7615,0.63922,1.1477,0.36478,0.80429,0.80899,0.53205,0.86231,0.29362,0.8399,0.633,0.67959,1.2206,0.77853,0.49865,0.81589,0.86083,0.86232,1.2218,0.72014,1.141,0.73617,-0.053728,-0.19974,-0.55126,-1.1135,0.14293,-0.19678,0.36066,0.64213,-0.46698,-0.21295,0.12399,-0.78652,-0.28094,-0.29377,-0.062165,-0.73484,-0.44711,-0.27401,0.24018,-0.24141,-0.7619,-0.96143,-1.03,-1.7321,-2.0943,-0.58895,-0.64413,-1.5665,-1.3956,-1.9411,-0.75565,-1.3712,-1.143,-0.33422,-0.43581,-0.79375,-0.73777,-1.0505,-0.18749,0.248,-0.0097152,0.4832,0.44331,0.10999,0.44023,-0.25577,-0.75712,-0.68685,-0.9116,-1.1674,-1.5835,-1.4816,-1.2878,-0.70592,-0.94827,-0.23087,0.67555,-0.4037,-0.66686,-0.75569,-0.77545,-1.028,-1.6985,-0.89504,-1.9793,-1.8381,-1.0917,-0.21915,-1.256,-0.64382,-0.74464,-0.59923,0.58152,0.49248,-0.0082744,-0.21537,0.38437,0.48699,-0.32772,0.59978,1.1099,1.1721,0.842,0.86834,0.67912,0.85064,0.34538,0.26413,-0.013731,0.58301,0.45953,0.57264,0.9687,0.69694,0.67444,0.79413,-0.13886,-0.087724,-0.45064,-0.18949,-0.48559,-0.93272,-0.11563,0.0036088,-1.5644,-0.98323,-1.2724,-1.2694,-1.3458,-1.4426,-0.35756,-0.27902,-0.043225,-0.083877,-0.2326,0.7033,1.5846,1.0589,1.5845,1.711,2.6634,2.3951,2.3523,2.2787,2.483,2.6591,2.1161,2.1449,2.6646,2.3235,2.2869,1.2439,1.0034,0.89266,0.36311,-0.21971,0.18824,-0.32602,-0.27339,0.22349,-0.34289,-0.14233,-0.26083,-0.070072,-1.6903,-0.91052,-0.83929,-0.22528,-0.88658,0.033974,-0.64911,-0.82826,-1.2279,-1.2124,-0.79871,0.0066051,0.63338,-0.080124,-0.24644,0.24602,0.13615,-0.33308,0.23449,0.3227,0.92386,0.7369,0.54653,-0.064136,0.17341,0.28695,0.52859,0.67701,0.90485,-0.18514,0.50746,-0.38366,0.20407,0.80068,-0.37359,-0.43142,-0.075681,-0.64859,-0.3504,-0.63889,-0.99405,-0.96546,-0.69336,-0.91618,-0.55864,-0.71982,-0.40767,-0.35973,-0.3096,-0.28064,-0.37275,-0.19292,-0.96599,-0.96881,-0.071242,-1.9803,-1.4174,-1.9145,-1.8659,-1.9308,-2.9345,-2.1553,-2.0636,-1.8242,-2.2433,-1.2339,-1.0894,-0.05407,-0.42736,0.13094,-0.62932,-0.11446,0.99137,0.65946,0.40106,0.4663,0.82101,0.53455,-0.8276,-0.39073,-0.0046522,-0.0093679,-0.33729,0.56117,-0.46328,-0.87675,-0.47405,-0.71753,-1.2692,-1.0524,-1.6343,-0.92287,-1.8499,-2.018,-0.93181,-1.6796,-1.7922,-1.3538,-1.2279,-0.33211,-0.31939,0.76359,0.46007,0.73997,0.33383,0.92958,1.5023,0.93767,0.58408,0.58826,-0.088442,-0.18815,-0.32288,-0.10738,-0.048666,0.94757,0.8545,0.99897,1.1752,1.1643,1.1582,1.5809,0.63286,-0.20899,0.6652,-0.50849,-1.024,-0.9664,-1.3304,-0.85548,-0.44221,-0.77664,-0.40505,-0.8645,-0.073604,-0.86521,-0.81722,-0.47416,-0.44194,0.39225,-0.27172,-0.52532,-0.24215,-0.69241,0.33463,-1.2129,-2.2021,-1.8279,-1.6906,-0.778,-0.86006,-1.4743,-1.7496,-1.6845,-1.2656,-0.51946,-0.92914,-0.46811,-0.34695,0.83307,0.44848,0.91402,1.2443,0.93356,-0.31765,-0.033402,-0.50753,-1.2824,-1.5866,-1.5735,-0.66005,-0.97352,-1.3072,-0.90285,-0.20674,-0.29904,-0.33195,0.10809,0.83264,0.76041,0.50663,1.4445,0.44535,0.41611,0.75395,0.91831,1.1874,0.31756,0.55327,-0.87406,-0.19463,-1.8004,-1.2038,-1.7518,-0.58809,-0.76795,-0.40053,-0.5013,-0.70467,-0.46534,-0.81429,-1.8994,-0.74664,-0.63423,0.47802,0.065086,0.077749,0.99132,0.50208,-0.059948,0.22966,0.42278,-0.18811,-0.16621,-0.19236,-1.1479,0.43537,-0.1339,-0.34011,-0.39598,-0.086852,0.53011,0.32003,0.61873,1.3734,1.6732,-0.07227,0.45627,0.39668,0.44416,-0.15271,-0.28579,-0.41056,-0.15663,-0.068959,-0.19064,-0.11924,-0.40398,-0.49233,-1.0547,-1.4232,-0.46179,-0.399,-0.46529,-0.48183,-1.0361,-1.3743,-1.5886,-1.3905,-1.952,-2.0231,-1.8535,-2.3205,-3.0078,-1.7011,-1.4194,-1.1747,-0.94786,0.29616,0.35743,0.40198,0.49302,0.10553,1.138,0.74224,1.6575,2.5355,2.1863,2.0717,1.7083,1.0542,1.1564,-0.40188,0.16662,-0.22317,0.56832,0.55443,-0.2845,-0.27071,-0.51279,-0.88286,-0.84733,-0.8049,-0.88947,-0.50323,-0.49159,-1.0423,-0.85564,-0.9983,-0.94173,0.097201,1.0149,1.2585,1.0787,1.4645,1.7395,1.4712,1.1126,1.1794,0.86822,0.66104,-0.29803,-0.94109,-1.5026,-1.185,-1.0255,-0.55229,-1.5335,-1.8379,-0.94864,-0.92441,-0.95513,-0.28428,-0.41887,0.094299,0.22035,-0.26991,-0.2545,-0.31753,0.11453,-1.2135,-1.2273,-1.3242,-0.3962,-0.17945,-0.69111,0.16059,-0.20739,0.069949,0.70835,1.2948,1.5283,1.1355,1.7758,2.5055,1.2091,1.2313,0.22743,0.098259,-0.35703,-0.93064,-1.2117,-1.3347,-0.29082,0.65735,0.86398,1.1847,1.8793,1.4214,1.2866,1.7588,1.0884,-0.33228,0.50438,-0.22551,-0.80578,-0.15389,-0.53735,0.052695,-0.2314,0.15095,-0.21835,-0.63045,-1.3971,-0.34943,-0.51823,-1.1063,-1.0428,-0.95315,-0.1853,-0.11517,-0.02418,0.49322,0.46337,0.45815,0.19677,-0.96318,-0.96749,-0.59656,-0.36434,-0.19188,-0.42446,-0.78942,0.79776,1.2542,0.37184,0.73275,1.0556,1.029,0.43281,-0.034056,1.0762,1.1141,0.15527,-0.12364,0.51644,-0.09235,-0.18402,-0.83262,-0.95861,-0.44941,-0.75694,0.12468,1.0621,1.0433,1.7705,1.9741,1.7844,1.4678,2.0099,1.6481,1.892,1.8263,1.9829,1.518,0.65874,0.4189,0.43875,-0.042661,-0.43762,-0.17105,0.00046648,0.4912,-0.20054,-0.76511,-1.0465,-1.2219,-0.74046,-0.71864,-0.54597,-0.35522,0.15147,-0.13788,0.007727,-0.1684,-0.26737,-0.56901,-0.60825,-0.87278,0.44366,-0.036185,0.10978,0.10504,0.33106,0.93535,0.44588,-0.010756,-0.86881,0.40966,1.3288,1.3467,0.65985,0.79413,1.5398,1.3463,0.68462,0.73886,0.44098,0.67995,0.52794,0.1454,0.10183,0.74514,0.32267,0.53164,0.18573,0.72646,0.40263,0.83929,1.3936,1.5146,2.9357,2.9462,2.4332,3.1891,3.2032,3.5711,2.751,2.738,2.1572,1.9912,2.0208,1.4623,1.3178,0.35837,0.56895,0.20535,0.88694,0.99537,1.04,1.4035,2.3748,1.8719,2.3588,1.9014,1.6834,1.1766,0.53782,0.65766,0.4519,1.1697,1.4097,1.4025,0.58906,1.1461,-0.064253,-0.11444,-0.12416,-0.54568,-0.39496,-0.65886,-1.366,-0.99924,-0.81271,-0.99857,-1.3662,-1.1175,-0.57348,-0.38546,-0.36773,-0.042947,-0.31121,1.073,0.9297,1.0314,1.1816,1.4992,1.2019,-0.42662,0.018888,0.33737,0.59436,0.014958,0.015753,-0.15254,0.54523,0.33649,0.14379,0.25868,0.1181,0.10592,-0.60524,-0.33715,-0.58701,-0.079376,-0.37907,-0.72611,-0.83823,0.032414,0.095462,-0.83132,-0.26796,-0.46325,-0.45442,-0.7074,-1.1393,-1.2731,-0.41783,-0.85426,-0.17854,-0.32415,-0.86158,-0.63672,-0.14657,-0.47615,-0.14881,-0.20012,0.92939,1.3057,1.0866,1.4056,2.3038,2.176,1.4283,1.9592,1.8633,2.4158,1.7255,1.2971,0.78374,0.84596,1.244,1.1245,1.292,0.75496,0.91096,0.97933,-0.14199,0.29871,1.2033,0.28109,0.052081,-0.11833,-0.44473,0.069966,-0.15663,-0.3975,-0.9128,-0.93493,-1.3003,-1.2883,-1.4139,-1.5491,-1.0946,-1.0943,-0.50743,0.34198,0.67781,1.7754,0.93411,0.68929,0.35672,1.8184,1.5863,1.2029,1.0766,0.93034,0.37569,0.34999,-0.49066,-0.57086,-0.96114,-1.4106,-1.6838,-1.8636,-1.5426,-1.4613,-0.98653,-1.2195,-0.65355,0.16289,0.32863,0.68249,0.67088,1.5302,0.83452,-0.18362,-0.49996,-0.59636,0.56262,-0.45219,-0.81544,-1.3689,-0.87273,-1.0277,-0.94979,-0.56928,-0.20556,0.21188,0.67387,0.84087,0.92865,0.39405,0.67117,0.28907,0.71637,1.6046,1.2765,1.3774,2.1492,1.5743,1.7174,2.0319,2.0854,1.7804,2.1255,1.3786,1.3496,0.99494,0.47892,-0.088294,0.0086332,-0.495,-0.727,-1.2952,-1.2803,-1.3001,-0.79711,-1.6165,-0.84572,-0.54028,-0.099375,0.013857,-0.749,0.28673,-0.1721,0.16921,-0.030387,0.37334,0.52794,1.3461,0.4667,0.37609,0.42535,0.042585,-0.88772,-0.75079,-1.2667,-0.59087,0.38561,0.92229,0.50211,0.66108,-0.09599,0.34546,-1.0507,-1.2174,-1.6699,-2.4456,-2.8845,-2.5985,-2.3296,-2.1103,-2.7611,-2.1483,-1.9477,-1.7932,-1.4915,-2.2334,-0.87727,-1.4296,-0.54965,-0.7875,-0.43223,0.52205,0.74114,1.5899,0.76554,1.1074,0.49156,0.51589,0.61169,-1.0912,-0.73682,-1.6616,-1.3663,-1.7093,-1.6035,-1.3598,-1.1551,-1.1927,-0.47606,-0.35892,0.065369,0.75103,0.66818,1.1779,1.4958,1.7119,1.0822,1.1231,0.81736,0.14433,-0.15841,-0.41582,-1.5585,-1.5731,-2.0113,-2.5965,-2.576,-1.8035,-1.8888,-1.1151,-1.7665,-1.7295,-1.4818,-1.5344,-1.6434,-1.733,-1.1371,-0.28045,0.083104,0.4246,0.91953,1.6564,2.0199,0.39693,0.034072,-0.29581,-1.1134,-1.7701,-2.9468,-2.5964,-1.9271,-1.8254,-2.1601,-1.0616,-1.4634,-1.3462,-1.1108,-1.8128,-0.27323,-0.37486,-0.34208,-0.32324,0.84186,0.58301,-0.18565,-1.0023,-0.57064,-1.3506,-0.045295,-0.78529,-0.73517,-0.55754,-0.77578,-0.53775,-0.74482,-0.8871,-0.1378,-0.66825,-1.4889,-0.76578,-0.84282,0.15986,0.25764,0.53675,0.99637,0.46509,1.5943,1.3296,1.55,1.5351,1.5752,1.8782,0.89391,1.2556,1.1324,-0.24569,-1.0529,-1.8345,-1.6336,-1.5128,-1.9607,-1.7901,-1.6216,-1.0473,-1.6194,-1.8176,-1.0319,-1.5626,-0.52898,-0.52082,-0.029831,-0.15168,0.4121,1.2569,0.95727,1.4403,1.0997,1.4304,1.9936,1.6159,1.7558,1.6547,1.4154,1.0445,0.0032445,-0.30783,-0.13426,-0.61323,-1.2362,-1.0614,-0.85127,-0.39176,0.068248,-0.67723,0.2107,-0.8541,0.23427,0.016716,-0.29533,-0.39535,-0.69887,-0.18739,-0.13702,0.54616,0.2279,0.83895,0.27132,0.2002,0.25822,0.076961,1.1329,-1.0282,-1.254,-1.0727,-0.79885,-1.2132,-1.4225,-1.6077,-1.6444,-1.6221,-1.777,-0.61889,-0.51238,1.6325,2.8439,2.0681,1.956,2.4813,2.1975,2.3306,1.9272,2.483,2.115,2.4169,1.5527,0.68909,0.31321,-0.32896,-0.94228,-2.113,-2.0413,-1.9445,-2.3562,-2.1485,-2.0648,-1.3248,-0.40717,0.21855,-0.64168,-0.21858,0.045288,0.38315,0.4141,0.64033,0.29566,-0.17922,-0.69573,-1.605,-1.0595,-0.53441,-0.17837,-0.59748,-0.032025,0.33695,0.62554,1.3051,1.3525,0.79629,1.309,1.0578,1.1591,0.9466,0.31815,0.090774,-0.08517,0.060507,-0.3113,-1.0067,-1.3095,-1.7594,-1.3143,-0.76819,-1.2739,-0.40857,-0.41458,0.23472,-0.11404,-0.061983,0.561,0.44622,0.34023,0.86943,1.0328,0.9363,0.55076,0.97883,0.12045,-0.4522,-0.029758,0.4684,0.80465,0.10006,1.4417,0.92981,1.2333,1.4331,1.5559,1.3397,0.82342,1.0987,1.5432,1.0767,1.1757,0.7147,0.41166,0.41879,0.67508,0.55081,0.32025,0.21493,-0.13546,0.27311,0.24247,-0.24105,-0.48746,-0.11907,0.53255,0.35982,-0.14177,-0.46633,-1.0992,-0.53864,-1.922,-1.5834,-2.0349,-1.3739,-1.0911,-0.33492,0.85918,0.46502,0.81172,0.5536,0.53659,0.64869,0.053168,0.17245,0.4671,0.66869,0.1591,0.018073,-0.27384,0.027809,-0.27909
1.7695,1.3922,1.8269,1.5871,1.7673,1.5188,1.9191,1.4062,1.3149,1.5753,1.5553,1.2503,0.77026,1.6082,1.2194,0.39456,0.8703,0.80769,0.97821,0.2047,-0.39102,0.11631,0.093927,-0.73725,-1.2186,0.42644,0.32921,0.38268,0.67837,1.362,1.4928,1.152,1.1754,1.2151,1.2947,0.52944,1.6702,0.77772,1.2987,0.62228,0.59396,0.87979,1.0289,-0.38293,0.1899,-0.63854,-0.16547,-0.84754,-0.86125,0.11103,1.0453,-0.33826,0.0022405,-0.44215,0.2114,0.15485,0.080499,-0.89958,-1.4239,0.24515,-0.70015,0.027853,0.2479,-0.14656,-0.28957,-0.44604,-0.56121,-0.20159,-0.062974,-0.55744,-0.19262,-0.60566,-0.34911,-0.44152,0.1965,-0.32105,-0.021911,1.0831,0.29779,0.24968,0.63777,1.2199,1.1266,0.91512,0.92282,0.82766,0.79628,0.74612,0.73584,0.37853,-0.095026,-0.44333,-0.43272,0.48958,-1.6705,-0.13831,-0.53939,0.098306,-0.68079,-0.32493,-0.12827,-0.16044,-0.37506,-0.039377,-0.1865,-0.012113,-0.37795,-1.553,-0.33075,-0.84031,-0.60294,-0.69023,-0.65082,-0.48004,-0.60673,-0.7868,-0.82975,-1.142,-0.29953,-1.267,-1.3843,-0.63968,-0.93941,-1.3443,-1.0288,-1.4772,-1.4071,-0.90597,-0.95088,-0.90541,-1.3473,-0.92018,-1.3001,-1.5185,-1.0366,-0.42177,-0.7021,-0.6473,0.040892,0.49185,0.26519,-0.17143,-0.52654,-0.11834,-0.42744,-0.5435,-0.2036,0.01096,-0.44069,-0.68814,-0.52671,-0.75152,-0.40207,-0.69059,-0.74921,-0.36722,-0.57299,-0.56229,-0.25165,-0.49076,-0.4282,-1.2731,-0.76474,-1.4623,-2.0279,-1.8558,0.14267,-0.65866,-0.43822,0.28515,-0.10976,-0.43157,-0.68588,-0.12369,-0.66391,-1.1896,-1.1161,-0.85481,-0.41573,-0.87609,-0.78023,-0.54328,0.23987,0.34107,0.19952,0.22525,0.25351,0.70971,0.24863,0.031748,0.10775,0.88141,0.81355,0.99541,1.6497,1.2883,1.0038,0.92046,0.20051,-0.22229,-1.1358,-0.77673,-0.48318,-0.75012,-1.1564,-0.44212,-1.7231,-1.5616,-1.2783,-0.51006,-0.83576,-1.8251,-1.6774,-1.3317,-0.66649,-1.6334,-1.1342,-0.84466,-1.3364,-0.28203,-1.0703,-1.4112,-0.72219,-0.42876,-0.80991,-1.6005,-1.3526,-1.8193,-0.20899,-1.4848,-1.682,-1.1872,-0.98106,-0.79198,-0.66079,-0.58579,0.023099,-0.43445,-0.76825,0.02939,-0.53803,-0.53411,1.3216,-0.51244,-0.25484,0.032242,0.68227,-0.47511,-0.42671,0.23787,0.80888,-0.3487,-0.45502,0.19152,-0.73515,-0.92849,-1.388,-1.075,-1.643,-0.99487,-2.1137,-1.8756,-1.8274,-1.1742,-1.1465,-0.87562,-0.80746,0.029293,-0.38773,-0.98549,-1.2995,-1.4524,-0.4502,-1.0216,-1.0656,-0.74564,-0.42202,-0.91781,-0.6033,-0.50357,-0.83999,-0.26962,-0.098597,0.0054413,0.37743,-0.56677,0.20211,-0.061406,-0.032292,-0.58647,-0.81135,-0.37807,0.1912,0.74301,1.17,0.35922,0.89092,0.50318,0.39713,0.71692,0.57184,0.21527,0.24138,0.3168,1.3745,0.60301,0.66422,0.45172,0.34343,0.60176,1.3974,0.90635,0.5052,0.81631,-0.36436,-0.2296,0.013673,-0.030281,0.045374,0.44453,0.56886,0.43092,-0.024151,0.56206,0.58233,1.2384,0.73445,1.0569,0.799,0.65038,0.80595,-0.016308,0.42705,0.40322,0.24597,-0.72124,-0.8908,-0.80508,0.098427,-0.1798,-0.075222,0.22273,-0.090797,0.85362,0.66637,0.88779,0.80886,0.2729,0.23407,0.45188,-0.59971,-0.20726,-0.81286,-0.31598,-0.63556,-0.17048,-0.28666,-0.11794,-0.31521,-0.10683,0.080724,0.42751,-0.1064,0.53846,0.71318,-0.071543,1.0134,1.1636,0.65612,0.59251,0.94913,-0.80145,-0.91483,-0.64521,-0.23795,-0.77309,-0.32373,-0.25322,-0.49038,0.28523,0.77503,0.30071,-0.054291,0.047953,0.27,0.56834,0.23717,0.13624,0.89154,-0.53484,0.53451,-0.68953,-0.98902,-1.1031,-1.6561,-0.74139,-1.1076,-1.3672,-2.0508,-0.72048,-1.0402,-0.93252,-0.65945,-0.53721,-0.33485,0.19212,-0.13576,0.25971,0.33841,-0.61126,-0.11505,-0.48481,-0.19511,-0.029875,-0.73892,0.12521,-0.78079,-0.24065,0.16232,-1.146,-0.76955,-1.139,-0.54575,-0.039031,-0.5918,-0.58641,-0.11343,-0.10074,-0.07136,-0.33502,-0.27878,-0.32582,-0.59877,-0.82553,-1.5029,-0.24017,-0.66214,-0.27866,0.14303,-0.77382,0.11736,-0.5257,-0.078315,-0.071476,0.20427,0.65096,0.16694,0.39768,0.81355,1.4329,1.4737,0.89364,1.0301,1.5887,0.72356,0.34875,0.8393,0.552,0.88962,-0.056159,0.2629,0.49126,0.60107,-0.37697,-1.2914,-0.82553,-0.65978,-0.084697,-0.71549,-0.3653,-0.54298,-0.28608,-0.27474,0.28156,0.4178,0.94566,0.57582,0.21797,0.67264,0.066952,-0.24167,0.14246,-0.94845,-0.75478,-0.89274,-1.1471,-0.65562,-0.44178,-0.15722,-0.25191,0.4338,0.86469,1.0305,0.44951,1.0583,1.4546,1.8753,1.6043,1.4519,1.7749,1.2821,-0.10625,0.3235,-0.019767,0.39072,0.68525,0.75064,0.73918,0.67804,1.1534,1.3069,1.5855,1.6261,1.1512,0.48121,1.0006,1.168,0.98384,1.1417,1.3675,0.35066,0.64066,1.7525,1.0339,0.16369,0.24762,-0.10308,0.78368,0.3956,0.75011,0.24928,0.98369,0.54761,0.43574,0.65102,1.0816,0.27328,-0.86133,-1.1274,-0.91265,-1.456,-1.1412,-0.3906,-0.51544,-0.65736,-0.1041,1.1694,0.087099,1.6486,1.4836,0.16926,0.64749,0.66327,0.71218,0.33092,0.16239,-0.010163,0.56383,-0.2063,-0.98996,-0.013835,-1.0872,-1.1869,-0.77013,-0.36205,-1.0612,-0.60057,0.49822,0.73449,1.4568,1.0244,1.1028,0.39944,0.21474,0.81796,0.90313,0.26568,0.59424,1.4295,1.4228,0.93805,0.40856,0.32517,0.27497,0.35492,0.4606,-0.62326,-0.26881,-0.19146,-0.39246,0.1871,-0.68948,-0.24482,-0.67833,-0.48064,-1.0376,-0.91422,-0.28278,0.4678,0.12575,0.53141,0.82649,0.56235,1.1493,0.91567,1.0404,0.73873,1.2775,1.2883,0.98964,1.4969,1.4308,0.97159,0.42371,0.0060357,0.44835,0.19305,0.43563,1.0179,0.89635,0.27979,0.44864,0.64327,1.2336,1.0383,-0.16436,-0.42558,-0.75498,0.95237,0.23894,0.099309,0.42049,0.85174,1.3937,1.0988,1.3336,1.0522,1.5627,1.2787,1.0895,0.59961,0.70512,0.84023,-0.12224,-0.097105,-0.016837,-0.46349,-0.29378,0.11222,0.039468,0.62801,0.77166,0.88226,1.1994,1.2857,1.3176,1.416,1.3941,0.8293,0.27349,1.1957,0.98364,1.1495,1.4692,0.8713,0.45771,1.2227,0.63028,0.073433,-0.016396,0.38513,0.27888,0.97883,0.62204,0.066777,0.59651,1.1951,0.74009,0.60869,0.31989,0.98533,0.31338,0.45397,-0.33133,0.40704,0.45018,0.04692,0.40833,-0.26781,-0.29682,-0.71163,-0.13002,-0.14288,-0.38612,-0.16644,-0.32508,0.063484,0.11235,0.68696,0.43967,0.81943,0.41367,0.35135,0.27473,0.20092,0.7772,0.44603,0.92088,0.76777,0.3547,-0.014715,-0.61082,-0.32029,0.045275,-0.21182,-0.41333,-0.70068,-0.49213,-1.0852,-1.2202,-1.3358,-1.6996,-0.66356,-1.2431,-1.4815,-1.6344,-1.7208,0.040803,0.044688,0.18241,-0.50996,0.095664,0.41094,0.51801,0.87824,0.29158,0.40052,-0.19035,-0.92148,-0.4443,-0.96223,-1.1042,-0.94323,-0.65136,-0.52988,-0.40852,-0.48917,-0.49553,-0.085517,-0.057392,-0.15355,-0.03795,0.33738,0.1241,-0.10426,0.1508,-0.038103,0.040151,-0.30813,0.22948,0.15109,0.428,0.17431,-0.073018,-0.19061,-0.20223,0.48466,-0.16745,-0.19335,-0.32695,0.42185,-0.41716,0.51329,0.57229,0.37151,0.29491,-0.19955,0.40064,0.33391,-0.20035,-1.1311,-1.2833,-0.53828,-0.77441,-0.81283,-1.2967,-0.56621,-4.8027e-05,0.7295,0.5251,0.11555,0.67165,0.2834,0.15958,0.08051,0.69234,0.69833,-0.59365,-0.59213,-0.16703,-0.42709,-0.56286,-0.036915,-0.084701,0.11178,0.50493,0.18103,0.48804,0.58159,-0.59014,-0.096147,-0.3805,-0.19609,-0.25003,-0.2443,0.41485,-0.131,-0.12881,0.22382,-0.20183,-0.16113,0.5596,0.95697,0.52128,0.6764,0.76183,0.044135,0.91785,1.0848,0.57616,-0.11663,-0.032798,-0.40682,-0.17999,0.30894,-0.060149,0.094881,0.00022172,-0.24382,-0.1942,-0.084991,0.3317,0.37113,0.13042,-0.69856,-0.37931,-0.53199,-0.5577,-0.79434,-1.1082,0.96073,0.58382,0.87013,0.90376,0.58099,1.3967,1.6768,1.0785,1.3716,1.7591,0.23275,1.1149,0.99289,-0.26857,0.041365,-0.76506,0.29997,0.3971,-0.48397,0.40948,-0.56676,-1.1169,-0.64937,-0.34584,-0.65643,-0.98838,-0.62256,-0.43669,-0.32854,-0.81361,-0.67461,-1.014,-0.3949,-0.91386,-0.42907,-0.42486,0.16827,-1.1508,-0.5818,-0.29594,-0.13143,-0.51173,0.0036277,0.12622,0.2918,-0.39171,-1.027,-0.030214,-0.0061214,-0.030393,-0.12779,0.82804,0.76609,0.49579,0.086682,0.15206,0.39789,0.8682,0.39598,0.67362,0.39654,0.13819,0.90785,0.71805,0.45069,-0.27224,-0.023525,0.22189,-0.21928,-0.55668,-1.1014,-0.44318,-0.53485,-0.65771,-0.96463,-0.71115,-0.45466,-0.30984,-0.87829,-0.83074,-0.58316,0.41487,-0.027235,0.18385,-0.025378,0.19559,-0.11603,-0.54297,-0.76627,-0.034853,-0.28665,-0.43449,-0.16303,-0.87676,-1.2931,-0.23413,-0.74138,-0.84323,-1.4072,-1.1098,-0.84646,-0.2809,-0.41292,-0.53946,-0.4937,0.094447,0.17149,0.32621,-0.045395,0.36563,-0.58522,-0.75093,-1.0823,-0.49127,-0.59986,-0.90261,-1.2712,-1.0784,-1.1617,-1.0088,-0.15896,-1.0865,-0.84818,-0.69013,-1.325,-0.4565,-0.85756,0.51753,0.096633,-0.19929,0.23165,-0.052009,0.8114,0.47527,0.13487,-0.90476,-0.28541,-0.15445,0.18039,0.9532,-0.47096,-0.01089,-0.57865,-0.18005,-0.33451,-0.30744,-0.64249,-0.8401,-0.67693,-1.1007,-0.83214,-1.1655,-0.46446,-0.91195,-0.097648,-0.46601,0.11757,0.22011,-0.12198,-0.12435,0.37348,0.94561,-0.18256,0.67243,0.45149,0.2968,0.26128,-0.44509,-0.52051,-0.55661,0.3215,-0.42434,0.15927,0.20208,-0.091846,0.8287,0.89336,0.56082,0.12871,-0.0037792,0.51787,1.1159,0.76549,0.60932,0.67653,0.329,-0.043276,-0.15448,-0.41757,0.1102,-0.33372,0.20598,-0.43012,-0.91874,-0.22422,-0.76739,-0.53588,-0.72194,-0.1593,-0.64486,0.070334,-0.58179,-0.6961,0.1451,-0.51585,-0.7102,-0.41828,0.044575,-0.46428,0.018959,-0.38019,0.49574,0.12915,-0.8368,0.059235,0.71115,1.3582,0.76898,0.3748,0.18042,0.059728,0.33119,-1.0104,-0.2424,-0.3979,-0.90563,-0.52786,-0.75499,-0.592,-0.62218,-0.37826,-0.13042,-0.44083,-0.44731,-0.48898,-0.037395,0.1385,-0.017102,0.11099,-0.19616,-0.57165,-1.0724,-0.91252,-0.076475,-0.10262,-0.21532,-0.63177,0.25985,-0.41262,0.54151,0.51579,0.11603,0.28674,-0.0079526,0.89942,0.79065,0.38275,0.86439,0.29365,0.44382,0.87518,0.57248,0.43687,0.26875,0.18192,0.41342,0.56683,0.26628,0.33095,0.49303,-0.71762,-0.53068,-0.081633,0.25936,-0.15221,0.2507,0.025521,0.019635,-0.11379,-0.36397,0.014485,-0.33824,-0.33601,-0.1064,-0.1544,-0.012045,-0.50488,-0.35938,0.33115,-0.25454,-0.24935,-0.29033,0.51374,-0.26036,-0.00043666,0.27239,0.19424,-0.44742,0.20369,0.024915,-0.48848,-0.25079,0.3386,0.62339,-0.092429,-0.18278,-0.1265,-0.076571,0.38312,0.1142,-0.28124,0.038913,-0.039864,-0.30793,0.1731,0.26188,-0.042017,0.31019,0.2297,0.24291,0.35652,0.17267,-0.51678,-0.90021,-0.39387,-0.10663,-1.4514,-0.42066,-0.092732,-0.090762,0.2965,-0.27695,0.40414,0.027212,0.41744,0.70985,0.036134,-0.49896,-0.027462,-0.23394,0.3598,0.17809,0.03146,0.59704,0.48011
-0.71522,0.14991,-0.19878,-0.91055,-0.51794,-0.30377,-0.17463,-0.4455,-0.82739,-0.28235,-0.29631,-0.36282,-0.097769,-0.86628,0.12657,-0.87359,-1.501,-0.75755,-0.82437,-0.73447,-0.47081,-0.0083703,-0.26395,-0.43587,-0.54785,-0.58057,-1.0971,0.2348,-0.78238,-0.31742,-1.0993,0.11275,-0.75695,0.26667,-0.096056,-0.45524,-0.64896,0.21827,0.3083,0.45333,0.45252,-0.953,-0.12268,-0.2272,-0.35157,-0.39272,-0.33148,-0.81005,-0.26307,0.57902,-1.0622,-0.0078637,-0.6792,-0.1514,-0.53194,-0.25793,-0.5613,-0.027068,0.10706,0.097467,-0.86785,-0.40333,-1.3193,-1.2351,-1.2296,-0.44544,-2.0054,-1.4113,-0.57103,-1.3744,-0.6328,-1.1807,-0.37487,0.059733,-0.28626,-1.2601,-0.60048,-0.013978,0.42948,-0.031444,-0.46382,0.1016,-0.76974,-0.97804,-0.78292,-0.68719,-0.43604,-0.69184,-0.3982,-0.68915,-0.27727,-0.48811,-0.32314,0.94784,0.26591,0.26256,-0.038326,-0.18907,-0.46886,0.64223,-0.96237,0.046982,1.0095,-0.29932,-0.22814,0.43049,0.89872,-0.35938,-0.14208,0.11961,-0.28271,0.23987,0.016384,0.078597,0.030267,-0.40109,-0.27364,-0.047887,-0.33385,-0.31087,-0.48371,-1.0947,-0.71401,-0.67234,-0.60618,0.52561,-0.4799,-0.36822,0.051766,-0.47173,0.17806,-0.98881,0.3079,-0.39565,-0.24566,-0.60254,0.0025624,-0.55348,0.091849,-0.69004,0.39373,-0.18617,0.25612,-0.10857,-0.031077,0.13777,-0.19658,-0.93883,-0.64739,-0.55893,-0.040601,-0.1284,-0.64131,-1.49,-1.2901,-0.70037,-1.5826,-1.0041,-0.70603,-0.80792,-0.83984,-0.97968,-0.47466,0.14481,-1.2333,-1.8088,-0.35954,-0.74388,-1.0338,-2.0207,-1.3807,-0.68534,-0.37978,-1.0054,-0.95932,-0.34215,0.17358,0.21767,-0.35738,-0.72347,-0.63055,-1.2702,-1.8837,-1.1903,-0.76786,-0.2643,-0.61325,-0.1861,0.11302,0.37679,-0.93674,-0.84511,0.72423,-0.27622,1.0124,0.35335,-0.46686,0.8917,0.96464,-1.2072,-1.4246,0.65385,0.64098,0.18985,-0.51595,0.18679,0.1789,-1.4255,-0.61522,-0.76901,-0.81739,-0.062228,-0.86134,-0.14286,0.16095,-0.68732,-0.24411,-0.0032124,0.0039902,-0.38366,-0.60762,0.038085,0.38749,-0.063065,-0.17204,0.16754,-0.93362,-0.023153,-0.04367,-0.12854,-0.43711,0.39052,-0.091414,0.91976,0.5121,0.0014114,-0.45138,-0.14216,0.28199,-0.069861,-0.26766,0.65152,0.38121,-0.40756,0.27323,0.07302,0.50967,0.36335,0.82015,0.017244,0.51948,0.657,0.68442,0.63734,-0.068655,-0.37189,0.21832,-0.91665,0.08623,1.0587,0.41217,0.022172,0.18019,0.32443,0.75091,0.76703,-0.9747,0.89244,0.33967,-0.10021,-0.058509,-0.2421,-0.12697,0.61437,-0.39591,0.091247,0.46718,-0.21387,0.23958,0.14122,0.26356,0.25098,0.10589,0.01581,-0.022715,0.023679,-0.40033,-0.65394,-0.65444,-0.51418,-0.92909,-0.19047,0.15426,0.21927,1.3149,1.9575,0.95655,1.8703,0.69513,0.9982,0.5917,0.10277,0.1634,0.57069,-0.022339,0.39861,0.54712,-0.0042842,1.0244,0.34551,0.5456,0.49422,1.4104,1.143,1.175,1.3128,1.3244,1.2977,0.51304,0.92871,-0.22258,0.30584,0.7039,-0.08568,-0.24839,-0.13976,0.050585,0.45198,-0.13752,-0.34942,-0.25749,-0.64783,-0.4548,-0.33952,0.1308,-0.7123,0.21117,0.016231,0.81526,0.18295,0.66209,-0.37627,0.8778,0.25716,0.10391,-0.09737,-0.42753,-0.16112,-0.10743,-0.090426,-0.19041,-0.6952,0.013625,-0.35486,0.8966,-0.23555,1.1186,0.79819,0.084639,1.4392,1.3158,1.6677,0.15975,1.0993,0.11849,-0.13715,0.92856,1.2626,0.60605,0.021208,0.8844,-0.011686,-0.28706,0.52234,0.17597,-0.16972,-1.517,-0.48424,0.48892,0.21699,-0.24379,1.1855,0.629,0.89794,0.92624,1.5246,0.79756,0.12887,0.9306,-0.072833,0.69381,0.15877,0.21179,-0.30134,-0.078667,0.19199,-0.78945,-0.23482,0.29395,-0.8756,-0.47507,-0.18273,0.27417,0.4573,-0.037466,0.42452,0.69676,0.71767,1.2128,1.1969,0.74541,1.2778,0.81853,0.22117,0.45114,1.4423,0.76329,0.55009,0.45999,0.8191,0.5166,0.6406,0.67002,0.69787,0.2035,0.64504,0.095326,0.84832,0.51438,0.64144,1.1123,1.5016,0.25526,0.29909,0.26656,0.1117,0.29803,0.56652,0.27362,0.71661,1.1223,1.0716,1.9932,0.98631,0.75773,0.64652,0.88549,0.012047,0.55772,0.83837,0.44342,0.25766,0.79846,1.3999,2.0113,1.206,0.78909,-0.053816,0.011797,1.2467,0.066837,0.84968,-0.049344,-0.23905,0.51182,0.27321,0.72816,0.29996,-0.61949,0.039361,0.28712,-0.044263,-0.0042292,0.47086,1.4299,1.3372,1.137,1.9941,1.4496,1.1113,1.4718,0.33598,1.0007,0.40308,0.491,0.21373,0.78959,0.48254,0.12013,0.81863,0.71993,1.471,1.0888,1.1347,0.74307,0.67826,1.2003,1.5141,0.5256,1.1691,-0.28925,0.78274,0.17764,-0.38434,0.42894,-0.22459,0.024725,-0.27949,0.51479,0.65866,0.3584,0.63535,1.1721,1.7103,0.19577,0.39453,0.28111,0.2541,0.3463,0.69039,1.2876,0.91213,0.42344,1.0584,2.0801,1.7932,1.0823,0.74349,0.666,0.75653,0.65308,0.62228,0.73249,0.89295,0.29993,0.97916,1.0295,0.14736,0.23673,0.99702,0.69433,0.22517,1.3006,1.0112,0.19621,0.12699,0.59827,0.16742,0.6871,0.49786,0.63629,1.0349,1.1045,1.6374,-0.0022119,0.075775,0.038468,0.12529,0.36785,1.6568,0.8459,0.8688,0.59325,0.035051,0.13842,0.97811,0.25518,1.1275,0.11358,1.1852,1.0395,0.86182,0.9897,1.2849,1.0361,1.2375,-0.075248,0.2302,-0.24727,-0.25959,-0.65638,-0.55252,-0.16878,0.10917,-0.0072389,-0.91261,-0.4416,-0.25856,-0.41812,-0.62534,0.36669,-0.1825,0.26849,0.40729,-0.51531,0.058959,-0.37788,0.18479,0.11634,0.40951,0.9892,0.62734,1.0482,0.35949,0.85573,0.85952,0.58112,-0.011023,0.049664,0.0015418,0.82606,-0.68083,-0.27053,1.1364,1.0486,-0.32949,-0.53502,0.15612,0.27768,0.015878,0.27448,-0.13199,0.054713,-0.34436,-0.6624,-0.1363,0.024227,0.11822,0.12281,-0.056202,-0.035814,0.016794,0.6881,0.94677,0.33544,0.65455,0.88704,0.63565,0.23107,-0.27978,-0.35561,0.056865,0.1613,-0.55924,-0.13433,-1.0247,-0.64993,-1.4241,-0.6337,-1.0401,-0.65436,-0.4471,-0.58028,0.22287,0.35513,0.37697,0.11634,0.26312,-0.28093,-0.54851,0.043354,-0.63099,-1.2615,0.60315,-0.27319,-1.0398,-0.61031,-1.3727,-0.73456,-1.0565,-0.67847,-0.51103,-0.37814,-0.46261,-1.4699,-0.58955,-0.48185,-0.72028,-0.71032,-0.064795,0.59326,0.40749,0.0030369,0.44464,0.35344,0.063416,0.15462,-0.019928,-0.4607,-0.41519,-1.1567,-0.76137,-0.90791,-0.40597,-1.78,-0.8034,-0.37362,-0.83685,-1.3665,-0.5918,0.13184,-0.48258,-0.50084,-0.2588,0.35811,-0.51278,-0.35306,-0.17425,0.5284,-0.50553,-0.22884,-0.31542,-0.061386,-0.30005,-0.4856,-0.31537,-0.64705,-0.35581,-0.54965,-0.92815,-0.53732,-0.21126,-0.099469,-0.4345,-0.80544,-0.28893,-0.32916,-0.017998,0.23723,-0.40314,0.56137,0.13292,-0.67678,-0.51667,-0.27258,-0.83864,0.079234,-0.51082,-1.6382,-1.5229,-1.094,-0.46767,-1.3616,-0.98576,-1.1284,-1.3058,-1.1181,-0.73925,-0.57294,-0.15779,-0.14487,-0.33142,-0.34093,0.1915,0.95899,-0.25692,-0.050158,0.1537,0.73031,0.70073,0.80467,0.26148,-0.049295,0.49033,0.18909,0.86537,0.18504,0.78886,1.0419,0.63618,0.29675,0.65468,-0.26695,0.64782,0.05436,-0.8372,-0.78715,-0.23369,0.023651,0.64073,-0.27785,-0.46411,-0.37122,-0.26392,-0.17545,-0.25705,0.12575,0.19761,-0.31506,-0.19955,0.71385,0.45459,-0.20012,-0.10301,0.39675,1.2066,0.21251,0.16831,0.52774,-0.52436,-0.76705,-1.2349,0.091994,-1.7325,-0.80542,-1.2125,-0.84243,-1.5594,-0.75276,0.11357,0.075108,0.88312,1.2338,0.6169,0.20111,0.11199,0.15214,-0.13939,0.041188,0.12949,-0.44255,-0.50437,0.81403,0.49339,0.60895,0.7839,0.32429,1.0528,-0.85969,0.18677,-0.80178,-0.57743,-0.5633,-0.45124,-1.0618,-1.3879,-0.7174,-0.69291,-0.92577,-0.73982,-0.71216,-0.61603,-0.83339,-0.095009,-0.039793,0.68867,-0.3046,-0.6516,0.23075,0.23577,-0.014771,-0.47176,-0.15795,0.26697,0.6002,0.32298,0.52168,-0.57619,-0.35768,0.10051,-1.0869,-0.7402,-1.0083,-1.0457,-0.28447,-0.23802,0.12026,0.020451,0.32444,-0.20706,-0.33989,-0.33901,-0.71073,-0.81845,0.29461,-0.086345,-0.41592,-0.18022,0.31864,1.5247,1.1572,0.57307,0.63991,0.67693,1.0621,0.86086,0.44596,-0.074479,0.78202,0.35637,-0.53963,-0.41593,0.002254,0.088788,1.1808,1.1412,-0.8464,-0.078351,-1.2805,-0.40264,-0.41019,-0.96041,-1.7585,-0.041811,-0.67128,-0.13577,0.40346,0.7499,0.65345,-0.64806,0.8053,0.49033,0.22127,-0.96783,-1.4137,-1.1434,-0.85539,-0.99025,-0.31291,-0.95622,-0.40199,-1.0915,-0.66471,-0.38713,0.10034,-0.014094,0.41874,1.1297,0.15001,0.75374,0.76929,0.7856,-0.054043,0.23762,0.51773,0.52205,0.69922,0.29785,0.55869,0.71041,1.0873,0.69727,-0.98501,0.57212,0.31328,-0.62372,-0.69367,0.99659,-1.0614,-1.4171,-0.12468,0.92782,0.86524,0.15591,0.42938,0.98075,0.45491,1.0576,0.88522,0.73164,0.46586,0.48312,-0.18806,-0.69573,-0.42863,-0.55018,-0.89301,-0.036223,-0.21398,0.53931,0.92712,0.16556,0.41517,0.80737,0.62713,-0.11246,-0.5615,-0.024039,0.48097,0.96161,0.28323,0.019335,0.20991,1.0426,0.82154,0.84334,-0.49339,0.97528,0.20644,0.076796,0.20492,-0.64395,0.19736,-0.36547,-0.78757,-0.47514,-0.65301,0.021583,0.069659,0.14573,0.65763,0.55463,1.4027,0.74026,-0.13261,0.44632,0.9614,0.39966,0.46559,1.0236,0.76341,0.61068,-0.13063,0.1121,0.48067,0.79863,-0.09867,-0.54187,-0.67754,0.025656,0.26829,-1.0095,-0.86676,-0.512,1.3205,-0.53908,0.34726,-0.41093,0.4681,0.85172,0.25164,0.18539,0.032786,0.37392,0.34187,-0.10979,-0.41281,0.092812,1.7364,0.23859,0.41809,0.070769,0.43631,0.10477,-0.25056,0.26355,-0.064386,0.057027,0.065909,-0.15282,0.60479,1.4108,1.3614,1.165,0.50802,0.92137,1.5162,1.8752,1.3173,1.1376,1.2809,1.086,0.10105,-0.10853,0.81766,0.11381,0.36381,-0.46253,-0.11745,-0.72579,0.82862,0.50181,0.41324,-0.32738,-0.59327,-0.07396,-0.46017,-0.2142,-0.30982,-0.39672,0.33408,-0.07076,0.72666,0.7286,1.1277,1.1173,0.98474,0.54426,0.91551,0.80746,0.64175,0.030921,-1.6621,-0.17405,-0.38652,-1.4209,-1.3328,-0.3403,-0.67763,-0.44743,-0.57701,-0.77353,-0.917,-0.28266,0.16456,-0.4865,-1.9748,-1.0403,-1.249,-0.71605,-0.8661,-1.2249,-0.83746,-0.42975,-0.97361,-0.50779,-0.40334,-0.30123,0.29877,-0.44276,0.40103,0.51991,0.80843,1.4952,0.5584,0.48885,0.40692,0.92547,0.8164,0.80006,0.60372,0.38038,0.11726,0.25603,-0.25779,-0.18528,-0.73724,-0.36725,-0.48384,0.60784,-0.36259,-0.37307,0.20236,0.44433,-0.93825,-1.4477,-1.1791,-0.78924,-0.7569,-0.91444,-1.1952,-1.1075,-1.0573,-0.86239,-1.2638,-1.4722,-1.3555,-1.1144,-0.6693,-1.1822,-0.74546,-1.4132,-1.0302,-1.0633,-0.86426,-0.28638,-0.915,-1.3788,-0.2542,-0.37679,-0.56637,-0.49288,-0.64867,-0.99567,-0.22362,-0.64545,-0.81332,-0.37043,1.2302,0.64661,0.5197,-0.039056,-0.52318,-0.28023,0.2094,0.47139,-0.37285,-0.58864,-0.43219,0.52992,0.15104,-0.17788,-0.24477,0.25318,0.61488
0.28427,0.37235,-0.11481,0.19915,-0.081198,0.50426,0.2309,-0.10945,0.45705,-0.18182,-0.23927,0.24377,-0.2041,-0.039505,-0.63749,0.14837,1.1599,0.19062,0.013866,0.48286,0.44912,-0.059582,-0.061865,0.84485,0.61862,0.89449,0.075842,-0.24231,0.73821,-1.2008,-0.43632,-0.55081,0.17754,-1.1447,-1.6559,-0.94594,-0.12085,-0.44531,-0.69219,0.50827,0.9632,0.047157,-0.36039,0.94343,0.31888,0.40182,-0.47305,-0.87413,-0.30582,-1.3532,-1.2229,-0.41945,-0.54367,-0.75747,-1.5022,-1.421,-0.8631,-0.58584,-0.37502,-1.2381,-0.21564,0.12977,-0.017213,-0.96978,-0.97254,-0.25184,-0.37046,-0.75815,-1.4073,0.14639,0.21897,-0.38411,-0.13646,-0.29662,-0.096694,-0.32654,-0.33058,-0.85637,-0.33968,-0.36191,-1.1385,-0.62464,0.23011,-0.44312,-0.82912,-0.5092,-0.56356,0.081485,-0.87413,-1.3166,-0.79417,-1.1589,-1.4163,-1.4488,0.10389,0.88343,-0.15396,0.21323,-0.27195,0.17321,-1.2877,-1.8103,-1.0328,-1.3234,-0.45067,-0.63866,-0.65112,0.33835,0.45772,0.051256,-0.0031398,0.30417,0.66507,0.61774,-0.032282,0.90707,0.48434,0.63728,0.12318,-0.22539,0.10783,0.29312,-0.40498,-1.2921,-0.25379,0.0016746,-0.44897,-0.97345,0.010713,0.76979,0.45215,-0.38172,-0.45206,0.45163,-0.34569,-1.0245,-1.34,-1.3969,-0.5513,-1.2304,-1.259,-0.25554,-0.67837,-0.75683,-1.2297,-1.2255,-1.0994,-0.76141,-0.90302,-1.0336,-0.51595,0.066461,-0.26295,-0.77014,-0.96048,-0.78725,-0.24551,-0.52587,-0.45558,-0.85247,0.38592,-0.22638,-0.90936,-0.48778,-0.62367,-1.0774,-0.66002,-1.0634,-1.2393,-0.83173,-0.7507,-0.78257,-1.1764,-0.55411,-0.59181,-0.90048,-1.1394,0.08327,-0.2513,-0.82872,-0.63009,0.33659,-0.3281,-0.55467,-1.1527,0.020691,-0.016466,-0.50385,-0.70337,-0.5607,0.38841,0.11907,-0.61563,-0.63157,-0.073938,1.2311,-0.75516,-1.084,-0.20705,0.48552,-0.71908,-1.597,-1.0874,-0.40537,-0.12748,-1.4698,-0.58167,-0.047725,-0.0089975,-1.1983,-0.62848,-0.15563,-0.31688,0.69485,0.4888,0.92268,0.93635,0.72469,-0.0083217,0.1587,0.21372,0.4658,0.16197,0.54896,-0.34764,-0.95612,-1.5705,-1.9304,-0.98815,-0.42344,-0.95771,-0.59397,-0.98666,-0.77631,-0.78328,-0.85869,-1.1436,-1.3139,-0.79082,-1.661,-1.518,-1.4079,-0.74484,-1.2098,-1.3895,-1.0886,-1.054,-1.6406,-1.1925,-0.40577,-0.84716,-1.1306,-0.86695,-0.18583,0.097109,-0.82054,-1.3022,-0.45577,-1.7015,-1.4589,-1.3002,-1.515,-0.84358,-2.5211,-1.3745,-0.28405,0.62325,-0.073814,-0.39266,-0.063346,0.84471,0.78776,1.5375,0.72528,0.84787,1.1414,0.8926,0.51764,-0.37057,0.097637,0.4163,1.4719,1.3634,1.1542,2.1607,2.1644,1.994,1.2843,0.64081,0.84434,0.8074,0.55218,0.013445,0.4428,-0.33684,0.13675,0.4453,0.50096,-0.0069243,0.10266,1.0417,1.0854,0.51861,0.18578,1.0535,-0.15362,0.28984,-1.0278,-0.16396,0.46239,1.2085,-0.21878,0.05116,0.71397,1.6668,0.74897,-0.76666,1.2614,-0.2211,-0.27267,-0.46151,0.17717,0.36616,1.069,1.543,0.70228,1.8353,0.73187,1.1829,0.57067,1.2619,1.3419,1.0026,0.15197,-0.8273,0.50069,-0.52134,-0.02847,-0.52292,-0.49883,-1.2111,-0.74558,-0.82407,-0.39076,-0.28106,0.35426,-0.079237,1.2696,0.91591,0.84434,1.1262,1.4303,0.88494,0.0098779,-0.044579,-0.16574,-0.76825,-0.51011,-0.50865,0.13722,0.47554,-0.083483,-1.1708,-0.96506,-0.2233,-0.82752,-1.3801,0.1842,0.66687,0.24806,0.63671,1.2385,2.1137,1.7336,1.223,1.2497,0.86913,0.015735,-0.44924,-0.91629,-1.0279,-0.90131,0.018974,-0.51385,-0.67373,0.048243,0.48238,1.4949,-0.34885,0.0081825,1.0212,1.2329,1.1743,0.30141,1.2207,1.3656,1.5431,0.64698,0.059164,0.67573,0.47369,-0.19569,-0.55533,-0.55201,0.11962,0.32902,-0.4484,-0.027873,0.75838,-0.084738,-0.51463,-0.69752,-0.32047,-0.27273,-0.32745,0.77968,0.816,0.32847,-0.44885,0.41926,0.68291,0.28825,-0.9157,-0.40027,-0.026561,-0.43615,-0.18399,0.73756,0.73892,0.80253,0.75214,0.77323,1.3128,1.5103,0.72753,0.76863,1.1136,0.13217,0.86362,-0.65701,-0.64696,-0.75184,-0.80473,-0.05308,-0.22556,0.095548,-0.97457,-0.39705,-0.25687,-0.95651,0.10881,0.071346,0.61825,-0.090772,0.56319,0.0049993,0.64727,0.35715,0.28898,1.1497,1.172,1.8882,1.8933,1.731,0.80366,1.3938,0.8925,1.4947,0.6762,0.38148,0.6591,0.33119,0.18394,0.0056173,1.1487,1.795,0.87767,-0.13685,0.72266,1.8438,0.88689,0.63293,1.4024,0.79458,1.8958,2.0677,0.90741,0.8964,0.42909,1.52,1.0564,0.7202,0.71278,1.8236,1.4858,1.3544,1.5036,0.48414,1.9492,2.3277,1.8333,1.9051,0.69548,1.3406,1.0497,0.86575,-0.068973,0.63885,0.2513,0.53259,0.65035,-0.034959,0.46193,1.1419,0.51564,0.39305,0.85616,1.1104,1.0425,0.97686,0.73516,1.4374,0.99098,-0.012229,0.95471,1.2129,1.2395,0.92931,0.66554,1.1341,1.9237,0.94892,0.59296,1.0384,0.87128,1.0927,1.2816,1.2262,2.3053,2.5006,2.3121,1.229,1.7329,2.107,1.7593,0.14853,0.13986,0.48008,0.19739,-0.17152,0.38382,0.55898,1.4381,2.0705,1.7872,2.0621,2.2241,1.9102,3.3476,2.3628,1.9671,2.2701,2.608,2.76,1.111,2.0448,1.1785,-0.47118,-0.42103,-0.28159,0.015748,0.37996,1.1687,0.85485,1.2887,1.3407,1.3296,0.65727,0.95336,0.45306,1.6871,0.49393,0.28911,0.64102,1.0166,0.61559,0.16897,-0.15996,-0.10258,0.19859,-0.34721,0.40001,-0.11449,0.82936,0.13162,1.0776,0.84567,0.6595,0.3055,-0.24422,-0.28984,0.52835,-0.0033966,0.17326,0.39187,0.355,0.32076,0.82454,0.62006,1.4616,1.3183,1.3113,0.84148,1.8942,-0.031041,0.51941,0.12673,-0.45623,-0.25807,-0.16088,-0.7547,-0.29871,0.27367,1.2291,-0.12186,-1.0445,-0.64638,-0.64275,-0.27501,-0.92129,-1.0146,-0.7628,0.15198,-0.61222,-1.3935,-1.094,-0.38459,-0.53671,0.1187,-0.35272,-0.72708,0.66385,0.35769,0.62426,0.12051,-0.066904,0.46224,0.90316,-0.65232,-0.87069,-0.42317,-0.12442,-0.7923,-1.1057,-0.31749,0.588,0.39003,0.20367,0.017037,0.45862,1.007,0.76043,-0.1369,0.055657,-0.53435,-0.56491,-0.91308,-0.098711,0.53528,0.64542,1.5203,0.76193,0.29841,0.93403,0.06415,-0.87155,-0.54696,-0.69065,-1.0033,-0.75171,-0.71793,-0.53493,-0.38597,0.14504,0.58384,2.1432,2.1605,2.6428,2.2203,1.8582,1.5968,1.8547,2.0722,1.2325,-0.7345,-0.44969,0.53818,-0.56058,-1.1242,-1.598,-2.0218,-1.8905,-1.4361,-2.1841,-0.8745,-1.4744,-0.95425,-1.688,-1.0193,-0.46133,0.11863,0.034925,-0.20534,-0.66912,-0.12772,-0.13367,-0.8317,-0.88903,-0.57828,-0.28229,-1.3142,-1.1472,-0.94767,-0.42546,-0.1164,-1.2343,-0.69948,-0.68188,-0.37517,-0.83806,-1.0065,-0.59784,-0.27878,0.31718,-0.1283,0.96206,1.2071,0.98739,1.2842,1.079,0.94858,0.87474,1.2048,0.1108,0.21584,0.85166,0.66419,0.14255,-0.59137,-0.92973,-0.64748,-0.40521,-1.3547,-1.5988,-1.6308,-0.84569,-1.1188,-1.5699,-1.1725,-0.97469,-1.1199,-1.9703,-1.6219,-0.92596,-0.7668,-0.56381,-1.0025,-0.82017,-0.32735,-0.80588,-1.0128,-1.121,-1.4174,-0.93765,-0.99777,-0.87611,0.42774,0.19731,-0.21054,-0.36031,0.14139,-0.3315,-0.24355,0.15825,-1.4559,-0.92581,-1.7008,-0.90847,-0.88997,-1.167,-1.065,-1.2809,-0.94876,-1.0391,-0.97223,0.63164,0.13783,0.19346,0.26917,0.26165,1.2085,1.0099,0.59747,1.2183,0.13314,0.49605,-0.73148,-1.0973,-0.96336,-0.45116,-0.12092,-0.16964,0.13767,-0.1411,-0.0577,-0.71135,-0.39242,-0.1091,-0.33952,-0.47901,-0.079374,-0.84091,0.48426,0.16977,0.31975,0.64628,1.3329,1.6229,1.4125,1.5839,1.6679,2.0016,1.2394,1.8885,1.625,1.2046,1.2038,0.49014,0.77289,0.26735,-0.15643,-0.42098,-0.46597,-1.239,-0.81067,-1.0967,-0.72939,-1.5681,-1.5873,-1.1978,-0.17443,-1.5558,-1.5413,-1.2569,-0.64278,-0.49609,-0.3346,1.4732,0.86653,0.78588,0.69456,-0.4203,0.93085,0.34176,-0.63879,-1.0159,-0.37564,0.58009,0.60046,0.25474,0.97605,1.3323,0.80169,0.33327,-1.2328,-0.43757,-0.1912,-0.51509,-1.065,-0.83531,-0.52646,-0.22762,-0.87739,-0.43417,-0.81479,0.10697,-1.1594,-0.78916,-0.24062,-0.53015,-0.17643,0.48624,1.0601,1.4368,0.58346,1.0129,-0.074406,0.422,1.2672,1.0208,-0.62879,-0.76187,-0.6755,-0.34394,-1.1431,-0.94185,-0.98636,-0.22938,-0.1612,-0.67814,0.4712,0.51455,0.9974,0.93058,0.70009,1.0673,1.5647,1.2235,0.37039,0.44005,0.20095,-0.33462,-0.035282,-1.2181,-1.421,-0.7858,-1.5153,-1.5567,-0.52286,-1.1324,-0.78138,-1.0796,-1.7101,-0.68929,-1.2263,-0.8885,-0.058717,-0.66059,-0.23264,0.024092,-0.42129,-0.1811,0.99299,1.0972,1.8838,0.46146,-0.65348,0.21289,0.14543,-1.3472,-1.4343,-0.97553,-1.3918,-1.031,-1.7093,-1.2664,-0.91166,-0.56601,0.60981,-0.40107,0.89258,0.72787,0.40354,-0.24216,0.0099004,0.090285,-0.21591,-0.30552,-0.59268,-0.19336,-0.19497,0.083285,-0.99294,-1.1777,-1.3975,-0.91213,-1.9757,-2.2974,-0.82701,-1.3141,-0.55545,-1.0879,-0.0030779,0.79834,0.47893,0.54522,-0.37401,0.76315,1.4389,1.0089,0.78385,0.11543,0.14853,0.33698,0.081394,-0.39345,-0.71239,-0.14252,0.098347,-0.85767,-1.4022,-1.096,-0.81451,-1.7416,-1.6887,-0.82287,-0.66624,-0.26405,-0.839,-0.60469,-0.42905,-0.27934,0.16981,0.53479,1.3575,1.1354,1.73,2.0438,1.1209,1.4271,1.6756,1.3122,-0.14643,-0.74184,-0.80592,-0.10308,-1.4876,-2.1917,-2.4809,-1.5376,-1.4951,-2.095,-1.557,-1.5981,-1.3847,-1.1792,-0.70822,-1.6937,-0.14472,-0.064672,-0.11714,1.0175,0.87917,0.99859,0.65705,0.76877,-0.21318,0.23628,-0.0088361,-0.033559,-1.8916,-1.7149,-1.8563,-1.8197,-2.755,-1.9098,-1.3974,-0.8071,-2.4641,-1.4559,-1.3928,-1.3244,-0.8871,-1.3906,-0.39514,-0.41446,-0.11115,0.89444,-0.12872,0.42234,0.54532,0.9504,0.86202,-0.05588,-0.49446,0.27618,0.26791,-0.24383,0.21152,0.1048,0.26821,-0.27212,-0.52797,-0.80003,-0.97799,-0.62782,-0.232,0.25098,0.76628,0.61225,0.73702,1.2443,1.1171,2.1505,1.8209,1.6914,1.1555,1.231,1.1773,0.52258,0.23316,0.35517,-0.14972,0.36372,0.066924,-0.16262,0.061413,0.24187,0.49019,0.65808,0.51759,-0.13945,-0.92067,-0.21482,-0.63467,-0.63808,-0.60234,-1.1161,-1.1439,-1.2388,-1.4271,-2.562,-1.2867,-1.5024,-1.3415,-1.422,-1.2341,-1.086,-0.75762,-0.034456,0.070063,0.78787,0.77264,1.0068,0.75128,0.41007,0.41682,0.798,0.47164,0.28214,-0.22237,-0.34109,0.14456,0.10324,-0.30133,-0.32042,0.26851,0.3757,0.5078,0.13496,0.0077809,0.17344,0.67935,0.71105,1.1791,0.56763,0.63834,1.6812,1.3443,1.2449,1.3563,1.172,1.1661,1.3536,1.2322,1.3622,1.2719,1.0306,1.3977,1.3132,1.3031,1.2152,0.030727,0.75898,-0.085897,0.23352,-0.15308,-0.133,0.27321,0.23291,0.24875,0.77964,0.39652,0.76659,0.77749,1.1771,1.5143,1.4616,0.0091316,-0.13048,-0.22709,-1.643,-1.6089,-1.5631,-1.3499
-0.57757,-0.55781,0.57892,-0.30394,-0.32333,-0.13729,1.2222,-0.015444,0.14526,-0.055039,0.47047,0.076526,-0.26144,-0.37257,-0.32388,-0.55255,-0.37308,0.43131,0.8129,0.44969,0.19953,1.1252,1.5969,0.93564,0.33926,1.7647,2.6256,1.819,0.56987,1.1448,1.3853,1.4838,0.79461,1.8466,1.3496,0.44889,0.87092,1.7167,1.5067,0.8809,0.97469,1.8432,3.2516,1.4863,1.2332,1.1774,1.9612,0.83549,-0.44807,1.0816,1.5656,1.4406,0.81771,0.88163,1.3893,0.93021,1.4716,1.307,1.7019,2.6229,2.2079,0.75422,-0.030115,1.2905,0.8122,-0.42439,0.024537,0.14812,1.1804,0.30803,0.68609,0.61674,1.6567,0.34459,0.25119,-0.11164,0.9124,0.64644,-0.029336,0.36789,0.99682,1.1337,1.4105,0.48759,1.2808,0.95449,0.70952,0.30208,1.2445,0.38472,-0.033862,0.29185,0.58199,1.1174,0.12563,-0.04897,0.76158,-0.87355,-0.942,-1.7716,0.85471,0.28244,0.33814,-0.22669,0.35125,0.99688,-0.13261,-1.0353,0.047222,-0.45041,0.38722,-0.20275,0.31801,-0.5897,0.59458,0.22903,-0.36169,-0.83265,0.10838,-0.59967,-0.95918,-0.87796,-0.47799,-0.45838,-0.60992,-0.98798,-0.3232,-0.25724,0.085919,-0.2675,-0.97347,0.12907,-0.042581,-0.24197,-1.2687,-0.23475,-0.64782,-1.3808,-0.588,-0.91737,-0.089308,0.43865,-0.14172,0.31188,-0.20741,0.96054,-0.038812,0.1711,-0.34442,-0.54988,-0.68859,-1.1514,0.087677,0.54596,-0.46238,-1.0873,0.51926,0.91827,0.55405,-0.072709,0.18534,-0.46113,1.4143,-0.58312,0.32789,1.0705,1.2013,1.3601,1.1669,-0.20775,1.3921,1.432,-0.38082,-0.378,-0.012464,0.31526,0.39148,0.010321,0.60751,0.65411,0.37795,1.0177,0.6704,0.38585,0.60427,0.9905,0.78028,1.973,1.5262,0.98952,0.64642,0.73235,0.60715,0.29071,0.056309,0.12936,0.8324,-0.30489,-0.89814,-0.49153,0.3281,-0.19958,-1.655,-0.60348,0.0031328,0.83074,-1.3875,-1.1262,-0.17808,-0.17892,0.26992,-0.8917,-0.073464,-0.46881,-0.12243,0.46789,-0.13532,0.0074496,-0.38532,-0.027118,-1.1523,-0.87453,-1.9188,-1.2112,-0.72045,-0.67007,0.15099,0.048961,-0.55524,-0.45996,-1.4642,-0.54489,-1.253,-0.81461,-1.4303,-0.26935,-0.41598,-0.70028,-1.4906,0.18939,0.77377,-0.44826,0.11941,-0.0833,0.17172,-0.5057,-0.28184,-0.15466,-0.82322,-0.093161,-0.56125,0.089962,-0.57942,0.50028,0.63425,0.8141,-0.18994,-1.372,-0.16548,-0.34811,-0.59258,-2.2513,-0.58272,-1.5831,-0.97948,-0.84358,-1.1353,0.26899,0.76602,-0.090978,0.40115,0.49985,0.84907,0.70788,0.77624,0.54519,-0.5097,-0.011753,0.23806,-0.17821,-0.11086,-0.047586,0.4313,0.98238,-0.94015,-0.10988,0.39638,0.90554,0.60197,0.79236,0.20868,0.2005,0.078521,0.47514,0.63715,-0.12192,-1.3578,0.39119,0.1209,0.91956,-0.016494,0.29356,1.2541,0.49515,1.4181,1.061,1.1856,0.75638,-0.3672,0.11241,0.32953,-0.041254,-0.55691,0.17977,-0.87059,-0.10934,-1.3451,-1.8437,-1.0166,-1.6587,-1.6331,-1.3488,-0.87712,-0.32054,-0.5854,0.28516,-0.46781,-0.18476,0.92521,-0.10306,0.56532,-0.32421,0.11627,0.4445,-0.33986,-0.46569,-0.4538,0.29737,-0.7952,-0.8789,-0.011835,0.20898,0.02431,-0.019468,-0.32255,-0.21058,-0.44157,-0.31618,-0.4652,0.15576,0.70734,-0.0030137,-0.21527,-0.81711,-1.274,-1.0293,-2.0227,-1.3231,-1.0737,-1.7391,-1.0036,-0.94968,0.44997,-0.72535,-0.47434,-1.1573,-0.79522,-0.43293,0.40854,0.13831,1.1085,-0.75944,-0.81611,0.095841,-1.2168,0.030003,-1.0232,-0.83951,-1.1661,0.38943,-0.26707,0.17258,-0.73667,-0.073425,-0.078032,-0.11755,-1.5788,-0.14017,0.41812,-0.077205,0.19963,0.89539,0.062724,0.74885,0.23928,-0.34817,0.25315,0.25329,-0.31945,-0.1484,-0.86322,-0.46487,0.73339,-0.6503,-0.12802,0.27818,0.64534,0.56862,-0.57114,-0.052,1.1874,0.53803,0.49096,0.69118,0.66819,-0.12568,-0.44072,-1.6062,-0.50943,-1.822,-1.3387,-0.76699,-0.3125,-1.3856,-0.93357,-0.72071,-0.5109,-1.1682,-0.76885,-0.18479,0.27894,0.03987,-0.365,-0.31339,0.51242,0.25668,0.37931,-0.44784,-0.8233,-1.2573,-1.2063,-1.1513,-1.9134,-0.99819,-1.4131,-0.21934,-0.92783,-0.60649,-1.1459,-1.7235,-1.0432,0.041068,-0.57291,-0.28631,-0.68728,0.59328,-0.58669,-0.74903,0.52131,0.21016,-0.45967,-0.4902,-0.31102,-0.70681,-0.0088245,-0.57653,-0.79551,-0.1169,0.262,-0.88143,-1.6055,-1.4409,-1.1812,-1.0628,-1.9914,-1.5906,-0.54825,-0.10494,-0.78221,-0.84977,-1.0206,0.051067,-0.33233,0.24792,0.48518,0.90759,0.66849,0.63634,-1.1872,-1.3393,-0.010471,0.59605,0.43566,0.13807,-0.082459,0.60992,0.52349,0.13397,0.29806,-0.54411,0.002684,0.5829,0.12535,-0.074939,-0.3918,0.21413,-0.46312,0.17969,-0.19711,-0.21559,-0.31641,-0.084893,-0.24346,-0.56062,-0.14881,0.4141,0.49807,0.11726,0.038141,0.41673,0.59351,-0.62811,-0.72676,-1.1005,-0.76379,-0.44161,-0.68586,-0.44247,-0.26317,-0.71484,-1.9971,-1.3377,-1.2668,-0.63055,-0.95876,-0.9843,0.079853,-0.1701,-0.83023,-0.57858,0.4299,0.54908,-0.39835,-1.3781,-1.0765,-0.47401,-0.67098,-1.5298,-1.1953,-0.55603,-0.12005,-0.48401,-0.85302,0.084851,0.84272,0.82616,0.31644,0.24271,-0.18688,-0.043936,0.22243,-0.53202,-0.99182,-0.76375,-0.55985,-0.72311,-1.4377,0.11723,0.33951,-0.41093,-0.045857,0.6742,0.038566,0.53592,0.88091,0.50467,0.58339,1.2565,1.0018,0.095701,0.93103,0.54869,0.50195,-0.53749,-0.38225,-0.34919,-0.78335,-1.2351,-0.98173,-0.21012,0.10866,-0.82236,-0.75623,-0.81099,-1.3738,-1.0346,-1.5737,-1.6385,-0.41017,0.1798,-0.92011,-1.0978,0.069333,-0.30854,0.64002,-0.48773,-0.65448,0.25427,-0.13883,0.0022544,0.3111,2.3324,0.94738,0.29477,-0.46647,0.65908,0.29179,0.45457,0.44474,-0.12666,-0.0057816,0.53675,0.017141,0.34735,0.12093,-0.074103,-0.09229,0.015915,-0.1255,0.46498,0.66586,0.98786,0.51053,1.1075,0.89812,0.25311,1.0173,0.18172,0.036698,1.5096,0.79609,0.53903,1.2327,1.1082,1.56,0.22209,0.47944,0.66439,0.62955,0.28123,0.72311,0.056173,0.016212,0.45001,-0.074348,0.14593,0.23808,0.57165,0.84588,-0.82491,-0.96693,0.46369,0.54319,0.63301,0.63814,0.82568,0.60033,0.99869,-0.39854,0.11035,-0.053771,0.3406,0.17056,-0.57657,0.57932,0.43609,0.29689,0.13446,0.086308,0.13515,0.77365,0.34596,0.04141,0.46913,1.3539,0.68613,1.2761,-0.4513,0.57856,0.9904,0.27082,0.26787,0.053214,0.78118,0.015525,-0.07191,-0.65701,-0.44618,-0.79613,-0.91106,-1.4396,-1.12,-0.74309,-0.48583,-1.0122,-0.92542,-0.79796,0.28827,0.18089,-0.42799,-0.53247,-0.027812,-0.33715,-0.76625,-0.79353,-1.0211,0.0064899,-0.72301,-0.80591,-0.75851,0.21079,-0.69267,-0.050632,-0.99422,-0.24827,-0.27479,-0.99084,-1.2433,-1.7334,-0.062861,-0.28041,-0.52557,-0.81908,-0.38946,-0.6815,-0.31208,-0.016011,-0.47911,1.0321,1.3114,0.63542,0.18431,0.85042,0.70278,0.80145,0.40244,0.26958,0.33172,0.32406,-0.021425,0.097585,-0.36338,-0.10409,0.11224,-0.70987,-0.31056,0.22546,0.31207,-0.74471,0.17746,0.013581,0.5069,0.91169,0.87086,0.17008,-0.47696,-0.084476,-0.43361,-0.1249,-0.82517,-0.64827,-0.5621,0.21441,-0.67207,-0.015872,0.99075,0.22285,0.03427,-0.065796,0.2249,-0.5102,0.54812,0.40273,-0.031176,-0.40806,-0.34441,-0.4497,-1.5266,-0.51008,-0.42937,0.024687,-0.91319,-0.53776,-0.13928,-0.40912,-0.88172,-0.93406,0.005128,1.4233,-0.81223,-0.27275,1.4123,1.2851,-0.8534,-0.23576,-0.73297,-0.49851,0.14763,-1.9397,-0.70158,-0.12088,0.9271,0.10495,-0.79762,0.27588,-0.18716,0.49517,-0.51818,-0.21589,-0.20912,-0.97841,-0.45408,0.51912,-0.019527,-0.53544,1.1432,1.1066,0.4355,0.12355,0.69027,1.0597,0.81874,0.45307,0.26786,0.71438,0.24726,-0.46658,-0.56699,-0.77126,-0.23528,-0.92068,-0.83502,-0.76725,-0.61997,-0.75246,-1.1166,-0.27134,-0.18061,-0.34957,-0.43661,-0.12189,0.52202,0.69715,0.062103,-0.17143,-0.0019204,0.8779,1.3305,0.70698,1.4104,1.4811,3.2211,0.96189,1.3616,1.7923,1.0699,0.52995,1.0902,0.86976,1.9323,2.573,1.7932,1.6064,0.72654,0.84425,-0.40857,-0.3413,-0.35736,-0.36148,-1.3595,-0.51881,-0.23848,-0.22746,-0.25319,-0.53527,-0.76708,-0.19094,-0.32876,-0.90609,-0.26547,-0.14671,0.14936,-0.37622,-0.064583,0.62062,0.12858,0.74823,0.55253,0.48335,-0.77209,0.15735,-0.44,-1.0027,-0.59698,-0.56232,-1.4022,-0.74979,-0.92413,0.27779,0.5563,-0.18824,-0.022528,0.62196,-0.51439,0.70878,-0.56702,-0.063275,-0.023288,0.70388,0.48495,-0.32234,-0.086194,-0.67797,-1.0975,-0.96153,-1.241,-0.90011,-0.59261,-0.91213,-0.85296,-0.89584,-0.58838,0.44146,-0.018455,-0.16996,0.092278,-0.064348,0.1448,-0.22489,-0.38146,0.43987,0.89954,0.66288,0.86289,-0.29578,1.2416,0.78162,0.3553,-0.092161,-0.54126,-0.37267,-1.7896,-1.3396,-0.16654,0.63754,-0.90006,0.037399,0.24375,0.038993,0.82253,-1.1101,-0.084265,-0.30795,0.52824,-1.0393,-0.29955,-1.465,-0.96119,-0.33869,-1.6073,-1.3753,-0.022196,-0.05111,-0.1227,-0.35803,-0.68413,0.38337,0.38842,-1.1772,-0.17568,-0.85527,0.48865,0.17585,-0.57452,1.1581,1.0428,1.4019,-0.051657,-0.25779,-0.034012,-0.42596,0.79486,-0.49354,0.41891,0.64667,0.43394,-0.026742,-0.40454,-0.32828,-0.30782,-1.011,-1.2831,-1.601,-0.75447,-0.19466,-0.78427,-0.11159,-0.29969,0.84742,-0.083862,-0.64014,0.31197,-0.14551,-0.27322,0.48937,-0.10882,0.18503,0.24432,0.75691,-0.44741,0.84453,0.31593,1.2813,0.01504,-0.84286,-0.47086,-0.95604,0.032815,-0.73936,-0.48508,-0.38598,0.03554,0.42777,-0.38678,-0.76294,0.10862,0.76617,0.67811,-0.94679,0.041918,-0.40604,0.62313,-0.063678,-0.18654,-0.30332,-0.29014,0.13941,-0.78866,-1.257,-1.0757,-0.97558,-2.2203,-2.1729,-2.1562,-1.2098,-1.0118,-1.6983,-1.5714,-1.0753,-0.7913,-0.12541,-1.1565,-0.35954,0.43176,-0.69224,-0.27113,-0.12546,0.70779,1.1787,0.8033,0.17681,-0.13201,0.39446,0.4811,0.44261,-0.12191,-0.73155,-0.095649,0.20461,-0.0049123,-0.78962,-0.85133,-0.74886,-1.5289,-0.66921,-0.38389,0.33287,1.3251,0.75958,-0.037808,0.89633,0.93787,1.0122,0.53845,0.59877,1.4985,1.6592,0.8356,0.21787,0.37011,0.33779,-0.1053,-0.46784,0.14956,0.39113,-0.17513,0.75883,0.078949,-0.098636,0.21608,0.40168,0.45808,0.81667,0.46806,0.13393,1.0672,0.31241,0.13721,-0.12937,-0.39884,-0.12567,0.68174,0.89534,-0.17449,0.58078,0.63543,0.75262,0.75856,0.76002,1.0326,0.56042,1.1802,1.2951,0.83209,0.64922,1.0441,1.1815,0.017573,0.040443,0.33603,0.45829,0.084545,0.40464,0.2302,-0.063284,1.1748,1.4013,0.71676,1.0059,0.59661,1.3336,1.3631,0.56902,0.66656,0.53577,0.44889,0.63373,0.13431,0.1409,-0.1556,-0.0044793,0.30549,0.30652,-0.45501,-0.4639,-0.46325,-0.35369,0.3674,-0.78638,-0.76561,-0.10562,0.17948,0.036453,-0.22693,-0.45506,-0.028393,0.52206,1.2542,0.19184,0.4546,0.96686,1.1636,1.9207,0.99844,1.0819,0.011686,0.66349,1.0368,1.2605,0.60431,0.88261,0.73749,1.1117,0.39416,0.38273
-1.5174,-1.0176,-0.52353,-0.70121,-1.045,-0.63451,-0.36853,-0.61717,-0.98118,-0.48477,-0.52474,-0.48996,-0.84411,-0.58582,-0.75703,-0.31548,-0.98153,-1.0184,-0.66659,-0.667,-0.76931,-1.011,-0.78256,-0.51332,-0.42168,-1.0307,-1.383,-0.72941,-0.6531,-0.46281,-0.48415,-0.66331,0.041429,0.013585,-0.20776,-0.55324,-1.0191,-0.31437,-0.68275,-0.17044,0.17962,-0.021062,0.24471,-1.4123,-0.082062,-0.13267,-0.83612,0.016448,-0.60517,-0.47347,-0.82019,-0.80794,-0.61969,-0.46949,-0.69108,-0.042328,-0.22483,0.25465,-0.028061,-0.5401,-0.31711,0.0081868,-0.16956,-1.3403,-1.0356,-0.40296,-0.76879,-0.45053,-0.87633,-0.55929,-0.90848,-0.81342,-0.59179,-0.82994,-1.1897,-0.46677,-0.36852,-0.75885,-0.3241,-0.6104,-0.85031,-0.34737,0.14757,0.49763,-0.63501,-0.24685,-0.23588,-0.23873,0.065059,-0.0092512,-1.1432,-0.27227,0.041756,0.37273,-1.6806,-0.33672,-0.80282,-0.44335,0.56198,0.072877,-0.25998,0.016938,1.1012,-0.51158,-1.0938,-0.12717,1.4735,-0.20981,-0.5352,0.8036,0.45148,-0.28649,-0.09901,1.0266,1.367,0.4303,-0.082653,0.60169,0.86643,0.54041,0.43396,-0.41772,-0.019207,0.11756,0.60419,-0.0197,1.1584,1.2903,1.0453,1.2234,0.91792,0.48779,0.18558,0.17379,0.47789,-0.010996,0.57688,0.85778,0.13045,0.70158,0.35329,0.4158,1.1136,1.2877,1.1666,0.44299,0.71278,1.3005,1.2242,0.43399,1.9467,1.8147,1.3977,0.68611,0.66034,0.88974,1.2424,0.29517,1.2101,1.5045,0.76642,0.16042,0.3914,0.74375,0.12365,-0.33162,0.34195,0.13736,0.38701,-0.761,-0.4012,-0.19385,0.10853,0.79168,0.4257,0.46393,1.1399,0.79758,-0.16829,0.2587,0.55418,0.31077,0.16004,-0.19502,1.3359,1.6316,0.85744,0.15346,0.20576,0.81004,0.43203,0.44244,0.62622,0.056003,1.5596,-0.077779,-0.21167,0.97099,1.5517,0.87813,0.39042,1.52,1.1388,0.42645,0.35123,0.62683,1.2498,0.023829,-0.35113,0.11368,0.82847,-0.54652,0.10871,-0.027236,0.84666,-0.05349,-0.5114,0.23623,0.8837,-0.37943,-0.51546,0.047624,0.39118,0.035139,-1.5713,-0.020299,-0.47399,0.7559,-0.59121,0.0262,0.61848,0.16262,-0.3684,0.42168,0.89307,0.31003,-0.078508,0.082455,0.95787,0.22959,0.42621,0.37033,-0.2362,-0.1697,0.15055,-0.55857,0.8479,0.45427,0.3914,0.35475,0.48001,0.57232,0.9832,0.51228,1.4092,0.783,0.73835,9.0918e-05,0.43364,-0.14088,0.96093,0.21484,0.36875,0.048093,1.425,1.2048,0.54168,0.50793,1.0742,1.1648,0.028429,-0.055916,1.1219,0.76402,-0.57278,-0.10633,0.065417,-0.038443,-0.16949,-0.14435,0.19102,-0.2153,-0.53525,0.021603,-0.15827,-0.32217,-0.54426,0.049482,0.30191,0.22822,-1.2487,-0.52377,0.49905,-0.33312,0.71247,0.7013,0.16394,0.64967,0.61832,-0.71964,0.62354,0.75597,-0.061773,0.2681,0.49922,0.34427,-0.3096,-0.11765,-0.25671,-0.42455,-0.37072,0.45392,0.29322,-0.10414,-0.75369,-0.057657,1.2062,-0.15645,-1.1164,-1.6546,-0.16609,-0.68871,-1.4451,-0.78622,-0.5315,-1.1201,-1.5145,-0.69755,-1.2989,-0.90864,-1.4213,-0.68512,-0.30125,-0.3276,-0.77353,-1.5951,-0.15354,-0.94717,-0.75454,-1.29,-0.63423,-0.5712,-0.65571,-0.77511,-0.41322,-0.23559,-0.34206,-1.0059,-0.34798,-0.1775,0.17752,-1.2815,-0.56958,-0.84693,-0.60082,-0.35665,0.29758,1.2648,0.62748,-0.09921,0.84385,-0.70916,0.21172,0.36638,-0.65688,-0.31184,0.16282,0.34061,0.070956,-0.13541,-0.47543,0.43744,0.1888,0.10819,-1.3051,-0.16735,-0.59988,-1.6522,-0.82918,-1.4399,-1.2584,-0.563,-0.329,-1.2871,-0.82301,-1.311,-0.73652,-1.195,-1.5902,-1.9756,-1.4168,-0.9604,-1.5585,0.28809,-0.3045,-0.78962,-1.2334,-0.40618,-0.33635,-0.96678,-0.57401,-0.50117,-0.0043945,0.33431,0.4559,-0.77526,0.4465,0.80772,-0.33675,-0.36704,-0.94192,-0.93913,0.2742,-0.5166,0.26291,0.57037,0.036851,-0.31482,0.051139,-0.47872,0.1545,-0.015736,0.10801,0.2704,0.33247,-0.72234,-0.51099,-0.41007,-0.79618,-1.0042,-0.79527,-0.14694,0.73961,-0.49539,-0.50488,-0.3087,-0.33033,0.094248,-1.3434,0.094709,-0.28622,0.29247,-1.0157,-0.20368,-0.34103,-0.25881,-0.46458,-0.34533,-0.49526,-0.15248,-0.092981,-0.69695,-1.1057,0.086791,-1.7088,-0.39309,-0.54082,-0.43813,-1.347,-1.8398,-1.6396,-1.2701,-0.3798,-0.93175,-0.62797,-0.48978,-0.15367,-0.79705,-0.73551,-0.70055,-0.77217,-0.57984,-0.47321,0.54871,0.12126,0.20992,0.50866,0.94362,0.009035,-0.2042,0.13523,-0.78159,0.22788,0.72056,0.19736,-0.97918,0.023926,0.57636,-0.0088537,-0.64278,-0.63651,-0.23229,-0.3473,-0.53953,0.13218,0.12232,-0.33813,-0.0073794,-0.98511,-0.49694,-0.63241,-0.7898,-0.52592,-0.29244,-1.5724,-1.0232,-0.64508,-1.1213,-1.2436,-0.93857,-0.92026,-0.86361,-0.58716,-0.43415,-1.375,-0.87154,-0.55908,-0.96124,-0.94494,-1.1244,-0.46367,-0.62138,-0.0044768,0.41461,0.20195,0.22059,-0.21069,0.30889,0.36066,0.31346,0.68158,0.6857,0.88913,0.85509,0.86694,1.4698,0.76141,1.6215,0.75271,0.40334,1.1267,-0.13771,0.26007,-0.48851,-0.23532,-1.2954,-1.0638,0.49599,0.015106,-0.3021,-1.3833,-0.025783,0.022835,0.038351,-0.46255,-1.5654,-0.29824,-0.38331,-0.099559,-0.50683,0.10079,-0.39182,-0.35461,-0.72704,-0.70695,-0.88171,0.11294,-1.5934,-1.5574,0.92382,0.21375,0.19155,-1.5345,0.024745,-0.83451,-0.56751,-1.3746,-0.77605,-0.39328,-0.29963,-1.8231,-1.2864,-0.074744,0.26455,-0.76068,-1.1297,-0.31242,-0.33137,-0.785,-0.22589,-0.79566,-0.28425,0.14364,-0.56632,0.053272,-0.53153,0.29126,0.13082,-0.36653,-0.46474,0.13344,0.022564,0.28248,-0.39953,-0.54502,0.4452,-0.088058,0.52513,0.33793,0.78261,-0.086343,0.82598,-0.44259,0.43646,0.92417,0.73689,-1.1006,2.4395,1.744,1.3361,0.85395,0.8831,0.12666,0.1436,1.0859,1.1297,1.9276,1.4662,1.1349,1.8088,1.2314,1.9312,1.3712,1.7651,1.2833,1.5409,1.0698,1.2455,0.78468,0.61927,1.2342,0.93243,0.79396,0.78471,0.29616,0.87598,0.55439,0.86694,0.22677,0.092041,0.46712,0.27211,0.41623,0.28971,0.73007,0.74659,0.060012,0.50762,0.49957,0.62938,0.29968,0.21101,0.32484,0.68891,-0.3881,0.32819,-0.25178,0.7655,0.014075,-0.032488,0.073214,0.63151,0.67604,0.40627,-0.020265,0.50985,-0.14381,-0.21517,0.34615,0.20888,0.53568,0.92513,0.4189,0.59519,0.62652,0.13353,0.2065,0.60198,1.1855,0.53974,0.58498,1.1861,0.8428,-0.23813,0.49048,0.44386,0.70757,0.79473,1.138,0.71221,0.30651,0.49398,0.70682,0.75541,0.46975,1.0749,0.1523,1.3687,1.2426,1.3089,1.3358,1.0981,1.656,1.6299,1.5468,1.3178,0.90584,0.92148,0.32556,0.76978,-0.0074991,0.59391,1.3174,1.5449,1.7126,0.85452,1.9779,1.486,1.4535,0.59279,0.75705,1.1801,0.96768,0.57928,0.41867,1.0447,1.3897,1.3523,-0.022846,-0.03052,0.56196,0.4973,0.16425,0.12316,-0.11754,0.34395,0.21579,-0.23574,0.19736,0.088591,0.22018,-0.16702,0.099853,0.6324,-0.22541,0.47758,0.79976,1.5513,0.45979,0.1493,0.75226,0.36246,0.84906,0.98741,1.9163,1.528,1.5938,0.78239,0.31937,1.0148,1.3052,0.11677,0.080184,0.018035,-0.018587,0.42422,-0.97722,0.063412,1.3028,1.1029,0.01529,0.44267,0.23077,-0.0067483,0.21105,-0.54692,-0.24234,0.51855,-0.13142,-0.26814,0.48893,0.12798,0.93731,0.59234,0.037083,1.5774,0.96923,1.2131,-0.19185,1.2369,1.6647,1.1066,1.676,0.85228,0.88611,0.58948,-0.43841,0.55935,1.2567,1.2207,0.4543,0.90607,2.2468,1.0418,1.3694,0.27305,0.68282,0.316,0.47382,0.70139,1.0748,0.68081,0.42758,0.89771,0.77809,0.51418,0.48766,0.51223,0.51547,-0.71776,-0.93626,-0.83261,0.4764,0.045713,0.0053021,-0.29153,-0.20951,-0.15038,-0.40033,-0.57788,-0.8194,-0.20627,-0.35936,-0.6815,-0.82956,-0.80043,-0.041285,0.0027293,-0.3834,-0.17742,0.41001,0.12944,0.21149,0.29834,0.36656,-0.072813,0.53742,0.71901,0.22337,0.10274,0.29094,-0.7931,-0.59645,0.18318,0.14412,-0.082074,-1.4004,-0.90176,0.55708,0.15945,-0.65589,0.044933,-0.023133,-1.359,-1.192,-0.23754,-0.57891,-0.1728,-0.29944,-0.48761,0.40433,-0.051713,0.38799,0.095044,0.13837,0.66763,0.64216,0.66889,-0.29328,0.84594,0.52193,-0.071958,0.25979,0.75164,0.69427,-0.41583,-1.3735,-0.38454,-0.56598,-0.20744,-0.02758,-0.64373,-0.44183,-0.45653,-0.011725,-0.10764,0.12866,-0.91988,-0.45887,-0.42884,0.1129,0.27843,-1.5375,0.027819,-0.084899,-0.93787,-1.7436,-0.74515,-0.3823,-0.90146,-0.98673,-0.51845,-0.56401,-0.18363,-0.89658,-0.88091,0.3102,-0.27183,-0.43739,-0.017388,0.54127,-0.44213,0.51019,-0.0063782,0.022149,0.50571,0.4064,0.3946,0.040281,-0.3486,-0.38391,-0.9033,-0.21569,-0.077683,0.11556,0.034014,-0.33827,-0.65915,-0.29971,-1.2924,0.29241,-0.47159,-0.12153,-0.053472,0.10099,0.57425,0.36491,0.023419,0.55822,0.32315,-0.0531,-1.4051,-0.073358,-0.10074,-0.80211,0.33251,-0.84189,-0.13553,-1.0527,0.16076,-0.30826,-0.078648,-0.08043,-0.65788,0.018994,-1.028,-0.75688,-1.0057,-0.57231,-0.062808,0.27446,-0.154,-0.44742,0.92879,-0.1604,0.20092,0.14791,-0.33833,0.5069,0.80031,0.6708,0.31003,0.52557,0.058095,-0.18752,-0.1985,-0.01297,0.53599,0.024218,-0.27323,0.61404,1.3235,0.0079733,0.62189,1.2096,0.50985,0.79362,0.77433,0.94446,0.80779,0.80047,1.5482,0.79013,1.2483,0.99652,0.8224,0.71278,-0.32785,0.19671,0.2347,-0.017387,-0.20693,-0.78857,0.015441,-0.012904,-0.074598,-0.58256,-0.37671,0.3777,-0.78065,0.22407,-0.41926,-0.22732,-0.57981,-0.11505,-0.76227,-0.81772,-0.5503,-0.08952,0.22974,-0.17441,-0.7244,-1.1456,1.0619,-0.62475,-0.97667,-0.71737,0.12799,0.5603,0.31072,0.12166,0.19497,0.50581,0.73181,0.81282,-0.019595,0.78625,1.0723,0.52318,0.93173,1.3058,-0.057262,1.7648,0.74561,0.02955,0.22118,0.51707,0.62857,-0.62996,0.040414,-0.2405,-0.73775,0.05813,-0.29246,-0.54589,-0.24228,-0.52378,-0.59546,-0.43129,-0.36066,-0.10154,0.55836,-0.63378,0.068985,-0.097607,0.28109,-0.17271,-0.17929,0.34002,0.64594,0.44038,-0.80855,-0.43515,-0.30451,-0.88781,-0.5181,0.056913,-0.20753,0.12944,-0.55176,-0.38867,-0.080515,-0.40515,-0.33938,0.090674,-0.74076,-1.5032,-1.4641,-0.31748,-1.6621,-1.0264,-1.1796,-0.47913,-0.87605,-1.1738,-1.0741,-0.62204,-0.9591,-0.69858,-1.0608,-0.19978,-0.30346,0.093739,0.20307,0.13437,0.062729,0.1235,0.47583,0.47332,0.0083298,0.1704,0.34712,0.70424,0.13436,0.16224,0.24081,-0.0090027,-0.41276,-0.52726,0.051076,-0.58879,0.10183,-1.0012,-0.38839,-0.17633,-0.56129,-0.83197,-1.7459,-0.57201,-0.69544,-0.75914,-1.1817,-0.36899,-1.1473,-0.77843,-1.3834,-0.83222,-1.505,-0.87093,-0.44002,-1.0492,-0.76491,-0.70539,-0.58126,-0.45419,0.006766,-0.61885,-0.34668,-0.55705,-0.77439,-1.0733,-0.60372,-0.76749,-0.64477,-0.2296,0.89445,-0.60069,-0.2783,-0.26524,-0.017071,0.12463,-0.87152,-1.1815,-0.031515,0.073582,0.27704,0.35763,-0.25737,-0.052598,0.4305,0.0843,0.14267,0.15326,0.71538,0.7485
-0.43923,0.29948,0.44998,0.76903,0.96237,-0.05351,0.38326,-0.69185,-0.010417,-0.14654,-0.5155,-0.53249,-1.0899,-0.8962,-0.08186,-0.56063,-0.96752,0.35778,0.22447,0.53643,0.13139,0.7951,0.97549,1.1135,1.2408,1.3224,1.5506,1.2829,0.95632,0.96283,0.79873,1.1114,0.15664,0.11269,1.1778,0.98894,1.0949,1.0566,0.52419,0.95021,0.51631,1.7293,0.92538,1.7701,1.2744,0.60327,0.97397,1.5682,0.63724,0.67162,1.5857,1.8696,1.3653,1.6408,1.4455,0.31483,1.1017,1.9147,0.60088,0.49848,1.2067,0.037844,0.021466,0.38018,0.177,-0.069117,-0.46969,0.72588,1.0352,1.1621,1.4543,1.5284,2.591,1.9269,1.6584,1.4189,1.3989,1.0242,0.85958,1.5015,1.4378,1.2584,1.8562,1.1202,1.8655,1.5809,1.5682,1.4593,1.8652,1.3486,1.7848,1.6442,1.0744,1.4013,0.36852,-0.45891,0.19918,-0.29706,-0.86442,-1.0206,0.88541,0.02324,-0.35762,0.16064,0.13989,1.1948,-0.6127,-0.69244,-0.29764,-0.33395,-0.51377,-0.037036,0.2095,-0.95079,-0.44298,-0.26937,-0.41455,-0.59371,-0.78742,-0.17062,-0.53529,-1.0461,-0.74271,-1.3501,-1.0014,-0.16307,-0.90272,-0.69788,-0.26932,-0.54353,-0.40659,-0.66321,0.66226,-0.05967,-1.0325,0.51925,-0.1528,0.15897,0.24233,0.5633,0.49101,0.7081,-0.1087,-0.081769,-0.58866,-0.3862,-0.76478,-1.1244,-1.1209,-0.40445,-1.337,-1.0457,-0.76885,-0.73936,-0.22281,-0.36044,-0.016908,-0.43195,-1.0635,-1.0933,-0.97856,-0.50298,0.1545,-0.78322,0.2917,0.99179,0.20043,-0.26284,0.86006,1.029,0.89971,1.6427,0.56319,0.31337,0.72187,1.2266,1.0901,1.4906,1.8546,1.3232,0.79901,0.77339,0.83521,1.7989,1.3554,1.918,3.1404,2.6119,2.59,2.7098,2.0195,2.8059,2.3672,1.3167,0.96056,1.4187,0.68425,0.73361,0.51913,-0.35402,0.65977,0.12488,-0.19554,-0.1727,-0.81384,-0.48238,-0.61269,-0.52998,-0.60749,-0.098217,-1.2724,-1.1232,-0.72897,0.6137,-0.29754,0.44327,1.1594,0.88005,1.4444,1.3707,1.4073,0.73639,0.91934,-0.36098,0.4289,0.62374,0.02339,0.59894,0.56991,-0.24301,0.41632,0.24431,0.26382,0.54714,-1.0844,-0.32567,0.04133,0.54063,-0.55972,-0.55082,0.8029,0.23236,0.81367,0.58397,1.6919,1.3568,0.7269,1.4841,0.62365,1.3479,1.2356,1.4172,0.86979,1.226,2.0508,0.18131,-0.17723,0.40097,0.50977,0.50776,0.22735,0.083548,0.14789,0.46148,0.25812,-1.2544,-0.39023,-0.23068,-0.40153,0.78488,1.4852,1.992,2.3201,1.9193,2.0089,1.7747,0.30336,0.50666,0.19775,0.54509,-0.51892,0.059113,-0.028714,0.1989,0.24353,1.485,1.5092,1.8242,1.4225,2.0446,1.2475,0.079582,-0.25065,-1.1418,0.65911,0.17565,-0.23584,0.3515,0.72964,0.79271,0.45217,0.93048,1.1736,1.1873,0.90383,0.7666,1.1164,0.54411,0.15857,0.96477,0.15782,1.3218,0.081925,1.0628,-0.54389,0.1987,-0.75293,-0.14585,-0.83716,-1.7992,-1.0969,-2.0362,-0.48609,-1.4616,-1.3188,-1.4753,-0.67275,-0.77757,-0.46297,-0.40133,0.87401,1.3288,0.65581,0.26498,-0.13318,0.80736,-0.63046,0.028115,0.077399,1.2277,0.22655,-0.33438,0.24064,-0.25076,-0.22992,-0.49905,0.23877,0.74471,0.39498,1.4234,1.0215,0.84023,0.66147,0.34651,-1.0085,-1.8328,-1.7277,-1.5083,-1.044,-0.59481,-0.41789,-1.335,-1.5283,-1.6246,-2.0636,-1.3945,-1.3254,-1.3503,-0.6269,-1.0197,0.16581,-0.51648,0.011057,-0.28896,0.37256,1.5366,0.91229,0.24929,-1.0772,0.49107,-0.54104,-1.0313,-1.0781,-0.75746,-0.70936,-0.70085,-0.73915,-0.75171,0.43369,0.04245,-0.46398,0.37376,0.10247,2.156,0.99587,1.7591,2.2841,2.5116,1.2862,1.4969,0.99443,2.3711,1.8545,1.6176,1.6756,2.4052,1.976,1.9729,1.1871,1.5922,1.1275,0.58838,0.27558,0.67915,0.82355,0.82864,0.43023,0.057505,-0.80873,-1.8326,-1.1438,-0.76359,-0.21829,-1.3681,-1.3248,-1.1518,-0.74269,-2.4077,-2.0443,-1.4326,-0.84072,-0.84068,0.027122,0.030415,0.73752,0.74919,1.354,0.53801,-0.34787,-0.38665,-0.58691,-0.2391,-0.51228,-0.27882,-0.64383,0.20563,-0.53491,-1.2367,-1.3009,-1.1836,-0.98348,-1.2,-1.253,-0.63482,-1.7254,-0.69744,-1.0496,-1.9538,-1.9637,-0.53623,-0.76354,-0.49463,-0.5401,0.50106,0.59705,0.80545,1.0273,0.60508,0.42045,-0.15066,-0.97835,-1.6172,-1.192,-1.8842,-1.9412,-1.805,-0.4198,-0.59022,0.033538,0.18611,0.35722,1.406,2.3723,2.3189,2.3127,2.5861,2.1075,1.7122,0.69099,0.24197,-0.30416,-0.38844,-1.1765,-0.63804,-0.29858,-1.0282,-0.57586,-0.95046,-0.7367,-0.43473,0.57611,0.53311,0.90865,0.85489,0.80441,0.12592,1.3182,0.39938,-0.03109,-0.056346,-0.687,-0.59057,-0.093139,0.16938,0.34656,0.78893,0.72317,0.84936,1.593,1.1529,1.0082,0.92793,0.19742,0.82027,0.081981,-0.51137,-0.92971,-0.99062,-1.0317,-1.1786,-1.8824,-1.1398,-1.7184,-1.098,-1.0547,-1.013,-1.3868,0.094442,-0.89186,-0.50846,0.15166,0.36627,0.53625,-0.65003,-0.90381,-0.69933,-1.0878,-1.3105,-2.1104,-1.4824,-1.3774,-0.54,-0.44415,-1.1777,0.62606,0.91078,1.0909,0.29768,1.0887,0.61939,0.85779,0.94507,0.54112,0.49407,0.38167,0.26583,-0.30675,-1.0096,-1.2328,-1.5801,-1.3862,-0.79085,-0.49519,0.67265,0.46049,0.35524,0.6097,1.721,1.1089,1.5663,1.2242,1.9524,1.4485,0.68217,0.6773,0.21359,-0.55329,-0.44599,-0.38064,-0.33173,0.33244,0.046199,-0.78838,-1.1766,-0.67824,-1.0697,-1.323,-2.2467,-2.2555,-2.457,-1.5968,-1.3392,-1.3143,-1.223,-0.68188,-0.77836,0.014751,-0.41222,-0.29127,0.64076,-0.0040451,0.44047,1.0412,1.6685,1.4495,2.0676,1.6686,-1.1286,-1.569,-1.6084,-0.5012,-0.035127,-0.6969,-1.2807,-0.55033,-0.48709,-0.85048,-1.4755,-2.2005,-1.6666,-0.80811,-1.1613,-1.4835,-1.5499,-1.9051,-1.9914,-2.0559,-2.1677,-2.8416,-2.2281,-2.0388,-2.0097,-1.5408,-1.2868,-0.87219,0.40113,-0.09592,-0.19862,-0.25234,0.27424,-0.62624,-0.97589,-1.4106,-1.3325,-1.862,-1.9863,-1.8411,-2.4753,-1.8952,-2.5235,-1.6932,-1.6592,-1.0971,-0.71352,-0.031591,-0.64503,-1.3361,-0.85588,-1.2359,-1.7539,-1.7458,-1.399,-0.17803,-1.1428,-0.81597,-0.96105,-1.2783,-1.677,-2.1588,-2.5829,-2.7553,-1.9049,-1.8843,-1.9066,-2.0205,-2.2347,-0.46797,-1.3511,-0.99821,-1.6591,-0.69222,-0.88321,-0.64642,-0.43046,0.28928,-0.57909,-0.92282,-0.4846,-1.3671,-1.4376,-2.2416,-2.5352,-2.4903,-1.7149,-1.9702,-1.7219,-2.1444,-1.5045,-1.3895,-1.8367,-1.8764,-1.6648,-1.9195,-1.3416,-2.4177,-2.5221,-1.7283,-2.4687,-2.8478,-2.6644,-1.7576,-1.1837,-1.8562,-2.5452,-1.7594,-1.9142,-1.8755,-1.8565,-2.1652,-2.1501,-2.2716,-1.6186,-2.3973,-2.5062,-2.6023,-2.031,-1.451,-1.0583,-0.81573,-0.90005,-0.15082,0.026783,-0.0051529,0.73974,0.60153,0.97169,0.85954,0.84801,1.5902,1.6778,1.2199,0.64833,0.76942,0.58921,-0.55689,-0.81111,-0.9696,-0.75241,-0.33554,-0.86393,-0.72128,-0.47826,-1.1044,-0.40703,-0.96948,-1.7462,-2.4537,-1.6864,-2.192,-2.7029,-2.598,-2.0515,-1.8308,-2.5368,-2.1525,-1.7289,-1.88,-1.6964,-0.52165,0.18851,-0.10445,1.4212,0.43194,0.56672,0.39103,0.56702,-0.12422,-1.0609,-0.99963,-0.91906,-1.3182,-1.5225,-1.9249,-2.2343,-1.9552,-1.644,-1.7191,-1.0893,-1.0439,-0.27671,-0.12837,0.51404,1.2461,0.26255,0.895,-0.22334,-0.083253,0.22726,-0.44883,-0.54397,-0.20622,0.074372,-0.24759,-0.52831,-0.23588,-1.3591,-1.1932,-1.5502,-1.8514,-1.8788,-2.9057,-2.6189,-1.789,-1.9178,-2.3285,-1.2666,-0.72732,0.012938,0.6536,0.38178,0.53653,0.44788,0.79311,0.84444,0.1569,-0.076698,0.27439,0.27575,0.18625,0.64689,-0.39522,-0.34924,-0.62665,-0.23173,-0.47717,-0.71832,-1.1339,-1.3769,-0.31211,-0.2224,-0.26862,-0.95987,-0.99763,-0.71694,-1.0449,-1.3304,-1.4396,-2.3466,-0.96132,0.64093,-0.52951,0.72818,1.1591,0.47577,0.31722,-0.38465,-0.12599,0.65792,0.87285,1.7045,1.312,1.9927,1.8433,2.4422,1.8496,1.61,0.20939,-0.77964,-0.96605,-1.5765,-2.152,-1.4329,-1.0764,-1.0043,-1.3183,-1.3797,-1.4022,-1.4668,-0.81958,-0.95599,-1.2208,-0.58239,-0.69068,0.19281,0.61193,0.33682,1.0888,2.4927,1.884,1.744,1.5727,1.6514,0.3439,0.015688,-1.0235,-1.1915,-1.2822,-1.2024,-1.8988,-1.1918,-0.96991,-0.50405,0.63381,-0.35731,0.16078,0.42538,0.57773,0.31748,1.5172,1.6888,2.2127,1.5292,0.76716,0.91224,0.75563,0.59911,-0.13528,0.78374,-0.3673,-0.092618,-0.07495,0.20623,-0.24017,0.051364,-0.37132,-0.78084,-1.4151,-0.72485,-1.0515,-0.36093,-0.21594,-0.41304,-0.41272,1.4596,1.1683,2.7966,1.8644,2.9288,1.9575,0.76338,0.36963,-0.94455,-0.70853,-0.75723,-1.0342,-0.69877,-0.7297,-0.19956,-0.50285,-0.073327,-0.26461,-0.81204,-0.060145,0.46379,0.89249,-0.23716,-0.084887,-0.083719,0.17137,0.05972,-0.67899,0.28171,0.69259,0.12417,-0.0053873,-0.095635,-0.39044,-0.21245,-0.37678,1.2448,0.60925,0.33058,0.94535,0.56089,1.2433,0.38215,0.74628,0.52317,-0.11353,0.33901,0.53965,0.59276,0.54686,1.2409,1.379,1.5441,1.3816,0.90319,0.30216,1.0989,-0.30146,-0.6186,-1.7614,-1.4401,-1.3725,-1.4867,-1.0619,-1.3131,-1.429,-1.5199,-1.1524,-1.3543,-1.194,-0.95745,0.37757,-0.27013,0.29462,0.32754,0.020477,0.97933,1.1991,1.2281,1.8906,1.6814,1.6599,0.85794,0.3018,0.81632,0.2552,-0.059495,-0.43693,-0.24279,0.37098,0.074782,-0.43044,-1.0565,-0.20402,-0.21725,-1.0852,-0.084805,0.17068,-0.55647,-0.45427,-0.085513,0.016246,0.83825,0.56837,0.14383,-0.11452,-1.1739,-0.58718,-1.6786,-0.97565,-0.4041,-0.6692,0.16718,-0.67582,-0.92239,-1.6121,-0.53015,-0.74316,-1.4823,-0.6681,-0.27061,0.38425,0.60948,0.11238,0.95897,2.2582,1.3823,1.7646,2.106,1.2746,1.1868,1.6804,1.601,1.8395,2.0493,1.8058,1.2996,0.75914,0.3929,0.13717,-0.37388,-0.33293,-0.14623,0.678,0.55812,0.028293,1.2545,1.7179,1.4645,0.92463,1.4817,1.9931,2.4796,2.2365,2.8174,2.7094,1.6256,1.9449,0.69632,1.0448,1.8628,1.8709,1.528,0.41251,1.0709,1.6495,2.0662,2.3672,2.0359,1.8056,2.1969,2.0967,1.8956,1.9803,1.7949,1.2034,0.90878,0.73599,0.70578,0.65665,0.427,0.70078,0.4441,-0.26366,-0.0079063,0.49292,0.45391,0.20436,0.11225,0.37303,0.65911,0.7391,0.31223,0.85848,0.61011,1.1509,1.2384,-0.13789,1.2522,1.3719,1.9351,2.1332,1.0502,2.075,2.8071,3.0449,2.2748,1.58,1.7914,1.7293,2.2171,2.0329,0.69852,0.3514,-0.11263,-0.026397,-0.36019,-0.55692,-0.45188,-0.66003,-0.57722,-0.19073,-0.393,-1.2529,-0.97478,-0.95651,-0.58705,-0.56158,-0.12596,0.76542,0.29159,0.45697,0.4326,0.41101,0.59252,1.3041,1.6448,1.547,1.0607,0.98191,1.2464,1.4613,1.7733,2.3718,1.4128,1.1988,2.0461,2.5298,2.3313,2.05,2.5645,2.6164
-2.1629,-1.8689,-1.9227,-1.4658,-2.1856,-2.5907,-3.0372,-2.473,-3.0562,-1.9651,-2.4246,-1.781,-2.2363,-2.2025,-2.1697,-1.9517,-2.2371,-1.0175,-2.1987,-2.2036,-2.1327,-1.6722,-1.6745,-1.6861,-1.6619,-2.3812,-2.3932,-1.9769,-2.0062,-2.8819,-1.231,-1.5594,-1.5055,-1.2375,-1.1359,-1.6196,-1.1526,-0.95737,-0.59129,-0.7256,-0.91613,-0.88812,-1.1157,-1.118,-1.4224,-1.4175,-0.45499,-0.38834,-0.19107,-0.91676,-0.56626,-1.1668,-0.57987,-1.0732,-1.5229,-0.45718,-0.21745,0.13816,-1.127,-0.8312,-0.26965,-1.1885,-1.1036,-2.0422,-1.4452,-1.2332,-2.3797,-2.2757,-1.106,-1.5417,-0.90828,-0.93883,-1.0956,-0.18754,-0.65424,-1.0021,-0.82335,-0.9014,-0.86546,-1.5854,-1.5172,-1.5133,-1.153,-2.2123,-1.6309,-1.1292,-0.89965,-2.1659,-1.8737,-0.99922,-1.3504,-1.6598,-1.3545,-2.0184,-1.5083,-1.3772,-1.1654,-1.029,-1.5899,-1.3996,-1.9972,-1.8115,-1.6554,-1.803,-1.3432,-0.89053,0.08689,-0.08941,-0.37097,-0.83019,-0.47752,-0.7698,-1.1089,-0.60572,-0.5728,-0.72965,-0.37276,-0.11738,-0.84473,-0.84426,-0.6557,-0.2735,-0.66863,0.36397,0.47965,0.94863,0.15862,-0.31217,-0.17158,-0.55242,-1.1563,-2.1361,-1.6571,-2.4206,-1.559,-2.6708,-2.6282,-1.0268,-0.76787,-1.6686,-1.2302,-0.97748,-0.27025,-0.27141,-0.32944,-0.085465,1.3864,1.273,0.42772,0.58076,0.3826,-0.45615,0.40053,-0.085336,0.11993,0.061477,-0.28952,-1.0319,0.38219,0.5278,0.56543,-0.012115,0.36422,1.968,0.081364,0.20597,-0.039236,-0.0095476,-0.41545,-0.18484,0.14769,0.25969,0.73933,0.19758,-0.3265,-1.3082,-0.12705,-0.55045,-1.1533,-0.99458,-1.27,-1.7552,-1.2636,-0.84151,-0.54804,-0.89419,-1.1921,-0.68911,-0.4944,-1.0504,-0.62625,-1.7585,-1.3646,-1.6048,-1.9349,-2.4724,-1.5089,-2.1866,-1.4067,-2.1447,-1.2613,-0.76459,-0.41429,-1.2436,-0.89525,-0.79529,0.19983,-0.033439,0.27041,0.19963,0.67295,0.096756,0.26697,-0.73792,-0.68023,-0.53085,-1.6331,-1.2963,-2.1951,-2.1096,-1.6543,-1.2781,-1.6256,-1.2729,-1.8752,-0.55538,-0.24157,-0.72004,-0.22299,0.51043,0.40984,-1.1367,0.54955,-1.1137,-0.74602,-1.1402,-0.48853,0.35238,-0.22441,-1.7753,-0.95404,-0.5719,-0.094948,-0.88841,-0.45497,0.023795,-0.61457,-1.5898,-0.56152,-0.40206,-0.067505,-0.58926,-0.28277,0.85576,-0.32018,-1.0011,-0.87578,-1.8237,-0.5479,-0.64599,-0.5065,-0.25368,0.1439,0.61101,1.2912,1.3107,0.71883,1.6925,1.3651,2.1318,1.8131,1.2677,0.64691,-0.070148,0.24234,-0.40806,0.62246,-0.1116,0.022927,1.4579,0.27862,0.5356,0.93904,1.162,1.5082,0.32984,-0.53976,-0.74278,-0.88268,-1.0264,-0.42938,-0.55487,-0.47101,-0.22645,-0.53824,-0.54986,0.65037,-0.067637,0.45585,-0.38201,0.41946,-1.0599,-1.3838,-0.54238,0.94156,0.32693,0.3222,0.24362,0.68743,0.56276,0.28424,0.69407,0.78206,-0.95787,-0.064864,0.8303,0.79694,-1.2565,0.58938,-0.20076,0.70885,0.36374,-0.29149,0.32255,0.90322,-0.45482,0.012396,-0.051234,-0.03336,0.070106,0.13209,-0.49272,-0.4953,-0.88342,-0.60799,-1.2082,-0.099328,-1.028,-0.8086,1.0298,0.37557,1.4263,0.66583,0.89554,0.75266,0.58644,0.12211,0.7054,-0.26048,-0.1678,-0.58133,-0.43505,-0.1764,-0.30978,0.18914,0.65733,1.5158,0.62286,1.58,1.0907,1.4103,2.2584,0.55244,2.1388,1.8648,1.394,1.2588,1.7397,2.2175,1.8779,1.7031,1.5844,1.1277,0.44697,-0.15448,0.32027,0.84215,1.3063,1.1986,0.80529,1.467,1.6859,1.322,1.6147,2.3048,2.1466,0.40167,1.6305,0.47892,1.0789,1.703,0.58669,-0.17745,0.52737,-0.36715,-0.15901,-0.73009,-0.74379,-0.024346,0.046537,-0.016905,-0.087091,-0.73851,0.2314,0.54252,0.064182,0.95061,0.70262,1.1414,1.2165,0.37351,0.76164,2.1058,1.6727,0.14912,-0.40086,0.55055,0.59786,-0.64235,-0.018413,1.2525,0.42859,0.99053,0.23169,1.3409,1.7756,1.5666,1.7039,1.7352,2.1701,1.7779,1.7521,2.0284,1.9587,2.0554,1.6431,1.442,0.44285,-0.53044,0.78146,0.23332,0.92388,0.58134,2.2232,2.008,0.703,1.3743,1.4684,1.1488,1.1262,1.345,1.142,0.67257,1.9876,1.7321,1.5277,1.6854,1.2682,0.80175,1.152,1.9347,1.1464,0.15396,-0.86397,0.34982,0.0010568,-0.229,0.20721,-0.93841,-0.15747,0.59456,0.85061,0.37056,1.6196,0.90771,0.15757,0.16541,0.37182,0.72787,0.65286,0.13103,1.0806,0.0621,-0.35909,-0.58135,0.15125,0.27745,-0.75035,0.69347,0.50534,0.78678,0.30501,1.4684,1.2884,1.9472,1.739,1.654,1.9158,1.8803,0.93972,-0.29994,0.33181,-0.087006,0.30715,0.6632,0.082268,-0.358,0.49233,0.64671,0.50009,1.2342,1.2597,1.8937,1.6599,1.2885,0.87128,1.7014,1.9155,1.2127,-0.72567,-1.9836,-1.5776,-1.5282,-1.4824,-0.4954,0.77249,-0.042854,-0.067398,0.89502,1.2855,-0.49943,-0.90681,-0.9347,-0.31978,-1.2277,-0.6038,-1.3396,-1.0363,0.1308,-0.15307,-0.46819,-0.87783,-0.93619,-0.58276,0.24457,-0.83331,0.35763,0.73663,1.3543,1.3228,1.8535,1.4733,2.0685,1.2963,1.4795,0.87875,1.6268,2.0006,1.3474,1.3028,0.66335,0.75154,1.0629,1.2273,0.63524,1.0843,1.3263,0.90739,0.55355,1.8871,1.6635,1.0819,1.0901,1.5965,1.4072,0.53428,0.47682,0.26077,0.46311,1.4215,0.12702,0.5289,0.11091,0.26574,-0.053321,0.21963,0.37815,0.92829,0.4251,0.51535,0.96479,0.40912,0.65575,0.32299,0.24006,0.36539,1.0712,1.5274,1.3751,1.3127,1.7306,1.8885,1.7399,1.2501,1.5973,0.60631,0.97497,0.42248,0.85811,0.52316,0.67458,0.47568,1.1919,0.42134,0.39652,0.40482,-0.26453,0.87703,1.1209,1.1224,0.79782,-0.71912,0.22997,-0.66726,-0.02057,0.012715,0.69235,0.25134,1.0936,0.59913,0.24381,1.5309,1.7229,1.6006,1.6384,1.7584,2.6379,2.582,2.4038,2.8309,3.0803,2.6886,2.1437,1.8546,1.0316,0.43518,0.12485,-0.10907,0.067073,0.3722,1.532,0.93075,1.7278,1.8058,2.3706,2.3395,2.2418,2.3081,2.2219,2.1827,2.1452,1.7472,1.4956,1.0518,1.1271,1.0358,0.85152,1.0797,0.46595,1.4002,1.1296,0.7399,0.62556,0.69889,0.92679,1.5826,1.1953,0.96413,1.7379,2.1678,2.1641,2.0804,2.4838,2.0436,2.5128,2.0488,2.1852,1.5014,0.72152,0.57439,0.277,0.15931,0.57437,-0.61577,-0.44418,-0.733,-0.78464,-1.181,-0.87756,-1.5006,-1.0366,-0.84269,-0.78654,-0.044066,0.52949,0.93331,0.22411,0.50162,1.4645,1.2406,0.58587,-0.44744,0.11641,-0.3623,-0.7372,-1.3925,-0.42751,0.056521,0.33941,0.033416,-0.91549,0.13218,-0.38015,0.6378,-0.12716,-0.16339,0.53338,1.4346,0.9687,1.942,1.3206,1.8085,1.3638,1.43,1.1697,2.123,1.1947,1.4206,-0.67082,-0.88101,-0.53661,-0.085029,-0.35075,-0.49811,-0.53185,-0.77213,-0.35521,-0.074995,-0.83627,-1.0564,-0.96847,-0.39375,-0.27715,-0.42826,0.58002,1.0415,1.3214,1.1119,0.96393,0.80094,1.0002,1.0648,0.67281,1.4478,1.5003,1.8455,1.4824,1.7782,1.9698,2.0019,1.1325,1.7578,2.0087,1.9588,2.1782,2.1099,1.5775,1.6719,0.47468,-0.51764,-0.4779,0.35905,0.27049,-0.1932,-0.43141,0.67003,1.208,0.75905,1.6289,1.7754,1.714,2.1723,2.5774,2.2001,2.0462,2.3858,1.5206,2.064,1.9117,2.4334,0.096213,0.33961,-1.4014,-0.94117,-1.0803,-1.3768,-1.0955,-1.1625,0.3534,-0.17984,0.12277,-0.66932,0.49461,0.55521,0.30704,-0.18585,0.1877,0.22954,0.72607,1.3181,0.99592,1.2637,0.87944,1.0212,0.42862,-0.41524,-0.54132,-0.42581,-0.34087,-1.6086,-1.5624,-1.3108,-1.2448,-1.5805,-1.4193,-1.49,-1.9289,-1.982,-1.7082,-1.5675,-1.1011,-1.0266,-1.4415,-1.2885,-0.91601,-0.48465,0.011653,0.15264,-0.051149,0.38231,1.0267,1.8684,1.3766,1.9051,1.6941,1.584,1.4842,0.60385,1.8479,0.99982,1.3448,0.93597,0.81549,1.3382,0.83599,1.5276,1.8721,1.8346,1.1315,1.624,0.8774,0.84339,0.603,0.77207,0.28501,1.1553,0.53609,1.3558,0.71912,1.3498,1.2696,2.408,1.3355,1.7824,2.0035,1.9485,1.6672,1.3541,1.1467,1.7448,2.0892,1.8012,2.1899,1.7148,2.5018,1.1254,0.6088,1.8907,1.2285,0.31437,0.039501,-0.40207,0.022521,0.4993,1.2766,1.4905,1.841,1.3334,2.3158,1.0605,2.4065,1.9871,1.3528,1.0816,-0.037327,-0.58391,-0.17181,-0.51367,-0.43103,-1.2877,-0.55666,-0.16763,-0.065382,-0.0031777,-0.76607,-0.13436,0.40767,-0.2293,1.0033,1.5407,0.99277,0.97187,0.79484,0.80738,1.6728,1.2376,1.5999,1.7557,2.2742,1.7964,2.5396,1.5711,1.4174,2.4738,0.85319,1.453,-0.28181,0.39012,-0.39161,0.16117,0.074475,1.1598,1.15,1.5947,1.1445,1.5237,1.5965,1.1672,1.197,1.3612,1.2811,1.1855,0.91724,1.1689,-0.15779,-0.87133,-0.52424,0.7938,-0.040899,1.1804,0.47894,0.32628,-0.70768,-0.34658,1.2588,0.42223,0.90076,-0.59079,-0.42022,-0.45071,0.097618,0.3935,-0.2299,1.3258,0.8871,0.14936,0.24535,0.18675,0.62672,-0.035758,-0.15898,-0.65746,-0.94052,-0.83323,-0.51333,-0.59102,-0.70332,-0.58938,-0.81186,-0.36775,0.026349,0.78787,0.3376,0.058572,0.59848,1.6662,2.0838,1.3547,1.8963,2.2201,1.9427,1.9971,1.6727,-0.055724,0.36022,-0.77472,-0.92371,-1.3803,-2.078,-0.49964,-0.76883,-1.7774,-1.9384,-1.8919,-2.1371,-2.398,-2.1291,-1.6312,-1.2994,0.043028,-0.61046,0.70796,0.32515,0.97883,1.618,1.6534,1.021,-0.042199,0.77928,0.67699,0.332,0.78149,0.39358,0.28379,-0.58307,-0.88096,-0.71643,0.011627,-0.20228,-0.026589,-0.30826,0.0062748,0.43647,1.0094,-0.0012328,1.299,0.77913,1.1158,0.71055,0.095577,1.0086,1.2813,0.65837,0.10022,1.0169,1.0158,-0.060511,-1.2103,-1.8666,-1.8533,-0.93011,-1.282,-1.0828,-0.79736,-1.2386,-1.3973,-1.166,-1.6496,-1.4572,-1.7537,-1.2343,-1.2904,-1.4954,-0.31669,-0.48202,-0.12346,-0.029865,0.11531,-0.33595,-0.6168,-1.3818,-1.6933,-2.1702,-2.1003,-1.7455,-2.4189,-2.7004,-3.0203,-2.6553,-3.2985,-2.7751,-2.3499,-3.2739,-2.3416,-2.5607,-2.0816,-1.9834,-2.4431,-1.9926,-2.5202,-1.9824,-2.605,-2.5321,-2.0112,-2.9133,-2.6555,-2.3412,-2.3775,-2.3019,-2.0912,-1.5896,-0.29117,0.10219,0.76814,1.1356,1.3093,1.0888,1.4507,1.3043,0.31532,-0.53361,-0.45528,-0.54423,-1.0286,-1.149,-1.522,-1.8892,-1.7299,-2.1904,-2.266,-1.733,-1.9283,-1.8831,-2.2736,-1.451,-2.4069,-2.6468,-2.083,-2.3055,-2.014,-2.6211,-2.4264,-1.8699,-2.889,-2.3533,-1.7829,-2.2025,-1.8638,-2.2503,-1.9633,-1.4972,-2.3269,-2.1645,-1.423,-2.1029,-2.0668,-1.455,-1.9003,-1.5151,-1.7305,-2.4006,-2.5533,-2.3659,-2.4833,-2.3083,-2.3774,-1.4226,-1.7455,-1.1818,-0.7597,-0.84809,-0.77825,-1.0892,-0.98988,-1.357,-1.3289,-1.6319,-2.0064,-2.0046,-1.4344,-1.4744,-1.9241,-1.4434,-1.1214,-0.95683
0.66118,0.64772,0.2224,0.8283,0.44449,0.35591,0.35998,0.22851,-0.092123,-0.29742,-0.15478,-0.18134,-0.23883,-0.22457,-1.5073,-0.38181,0.33022,-0.72907,0.32637,0.5415,0.84874,0.63953,0.76686,1.2112,1.3882,0.28997,-0.28261,0.137,0.23289,0.38598,0.39895,-1.3293,0.054627,-0.047487,-0.39302,0.64844,0.55871,0.075244,-0.080445,1.2335,1.56,0.38282,0.12583,1.5672,1.0988,-0.20642,0.59212,0.91229,1.565,0.53005,0.55238,0.7151,0.46634,0.53481,-0.55919,-0.80252,0.96614,1.1171,0.27934,1.0577,0.014937,1.204,-0.032301,-0.63179,0.036071,0.0072543,-0.6209,-0.48082,-0.47156,-0.63043,0.65767,-0.62533,-0.21931,0.26801,0.88769,-0.35882,-1.0425,-0.97267,-0.18503,-0.7603,-0.63815,-0.52039,0.24866,-0.75749,-0.19114,0.27759,-0.21746,-1.1345,-0.87949,-0.30756,-0.076782,-0.7833,-1.3488,-0.30563,0.46545,0.55476,0.1239,0.28001,-0.092128,-0.098785,0.051838,-0.81287,-0.099705,-0.53493,0.6057,0.2307,1.0641,0.71319,1.3291,0.32914,0.84832,1.3401,1.0385,1.1862,-0.1167,0.80158,0.10999,0.59343,-0.40819,0.1754,-0.39853,0.31218,-0.65366,-0.19665,0.40013,-0.18693,0.70424,-0.52919,-1.0082,-0.6095,-0.22791,-2.1696,-1.5712,-1.6484,-2.4947,-2.4376,-2.4385,-1.9866,-1.9609,-1.9045,-1.6501,-1.7135,-1.4439,-2.2916,-1.6612,-2.5048,-1.26,-0.90534,-2.0641,-1.7968,-1.6469,-0.52719,-1.2534,-2.1553,-2.0833,-1.3862,-1.4857,-1.4404,-1.3214,-1.5043,-1.312,-1.7464,-1.6955,-1.2285,-1.872,-1.8376,-1.3591,-1.1184,-2.0764,-0.87527,-0.93382,-0.98291,-1.5313,-0.54795,-0.73141,-1.323,-0.98276,-0.65981,-0.97596,-1.2196,-1.7779,-1.2607,-1.0857,-1.4903,-1.4771,-1.0316,-0.54558,-1.309,-0.56377,-1.0573,-0.45816,-1.5346,-1.0543,-0.96145,-1.1491,-1.5782,-1.5858,-1.8456,-1.5686,-1.2999,-1.8273,-1.3468,-1.2812,-1.278,-0.54848,-1.6883,-0.64285,-0.095337,-1.2064,-1.5662,-0.74061,-0.57968,-0.48856,-0.35372,-0.11546,-0.031697,-0.67344,-0.47175,-0.74521,-0.7744,-1.2747,-1.1875,-0.70242,-1.745,-1.0971,-0.4231,-0.70833,-1.5386,-0.728,-0.50666,0.24216,-0.78369,-1.0846,-1.3773,-0.32924,-1.3682,-1.5711,-1.5865,-1.3696,-2.4994,-0.32614,-1.5132,-1.1623,-1.663,-1.5526,-1.2391,-2.122,-2.0159,-1.4183,-1.8853,-0.74981,-0.94392,-0.90977,-0.68135,-0.86969,-1.4415,-1.489,-0.64499,-1.5242,-1.4072,-0.65469,-1.1022,-0.021387,-1.2939,-0.3246,-0.14395,0.36455,-0.13493,0.025723,0.82472,1.2359,0.91728,0.92763,-0.032576,0.087774,0.10908,0.061907,0.058289,-0.29,1.0294,0.69785,0.77416,1.061,0.98794,1.7849,0.97631,0.66202,0.34455,-0.31285,-0.24761,-0.40533,-0.56556,-0.99656,-0.36957,-1.0029,0.21566,2.236,0.90643,0.43913,0.74545,0.82347,-0.33706,-0.75465,0.070218,0.79849,-0.15186,0.45709,-0.089265,0.65498,0.82673,0.70482,-0.61118,-0.066701,0.27832,0.87623,-0.6632,-0.077111,0.26278,0.69435,-0.36711,0.35383,0.46186,0.54174,0.44632,1.4075,0.83556,0.8854,0.17774,0.99835,0.0442,-0.14467,-0.14585,0.078983,-1.0406,-1.5051,-0.16812,-0.13959,-1.0869,-1.0553,-0.15153,0.00037136,-0.614,-0.52521,0.027732,0.75951,0.19479,0.36162,0.15106,0.81258,-0.11929,-0.73159,-0.16936,-0.17432,-0.97814,-1.1414,-0.42258,0.78648,0.017171,0.086155,1.178,1.7865,1.4165,0.65947,0.62768,1.397,1.081,0.67678,1.3601,1.4715,2.1952,1.6477,1.6375,1.1596,1.9986,1.5993,0.12353,0.87495,-0.47389,0.7902,0.35865,0.77021,0.4954,1.0856,0.74757,1.1262,1.8213,1.516,2.2357,1.5648,1.3456,1.5243,1.3795,1.6277,0.48229,-0.079372,0.60058,0.25867,-0.67534,0.014886,-0.56079,0.35537,-0.94088,-0.61206,0.36628,-0.051621,0.051737,-0.14028,0.57352,0.63224,0.2098,-0.18951,0.33026,0.45161,0.5055,0.28716,0.71814,1.1881,0.82993,-0.4181,0.18042,0.44707,-0.020647,-0.52504,-0.26087,0.064965,0.33211,0.73779,0.60617,1.4781,1.8967,2.1864,1.8793,1.3927,1.713,1.1401,1.272,0.84142,-0.045127,0.22768,0.75821,-0.30519,0.17567,1.0595,0.91962,1.9089,0.063781,0.43476,0.75043,0.93878,1.159,0.95506,1.5953,1.9548,2.0245,2.2448,1.6938,2.3566,2.6351,1.395,1.8298,2.6359,2.2983,1.9173,1.7795,0.63187,1.0456,0.60745,0.19557,-0.15251,-0.32846,0.24341,0.44105,0.48619,0.20768,1.4607,1.6565,1.315,1.9523,1.5405,2.055,2.2876,1.5748,1.6347,1.1345,1.0637,1.9934,1.1278,1.471,1.705,1.9296,1.1346,1.494,1.9756,1.6934,2.3326,2.1216,2.4335,1.6678,1.4919,2.1785,1.9884,1.0549,1.6074,1.0644,1.2407,0.70145,0.96338,1.317,0.68905,0.93349,1.669,1.6048,1.7435,2.072,1.7057,1.4152,2.1581,1.9588,1.7183,0.93751,0.49086,1.1107,0.36029,1.0325,1.1937,1.4227,2.0445,0.42849,1.4637,1.9991,1.6125,0.86629,0.63238,0.77151,1.0206,0.78246,0.59482,1.4451,1.3818,1.367,0.72352,1.1864,1.1664,0.82394,1.0412,0.18831,1.0036,1.3075,1.4562,0.76996,1.7694,1.9953,2.0669,1.2564,2.508,0.9261,1.2124,1.2958,2.0978,2.0086,1.6344,1.889,2.2619,1.7578,2.3264,1.2309,1.8401,0.65127,1.1593,1.2416,1.08,1.2889,2.2233,0.72694,1.4965,0.33204,0.38992,0.89679,0.80426,0.42818,0.15224,-0.079324,-1.1534,-0.28604,0.57853,0.3864,0.22945,0.77928,0.45648,0.47965,0.25556,0.87516,0.70294,0.44378,0.69055,1.0333,1.052,0.44868,0.83508,1.0045,0.99643,1.2638,0.70537,0.95824,1.6602,1.0116,1.1864,1.1816,0.55715,1.2464,0.8472,0.79724,1.6038,0.70079,0.34949,0.36916,0.41908,-1.8121,-2.1459,-1.0536,-1.8808,-1.2991,-1.2938,-1.458,-1.9366,-2.4595,-2.2004,-1.9485,-1.3805,-1.4306,-1.2295,-0.6702,-0.5887,-0.42326,-0.49254,-0.092759,-0.49857,0.25271,-0.05429,-0.079036,-0.014266,0.20027,0.03527,-0.3494,-0.44823,-1.453,-1.2484,-0.97012,-1.7904,-2.0597,-1.8557,-1.2491,-1.3054,-0.75369,-0.55668,0.22241,-0.38663,-0.37161,0.065694,0.73045,0.014916,0.22554,-0.72918,-1.0237,-0.8243,-0.36033,-1.2932,-0.73999,-0.37932,-0.9968,-0.99518,-1.5899,-1.55,-0.84922,-1.3334,-2.0048,-0.52734,-1.3539,-0.40726,-0.1173,0.36626,0.60334,0.23021,1.2497,0.72477,2.378,1.7707,1.0239,0.1076,0.49093,-0.42481,-0.95274,-0.7205,-0.90909,-1.4343,-1.9712,-1.3627,-2.2172,-2.129,-1.8896,-2.1196,-1.813,-2.2464,-1.8323,-1.1953,-1.2095,-1.24,-1.7678,-0.59327,-0.4919,0.35119,-0.5479,-0.99449,-0.27072,-0.22218,-0.43519,-1.2629,-0.63682,-1.1214,-0.42487,-1.3066,-1.3183,-1.5455,-0.88592,-1.1999,-1.8512,-1.1538,-1.026,-0.43778,-0.66938,-0.87968,-0.27388,0.13487,0.11547,0.41136,0.33666,-0.73525,-0.47354,-1.5592,-0.88572,-0.53617,-0.52331,-0.94631,-1.0477,-1.2975,-0.54823,-0.42547,-1.0791,-1.5377,-1.8698,-0.74536,-0.71249,-1.3408,-1.3552,-0.87154,-0.51969,-1.7139,-0.065212,-0.15572,-0.5998,-0.1969,-0.51038,-0.39916,-0.031235,-0.14065,0.50995,0.46794,0.78434,0.36462,0.36535,0.15008,0.63079,0.48999,0.46877,0.36374,-0.37937,1.0947,0.90448,-0.35785,-0.89407,-1.3008,-0.55886,-0.85712,-1.2339,-1.4519,-1.0453,-0.41657,-0.88923,-0.34262,-0.23677,0.28651,0.21907,0.65634,0.91204,0.97156,0.98189,0.20912,0.65575,-0.48523,0.98399,0.28509,-0.64751,-1.0789,-0.3657,-0.18975,0.34259,-1.285,-0.29981,-0.045978,0.2091,0.66924,0.79399,0.10377,-0.011133,0.53734,0.1504,0.039453,-0.33867,-0.23982,-0.28649,-0.65202,0.33756,0.4787,-0.24442,-0.40011,0.22202,0.097283,-0.12481,-0.5228,-0.22031,0.17044,-0.11692,0.008822,-0.40978,-0.42714,-0.39831,-0.64407,-0.39918,-0.83552,-0.85836,-0.84473,-0.015981,-0.40704,-0.30842,-0.64951,-0.45282,-0.022279,-0.50636,-0.27048,-0.27424,0.88532,0.1148,0.56189,-0.18728,0.17096,-0.05446,0.042138,0.60088,1.4836,0.64706,1.0541,-0.61466,0.50318,0.82153,0.35811,0.95792,1.8599,2.0874,0.61647,1.1271,0.59091,1.5731,0.76894,0.38916,-0.30777,0.28051,0.49279,0.97515,0.0766,0.26142,0.4292,0.55601,0.6588,1.6723,0.86137,1.8637,1.0659,1.5682,1.421,1.7143,0.84968,1.1503,1.6712,1.8529,1.5802,1.0595,-0.23663,0.38112,0.74262,-0.6836,-0.39485,-1.1953,-0.90854,-0.44021,-0.4248,-0.16182,0.25734,0.46482,0.45356,0.02418,1.0367,0.76779,-0.056012,0.17183,0.1954,-0.55929,0.48961,-0.54912,-0.44939,-0.82448,-0.55189,-0.4375,-0.5638,-1.1483,-0.34619,0.28729,0.56371,-0.41913,0.4235,0.44491,0.82071,0.29236,-0.28221,-0.075624,0.32996,0.65138,1.2121,1.5884,1.7023,0.84599,1.426,1.3786,0.6356,0.21719,0.63053,0.26242,-0.15693,-0.28195,0.058233,-0.71447,-0.62758,0.2433,0.269,0.38738,0.84417,0.60315,0.71091,1.0017,0.69465,1.19,1.5638,2.1756,0.85785,0.869,1.188,0.21226,0.14792,0.54169,-0.16083,1.811,0.09575,-0.19197,0.34881,-0.025068,1.0761,0.30709,-0.75243,-0.29022,0.636,0.50195,0.39225,0.33507,0.035978,1.1335,1.8241,-0.40667,0.15115,0.43094,-0.078454,0.014746,-0.5203,-1.068,-0.38391,-0.64557,-0.57374,-0.74623,-0.59409,-0.39681,-0.49413,-0.43492,-1.24,-0.51589,-0.39158,-0.49411,-0.4593,-0.06598,0.30702,0.79181,0.40826,0.87758,0.35773,0.71953,1.2753,0.479,1.0058,0.47277,0.4778,0.06287,-0.33774,0.38639,0.058976,-0.33775,-1.5687,-0.99109,-1.2483,-0.72046,-1.6291,-2.0946,-1.6446,-1.2699,-1.4033,-0.84267,-0.40444,0.29278,0.20498,0.3498,0.26169,0.038707,0.56115,-0.28598,0.35578,0.72753,0.21776,0.091389,0.69078,-0.062164,-0.89154,-0.2745,-0.19327,-1.0222,-1.2716,-0.59819,-0.61245,-0.74719,-0.94794,-0.36368,-0.069515,-0.27871,-0.81813,-0.16695,-0.074283,0.6492,-0.12123,-0.115,0.67396,-0.48003,-0.81763,-0.63236,-0.16943,-0.79773,-0.058256,-0.70423,-0.55684,-1.4257,-1.2844,-0.96794,-1.0128,-1.2626,-0.84367,-0.89788,-0.67898,-0.25105,-0.88734,-1.0945,-0.094393,0.072644,0.44002,0.37199,0.61701,1.0548,0.7474,1.3479,0.56111,0.90998,1.0109,0.7116,-0.36872,-0.27912,-0.26796,-0.4032,-0.055634,-0.77785,0.46705,1.075,0.41909,-0.18172,0.17331,0.02533,0.29784,0.70872,-0.22067,-0.44267,-1.6099,-1.0045,-1.3491,-0.93142,-0.97357,-1.6023,-0.91765,-0.90798,-1.2554,-1.5196,-0.81164,-0.082588,0.63537,-0.72392,0.18187,0.33613,0.045084,0.024776,0.42679,0.926,0.67421,1.0478,0.045847,0.2557,0.11914,0.12592,0.085621,-0.20936,0.27772,-0.90404,-0.54621,-0.14295,0.28627,-0.45788,0.091206,0.8827,0.11193,-0.48486,-0.21761,-0.46074,-0.096169,-0.84317,-0.38256,-0.69373,-0.93134,0.061826,-0.30209,-0.69702,-1.0644,-1.0893,-0.51514,-0.25013,-0.36882,-0.71721,0.061241,-0.54911,-0.069827,-0.619,-0.55687,-0.76881,-0.46138,-0.84833,-1.0834,0.15817,0.013974,0.50146,0.78406,0.79864,0.46197,1.1529,1.0911,1.15,0.61083,0.60784,0.57689,0.56904,-0.056034,0.37622,-0.11187,-0.22484,-0.35969,0.1315,-0.22912
-0.78168,-0.1783,-0.68728,-0.16973,-0.28399,0.024726,-0.2498,0.30978,-0.50345,-0.80298,-0.55403,-0.1941,-0.27475,-0.12354,-0.29577,-0.65626,-0.90361,-0.55822,-0.49562,0.45127,-0.9863,0.17588,0.32478,-0.052374,0.93915,-0.87745,-0.83966,-0.21996,-2.1793,-1.1989,-1.3663,-0.86333,-0.23467,-0.47241,-0.53257,-1.0243,-1.0148,-0.52253,-0.39237,-0.30519,0.19647,0.1364,0.83607,0.48467,-0.012122,0.67636,0.024008,-1.0936,0.37254,0.48856,-0.44959,-0.51051,-1.086,-0.76853,-0.50473,-0.020616,0.20388,0.4513,0.41886,-0.052453,0.5932,0.71864,-0.45835,-0.47059,-0.28667,0.11283,-0.42831,-0.93796,-0.44678,-0.41793,-0.61897,-1.3093,0.17647,-0.66572,-0.2957,-0.68626,-0.74521,-0.49598,0.17659,0.13482,-0.17279,-0.73501,0.054203,-0.39556,-0.60094,-1.0209,-0.78376,-0.33951,-0.92825,-0.75778,-0.33699,-1.0196,-0.1898,0.76328,0.372,0.18422,0.16304,-0.57747,0.30697,0.48661,-0.13549,-0.043651,1.1413,0.62677,0.51545,0.13242,0.50346,-0.12015,0.30456,0.74174,0.53758,0.17699,1.4044,1.0222,0.82753,0.29703,0.56063,1.4389,0.76068,0.81829,0.86025,0.13699,-0.18626,0.29766,-0.49577,0.27671,-0.64651,0.95568,0.37269,0.54934,-0.032759,0.25293,0.32873,0.04985,-0.059561,-0.14672,0.046359,-0.01982,0.82483,-0.79601,0.68144,0.52547,0.70335,0.75487,1.185,-0.10381,0.66728,-0.56476,0.29277,0.04996,0.84215,1.4898,0.77936,0.57846,-0.010788,0.77172,0.1926,1.5386,0.8013,0.42974,0.65095,0.48374,0.42647,0.65995,-0.93941,-0.13491,-0.47477,-0.21829,-1.072,-0.7071,-0.22261,-0.63655,-0.67711,-0.24865,0.40932,0.54605,0.31705,0.55076,0.79573,0.3801,0.71587,-0.32315,0.52378,-0.60357,0.067498,0.28744,0.51279,0.1542,0.6264,0.73408,0.7955,0.98239,0.21813,0.26765,1.277,0.42159,0.53768,1.526,1.3568,1.5966,0.31882,1.5637,0.79674,0.57142,1.1896,1.2154,0.2006,1.2325,-0.0046786,-0.43436,-1.2982,0.19242,0.26958,0.85535,0.40795,0.31154,-0.56095,0.37432,0.78218,-0.30504,-0.44045,0.14994,1.0477,0.032372,-0.33381,0.080386,-0.52728,0.38019,-0.59959,-0.021823,-0.39476,-0.046548,-1.0076,-0.16014,0.22759,0.94278,0.10822,0.22188,0.20124,0.28545,0.51918,0.42905,0.47877,-0.012599,0.30893,0.21764,-0.33464,0.3912,0.44025,0.70827,0.98107,0.52817,1.3062,1.522,0.75286,0.86262,0.36604,0.44948,-0.68869,-0.84236,-0.20735,0.015217,0.30759,-0.60507,0.64099,0.7577,1.0618,0.72372,0.46138,0.72627,1.3656,1.8144,0.60376,0.98766,0.68787,0.68869,0.46692,-0.27723,0.0007996,-0.13078,0.7358,0.47146,0.30132,0.32777,-0.38998,1.5055,0.54691,0.61703,-0.46325,0.28269,-0.16774,-0.031996,0.49947,0.35652,1.929,2.2113,1.0875,1.749,1.7641,0.76061,1.0741,1.8199,0.50356,0.64725,0.48156,-0.080955,-1.9084,-0.5065,-0.046639,-0.76874,-0.59123,0.53751,1.314,0.53953,-1.3287,-0.75427,0.09071,0.71905,-0.18707,-0.65317,-0.96428,-0.41009,-1.2766,-0.70372,-0.76838,-0.59146,-0.20654,-0.20777,-0.69799,-0.74188,-0.074093,-0.42514,-0.15299,-0.14902,-0.81082,-1.0745,-0.72332,-1.1931,-0.75238,-1.4606,-0.18723,-0.85827,-1.1073,-1.4723,-0.29668,-1.4441,-0.15579,-0.68602,-0.036065,-0.10719,0.31481,-1.3689,-0.50927,-0.69093,0.82367,0.32482,0.23277,0.39005,-0.01996,0.44237,0.85949,-0.27932,-0.070897,-0.67217,-1.2499,-0.52085,-0.65382,-0.036278,0.16403,-0.79443,-0.32662,-0.408,-0.18586,0.79217,0.41577,-0.9709,-1.5549,-0.90468,-0.38276,-1.6117,-1.5438,-1.4052,-0.28769,-0.20522,-0.81497,-0.86215,0.48498,-0.48524,-2.0572,-0.79416,-0.73255,-0.90562,-1.0082,-0.87361,0.14232,-0.090133,-0.35225,-0.38698,-0.3189,-0.95019,-0.2961,-0.45295,0.11932,0.69469,0.32982,0.71928,-0.4251,0.39548,-0.56457,-0.18268,-1.5285,-1.1738,-0.8102,-1.5504,-0.60798,-0.69188,0.093623,-0.28694,0.048841,0.012921,0.2866,-0.18658,-1.1122,0.35715,0.089446,-0.87107,-0.88756,0.098857,-0.63974,-0.36998,-0.014535,-0.42175,0.40309,-0.032768,-0.46314,0.4056,-1.2011,-0.63498,-0.52303,0.59033,0.66184,0.57617,0.85893,-0.13514,0.17102,0.48631,0.19616,-0.22442,-0.31962,-2.1885,-0.2807,-1.0862,-0.51041,-1.4907,-0.88358,-1.0242,-0.42934,-1.2165,-1.5704,-1.2161,-1.5727,-0.69633,-0.20238,-0.79858,-0.31563,0.049685,0.06277,0.098606,-0.56487,-0.59119,-0.34035,-0.14614,-0.3585,0.33624,0.22189,1.0408,1.9346,1.8947,2.0701,1.3723,1.99,1.4315,0.27817,0.43494,1.4595,-0.14703,1.0517,0.90787,-0.24045,0.22509,-0.90348,-0.42301,-0.012411,0.37399,0.060763,-0.062111,-0.71112,-0.014138,-0.23217,-0.050355,0.045137,0.57523,-0.77197,-1.1521,-0.22789,-1.1279,-1.5581,-1.5891,-0.72499,-0.64005,-0.56774,-0.75698,-0.14698,0.61945,-0.65842,-0.77882,-1.0659,-0.099882,-0.33038,-0.24332,0.39585,0.68799,0.95335,0.57453,1.6302,0.3738,1.5205,1.911,1.0322,0.55666,1.6742,1.3281,0.94898,0.89397,1.3818,1.5277,1.3098,1.8679,1.4136,2.0574,2.4027,1.0864,1.1947,1.4092,-0.053545,-0.096026,-0.51725,-0.171,-0.13446,-0.25793,-0.9038,-0.46818,0.86085,-0.044721,-0.82827,-0.54545,-0.4528,-0.65103,0.53099,0.2243,2.0711,0.50704,1.0187,-0.33946,-0.5722,0.010815,-0.32755,-1.0991,-1.0046,-0.81426,-1.0115,-0.63152,-0.25876,-0.93108,-0.27944,-0.6256,-0.70806,-1.4117,-1.5206,-0.63391,-1.2428,-1.3002,-0.41909,-0.37027,-0.3175,-0.67794,-0.42752,-0.35981,-0.45726,-0.46744,0.10508,-0.071264,0.18369,0.12544,-0.47484,0.81711,0.40498,0.81193,0.19179,-0.42586,0.21127,-0.50956,0.27694,-0.53352,-0.81012,0.67966,-0.45231,0.70082,0.24563,0.67974,0.95314,0.41529,0.27153,1.1777,1.1811,-0.66342,0.26223,1.4039,1.0587,1.1501,1.8474,1.192,0.8436,0.30423,0.38626,1.1992,0.69125,0.95852,0.2558,0.57057,0.96504,0.31066,0.84444,0.98853,0.30097,0.5609,-0.14174,0.38689,0.38916,-0.11281,0.31754,0.34205,0.77537,0.44389,0.50919,1.0575,1.093,0.10597,-0.68137,-1.1059,-0.38529,-0.85161,-1.2111,-0.36495,-0.46224,-0.33466,-0.18102,0.63184,-0.24169,0.032719,0.0041215,-0.11853,-0.7408,-0.82035,-1.5449,-0.90276,-0.69215,-1.5788,-0.39791,-0.28955,0.22574,0.26887,-0.10763,-0.11373,-1.2334,-0.88876,-1.7542,-0.73066,-1.023,-0.63503,-0.16303,0.46648,0.53598,0.59988,-0.73077,0.38008,1.1675,1.6924,0.95714,0.72089,-0.65517,1.1739,0.61359,0.41877,0.26137,0.33316,0.0055133,0.056298,0.0073487,0.076514,0.0058993,0.39896,0.36906,0.11789,0.33506,0.47859,0.28258,0.029381,0.36866,0.88929,0.73698,0.826,1.1277,1.2398,0.86848,1.1275,0.36621,0.53583,0.58329,0.26082,0.58172,0.17349,1.4049,0.55241,0.84162,0.53447,0.5223,0.31822,-0.24426,-1.2117,0.17096,-0.44423,-0.40624,-0.61838,-1.432,0.044435,0.45956,1.018,-0.051344,-0.066439,0.10857,0.08863,-0.58388,-0.1716,-0.56841,0.0056476,-0.079422,-0.27313,0.024861,0.12924,1.2145,0.32901,0.60913,0.74238,0.12411,1.592,0.50869,0.91519,0.58544,0.93602,0.043641,-0.13612,0.26534,0.22552,0.57995,0.42902,0.61174,0.24244,0.31624,0.66179,0.25964,0.084606,-0.79307,-0.4611,-0.90723,-0.36396,-0.54906,0.99572,0.39029,0.89101,0.28642,-0.37633,-0.33234,-0.2511,-0.1864,-0.8233,-0.586,0.25145,-1.3396,-0.81998,-0.3216,-0.23544,-1.0824,-0.041041,-0.41049,0.6155,0.51162,0.56837,-0.18116,0.89946,0.54767,-0.40367,0.065228,0.78149,-0.067981,-0.10474,0.42969,0.29059,1.1516,0.88523,1.389,1.0838,1.7192,1.4634,1.5127,0.98046,0.30837,0.1537,0.51051,-0.41666,0.23123,-0.51007,-0.14642,0.608,0.29401,0.82024,0.50007,1.3082,1.1243,0.81884,0.21755,0.24096,0.76757,0.35044,-0.069731,0.12469,0.14957,-0.42714,-0.14662,-0.52646,-0.33653,0.19672,0.021432,0.10355,-0.43306,-0.61581,-0.065676,0.25349,0.72578,0.61052,0.68046,-0.71086,-0.072867,0.21948,0.021855,-0.35453,-0.68871,-0.24315,-0.204,1.0265,-1.3546,-1.3096,-1.1038,-1.3295,-0.98051,-1.8282,-1.1173,-1.0754,0.46832,-0.67419,-0.98988,-0.72987,-1.2477,-1.5425,-2.0385,-1.6907,-2.2113,-1.1099,-1.3622,-0.69916,-0.53597,-0.38929,-0.47075,-0.84565,-0.24448,-0.44054,-0.26006,-0.64547,-0.080789,-0.093988,-0.57583,-0.69654,-0.29043,0.9999,-0.00090653,0.45967,-0.81209,-0.024261,-1.2638,-0.52568,-1.3236,-2.0454,-1.8864,-1.0099,-1.2079,-1.1075,-1.0718,-0.63535,-0.31163,-0.61762,-0.0063542,0.37243,-0.22525,-0.29621,-0.28108,-0.046131,-0.70317,0.31,-0.59804,-0.68413,-0.83594,-0.96371,-0.99426,-1.1562,-0.85892,-1.4202,-0.33789,-0.57961,-0.19033,-0.59374,0.26416,-0.38426,-0.48562,-1.0039,-0.61634,-0.36905,-0.42494,-0.32445,-0.37241,-0.44987,-0.34212,-1.339,-0.49669,-0.99991,-0.63365,-1.3457,-0.32139,-0.68615,-0.53763,-1.7854,-1.0534,-1.6615,-0.29705,-0.9026,-0.82533,-0.49939,-0.43729,-0.013781,0.24262,0.31961,-0.20234,-0.31134,-1.2142,-1.3579,-0.92712,-0.76272,-1.584,-1.1744,-1.1126,0.12957,-0.090644,-0.22493,-0.23136,-0.3845,-0.68822,-0.76145,-1.2009,-1.7801,-0.36007,-1.0737,-0.1913,-1.1523,-0.30582,0.084042,-0.40035,0.98259,0.40054,-0.96843,0.95136,1.8906,1.1822,0.81295,0.83598,0.70188,-0.29912,-0.39172,-0.12894,0.05505,0.03221,0.063104,0.28753,0.78918,-0.083799,1.1673,-0.065378,0.35188,0.75457,0.042828,-0.42084,-0.31312,0.64123,0.6643,-0.047394,1.0672,0.84717,1.1923,0.72298,0.36635,0.38043,0.068978,0.42364,0.15296,-0.48023,-0.124,-0.18384,-1.065,-0.63832,-0.28273,0.1337,-0.46965,-0.21655,-1.1411,-0.50631,-0.80868,-0.54486,-0.34946,-0.78534,-0.24788,0.20624,0.10064,0.16508,-1.1509,0.57843,0.35966,-0.57966,-0.23038,-0.2329,0.30571,-0.4593,-0.24264,-0.032349,0.60647,0.28081,-0.19569,-0.22701,-0.46788,-0.067176,0.24023,-0.054643,-0.18277,-0.064766,-0.19064,-0.73215,-0.28787,-0.74589,-1.4277,0.31413,0.42976,0.21934,-0.16824,0.059974,-0.30778,-0.1529,-0.66089,-0.89638,-0.18326,-0.56686,-0.58021,-0.24228,-0.82134,0.50104,-0.099092,-0.30633,-0.36503,0.29833,0.073191,0.55752,0.84732,1.7687,1.0919,1.4805,0.90767,0.85577,0.41627,0.25628,-0.26322,-0.78481,0.42933,0.34056,0.29935,0.03602,-0.51793,1.0716,0.92194,-0.070644,0.33214,-0.27701,0.22379,0.25341,-0.105,-0.20591,-0.15183,-0.037751,-0.61962,-1.0585,-0.31575,-0.89865,-0.65385,0.29406,0.099233,0.22574,-0.059628,0.16465,0.042755,0.10248,-0.35092,-0.54801,0.37422,0.26797,0.62499,0.73888,0.70336,0.88448,0.88515,0.92327,0.70292,0.11143,0.48978,0.27792,0.70077,0.0046949,0.88095,0.84481,0.7104,0.48114,0.2204,-0.43792,0.31922,0.66214,0.1298,-0.29711,-0.38812,-0.24007,-0.48435,-0.085282,-0.52541,-0.29669,-0.23014,0.07783,-0.092423,-0.048948,-0.10225,0.12047,0.047988,0.36295,0.57566,0.37741,0.26132,0.4154,0.74292,0.086079,0.88927,0.62433,0.47805,0.93089,1.1836,0.042958,0.54933,0.83993,1.0349,1.3133,1.3793,0.51443,1.0138,1.163,1.4755,1.2396,0.54241,0.44044,0.53033,0.43496,0.40283,0.26418,0.63293,0.37139
1.357,1.0125,1.0364,1.2858,1.2076,1.0249,1.175,1.0232,1.2807,1.0452,0.82312,1.2919,1.0088,1.2474,1.384,1.7247,1.2876,0.84745,1.4735,1.1922,0.33701,1.0423,1.3446,2.1287,1.6894,1.5129,1.3454,0.55869,-0.42302,-0.24362,-0.11312,-0.93559,-1.6854,-1.5571,-1.2464,-1.4466,-1.8476,-2.6677,-2.406,-2.753,-2.5797,-1.2259,-1.1992,-0.64732,-0.17291,-0.066547,-0.20195,-0.18064,0.18633,1.2402,0.85095,1.5429,1.5912,1.1447,0.60304,0.10762,-0.12981,-0.88795,-0.84525,-0.54104,-0.37602,-0.27896,-0.42072,0.58358,1.1167,0.5038,0.60727,0.18919,0.25899,-0.072326,-0.43544,-1.0745,-0.38645,-0.73382,-1.0797,-1.9356,-2.4558,-2.2205,-2.3577,-1.4627,-1.3238,-0.9333,-1.0208,-1.8127,-0.79077,-1.0814,-1.2955,-0.52254,-0.75312,-0.42657,-0.36571,0.13176,0.24906,0.68987,1.5839,1.3567,1.5934,1.8523,1.9677,1.2637,0.73017,0.91923,-0.20652,-0.71414,-0.9964,-0.48984,-0.68308,-0.76038,-0.53808,-0.61935,-0.55447,-0.87975,-1.5237,-0.85721,-1.2332,-0.6069,-0.32872,-0.065899,0.82072,0.71881,0.62792,0.88705,1.5769,1.2595,1.6427,2.1264,1.5144,0.85712,1.6052,1.0223,0.97188,1.2776,1.1054,1.3463,1.4561,0.44385,0.39774,0.10189,-0.5804,0.050305,0.22029,0.21511,0.39051,0.53295,0.17847,0.54347,0.56366,-0.35584,-0.62177,-0.10221,-0.61179,-0.45694,-0.74506,0.26197,0.21697,0.071423,0.20756,-0.65389,-0.53132,-1.0099,-0.87495,-0.96699,-0.98254,-0.063745,-0.43175,-0.03464,-0.23744,0.12681,-0.71833,-1.0339,-0.80795,0.77616,-0.050584,0.47057,0.20844,0.93057,1.1339,0.34465,-0.63563,0.15843,0.41531,0.019729,-0.83178,0.073525,0.031069,-0.22466,-1.3359,-1.7156,-1.3483,-0.89733,-1.0677,-1.2372,-0.97613,-1.184,-0.21719,-0.77858,-0.18625,1.1039,0.99029,0.62609,1.6929,2.142,2.0384,1.3848,1.4508,2.2687,2.0714,2.1336,1.6542,2.4301,1.9665,2.3002,1.8442,2.4526,1.2697,1.4859,0.89882,1.1861,1.4408,0.52162,0.069373,0.56819,0.93372,1.7504,3.2407,3.8424,3.6905,2.8824,3.4727,3.3318,3.0076,2.3591,3.0711,3.2789,2.5926,1.7907,2.2113,1.8529,2.4786,0.49803,1.0924,1.4493,1.4098,0.53925,0.43319,0.92974,0.42507,-0.71917,-0.38772,-0.97499,-0.89155,-1.4634,-1.2448,-0.91968,-0.84699,0.3374,1.2367,1.3315,1.2242,1.4582,1.8491,1.591,1.6709,0.95181,0.5064,-0.96523,-1.8595,-2.8916,-2.8629,-2.439,-2.6397,-2.0691,-1.2923,-1.9266,-1.7257,-1.3949,-1.2678,-1.4567,-1.5257,-1.6895,-1.6798,-2.3097,-2.3215,-1.4814,-1.4754,-1.5126,-0.65371,-0.46253,0.070937,0.34741,0.70065,1.0068,1.2097,1.405,0.74053,-0.27,-0.086778,-1.1625,-0.65251,-1.0652,-1.4666,-1.6348,-1.5417,-0.32962,-1.0616,-1.2478,-1.3637,-1.4993,-0.73075,-1.1468,-1.1386,-0.78268,-0.099651,0.54088,0.53842,0.8785,1.417,2.3511,1.3856,2.4462,2.3053,2.3338,2.2839,1.6015,0.91758,0.71921,0.45671,0.35538,0.11415,-0.26688,0.41509,0.59203,1.1143,1.1948,1.3461,1.834,2.2438,2.5863,2.1134,2.6391,2.821,2.5057,2.3111,2.0629,2.0982,2.3437,2.4002,2.6887,2.3294,2.6333,1.6383,1.4879,1.1175,1.1715,0.75228,0.23219,-0.18214,-0.4681,-0.72218,-1.1854,-0.95117,-0.82578,-1.1676,-1.113,-1.6313,-2.0319,-2.5515,-2.4928,-2.1019,-2.0884,-2.8453,-3.0483,-3.264,-2.1949,-2.9301,-2.0512,-2.3214,-0.68502,-0.15175,-0.51326,0.95366,0.97914,0.96035,0.64624,0.99207,0.37625,-0.10789,-0.88181,-1.1224,-0.87894,-0.34278,-1.0432,-0.70686,-0.21497,-0.028515,0.064502,-0.18406,0.15547,0.52984,0.65173,0.26728,-0.50847,-0.43807,-0.2206,-0.19751,-0.60714,-0.93908,-0.78347,-0.57764,-0.7889,-0.1626,-0.08161,-0.025228,-0.35239,-1.07,-0.53166,-1.3176,-1.274,-1.1189,-1.1482,-0.65722,-0.26171,0.91137,1.215,1.2034,0.69993,0.88589,0.78188,-0.0026656,-0.86965,-1.7156,-1.8248,-1.7652,-1.5962,-1.3825,-0.89552,-0.59529,-0.76202,0.24493,0.85696,0.20025,-0.41435,-0.67188,-0.74514,-1.1223,-1.1076,-1.3688,-1.5776,-1.6684,-1.7226,-1.7082,-1.4281,-1.5732,-1.4726,-1.5064,-1.0773,-0.64676,-0.005419,-0.77631,-0.15248,-0.037579,-0.18628,-0.33243,-0.77813,0.1881,0.50691,0.066753,0.79781,1.4774,1.4792,1.0277,1.2618,1.361,1.811,1.4672,1.1867,-0.15946,-0.9404,-1.1609,-1.271,-1.0771,-1.1045,-1.0774,-0.82345,-1.6341,-1.1804,-1.2232,-1.7364,-1.8191,-1.2416,-1.5732,-1.3623,-1.619,-1.3805,-1.9287,-2.1266,-1.8934,-1.3951,-1.1029,-0.91039,-1.3471,-0.49297,0.38634,-0.15434,0.41393,0.76005,1.2445,1.5842,1.0867,1.2223,0.57658,0.77346,0.93283,0.075474,-0.0060503,-0.1438,0.45434,0.0078307,-0.32313,-0.56759,-0.58524,0.069104,-0.026263,-0.1393,-0.99424,-0.71635,-0.67727,-0.45392,-0.084869,0.3095,0.81616,0.092222,0.20661,-0.20695,-0.33506,-0.23779,-1.7166,-1.2784,-0.33888,-0.90136,-1.074,-0.76595,-0.7537,-0.72118,-0.83175,-1.622,-0.80717,-1.0167,-1.1253,-0.1863,0.46184,1.5236,1.2846,1.0433,1.1275,1.32,1.7813,0.7681,1.2387,1.1288,0.60407,0.5212,-0.11806,0.29457,0.96699,2.0027,1.9105,2.0371,1.1967,0.75015,0.27423,-1.041,-1.9832,-0.99838,-0.80395,-1.086,-1.0528,-0.44752,-0.61381,0.070231,-0.17297,0.2961,0.63525,0.73384,0.65545,0.82985,0.44914,0.29458,0.50557,-0.37778,-0.22221,-0.087722,-0.055441,-0.37195,-0.86885,-1.2036,-1.1299,-0.068015,-0.80899,-0.64557,-0.14441,-0.5094,-0.56012,-0.70358,-0.5269,-0.4737,-0.94228,-1.2454,-1.2742,-0.93338,-1.1467,-1.7065,-1.6811,-1.4531,-1.5455,-1.0701,-1.7085,-0.97644,-0.54536,-1.2336,-1.0476,-1.0109,-1.2297,-0.7112,-0.76402,-0.53002,-0.47685,-0.06136,-0.17897,-0.4576,-0.12051,-0.53525,-0.78329,-1.2884,-1.2418,-0.94227,-1.214,-0.81503,-0.92818,-0.6056,-0.50968,-0.25405,-0.16943,-0.65957,0.35679,0.33007,0.073287,0.11093,0.47621,0.80329,0.95791,0.30631,-0.18577,0.29736,-0.2274,-0.31574,-0.41303,-0.038409,-0.052009,0.35267,-0.014437,0.31604,-0.32844,0.0832,0.30126,0.24653,0.35653,0.0090625,-0.31088,-0.6273,-0.15239,0.2919,-0.12214,0.12684,0.26399,0.22962,0.39427,0.085839,-0.34568,-0.56936,-0.63726,-0.61264,-1.047,-0.88558,-0.85398,-0.16441,0.060136,-0.35466,0.23195,-0.24446,-0.38618,-0.06361,0.051387,-0.021812,0.13585,0.54876,0.95997,1.1972,1.713,1.7697,2.1829,2.4922,1.8253,1.5284,0.99101,0.48294,-0.12619,-0.60323,-0.37087,-0.21021,0.47048,0.41033,0.63546,0.34068,0.40748,0.91379,0.86274,1.2905,1.2776,0.7634,0.62191,0.35825,0.27995,0.52908,0.034678,-0.046078,-0.070854,-0.54301,-0.26137,-0.91739,-0.59455,-1.0512,-1.1535,-1.0409,-1.7516,-1.6781,-2.6136,-1.975,-1.6669,-1.2178,-1.1691,-1.562,-1.0069,-0.65353,-0.48524,-0.22943,-0.23411,-0.41534,-0.43153,-0.21421,-0.46625,-0.50477,-0.38753,-0.26331,-0.59501,-0.71257,-1.2696,-1.4101,-0.95557,-0.67533,-0.72516,-0.888,-0.5979,-0.51742,-0.52078,-0.48541,-0.89218,0.20116,0.46964,0.63778,1.0271,0.81753,1.1311,0.58803,1.2291,0.72431,0.55403,0.56538,0.34064,-0.38945,0.69421,0.55098,0.32647,0.75269,0.67634,1.377,1.2926,0.65792,0.33789,0.45084,-0.16617,0.3693,0.16072,-0.10563,-0.67043,-0.47163,-1.2762,-1.3097,-1.0738,-1.1197,-0.98435,-0.94279,-0.62823,-0.5032,-0.68958,-0.81148,-0.98123,-0.76638,-1.3851,-1.5455,-1.5908,-2.1717,-1.6856,-1.3484,-1.2967,-1.6444,-1.3699,-0.93618,-0.91464,-1.0091,-0.58529,-1.0058,-1.5257,-1.6066,-1.3166,-0.62228,-0.10478,-0.70635,-0.21627,-0.56205,-0.47932,0.013404,0.44785,0.10609,-0.22121,0.67086,0.95881,0.79479,0.63527,0.48443,0.60731,0.6354,0.43191,0.34455,0.61419,0.52255,0.41843,0.6683,0.94789,0.67453,-0.2998,0.22563,-0.69521,-0.20069,-0.73632,-0.73584,-0.90897,-0.68659,-0.40895,-0.8,-0.5278,-0.41976,-0.1651,-0.71281,-0.50951,-0.58876,-0.36949,-0.92744,-0.44413,-0.53768,-0.33983,0.10572,0.19886,0.28825,0.58509,0.64166,0.54827,0.67975,0.55879,0.55896,0.073824,-0.53205,-0.8191,-0.38578,-0.92619,-0.45623,-0.54096,-0.38256,-0.18195,-0.17571,-0.1414,-0.19844,-0.49499,-0.28725,-0.44071,-0.62577,0.2228,0.052576,0.37823,0.79074,0.7751,0.81532,1.0943,0.51511,0.33287,-0.1431,-0.035383,-0.51613,-1.4005,-0.98279,-0.574,-0.53507,-0.61166,-0.061115,0.30551,0.90596,0.84114,0.50167,0.22135,0.17184,0.44313,0.47607,0.13596,0.87885,1.1186,1.3853,1.2467,1.4352,1.4755,0.55397,0.50904,0.14614,0.14913,-0.13818,0.11864,0.072495,0.096216,-0.04083,-0.1887,-0.68586,-0.55297,-0.76516,-0.13607,-0.3206,-0.33922,0.13001,0.80911,0.94874,0.73271,1.4296,0.73659,0.49972,-0.12554,-0.50983,-0.89619,-1.1512,-1.5253,-1.5876,-1.9781,-1.118,-1.2519,0.084075,-0.10473,0.70543,0.53616,1.2362,1.198,1.3226,1.2598,1.1403,0.34438,-0.65976,-0.94665,-0.26833,-0.90186,-0.80203,-1.1311,-0.58318,-1.4838,-0.59748,-1.1329,-0.83403,-1.3344,-1.5483,-2.1807,-1.7444,-2.0056,-0.85004,-1.4245,-1.3804,-1.5673,-0.70394,-0.5532,-0.68362,-0.62589,-0.4794,-0.80573,-0.58111,-0.62756,-0.27021,0.40091,-0.11197,-0.20591,-0.017048,0.020327,0.12359,0.54769,-0.33333,-0.021835,-0.19261,-1.1764,-1.048,-1.0959,-0.71064,-0.46956,-0.42097,-0.4584,-0.50071,0.23064,0.5691,0.79705,0.49504,0.63704,0.6835,0.82546,1.4254,1.5142,1.3053,0.99609,0.24042,0.25372,0.17755,0.56575,0.78958,0.97779,1.1931,1.5381,1.5764,1.6609,2.3432,1.7531,1.4407,2.5307,2.2297,1.5777,1.5804,1.6029,1.4702,1.5648,0.73455,1.1012,0.712,-0.086888,-0.71506,-0.43823,0.18921,-0.18895,-0.10398,-0.46873,-0.37202,-0.0016989,-0.76942,-0.91739,-0.94654,-0.56809,-0.62308,0.079303,-0.31315,-0.22242,-0.12747,0.033019,-0.10275,-0.10885,0.28432,0.88665,0.95565,1.4823,0.98348,1.3605,1.2233,1.1539,0.85664,0.48215,0.60986,0.044591,-0.14888,-0.90255,-0.72645,-0.14388,-0.44863,-0.31036,-0.85344,-0.47362,0.52702,-0.07637,0.30141,0.4192,0.32393,0.052229,-0.050617,-0.23321,-0.30205,-0.24267,0.10369,0.51079,0.34186,0.51399,0.80197,0.82002,0.6266,0.86951,0.86625,0.95572,1.5763,1.7744,1.2837,1.5629,1.1936,1.3855,1.1144,0.92303,0.39473,-0.33054,-0.58108,-0.88275,-1.1896,-1.2986,-1.3222,-1.2901,-1.4996,-1.3537,-0.51024,-0.34026,-0.58047,-0.47143,-0.040704,0.33632,0.18324,0.52982,0.19483,0.7041,0.21676,0.042625,-0.39791,0.46326,0.092669,0.15088,0.3021,0.36753,0.82007,0.71071,1.3188,1.229,1.9574,1.5286,1.7425,1.5725,1.9201,1.6044,1.8217,1.5764,1.6301,1.6761,2.3766,2.1803,2.0468,1.8275,1.4676,1.9306,1.5048,1.2757,0.63606,0.7522,0.56257,0.050856,-0.71219,-0.66554,-0.69097,-0.82769,-1.3937,-1.3892,-1.304,-1.3816,-1.1865,-1.2036,-1.6574,-1.4712,-1.454,-1.1533,-0.99201,-1.2578,-1.0496,-0.74119,-0.69378,-1.0095
-0.24992,-0.21288,-0.32517,-0.2062,-0.63389,-0.80403,-0.6906,0.349,-0.40129,0.24334,-0.24418,-0.043213,0.061144,-0.42102,-0.27376,-0.86682,-0.5513,-1.3039,-0.3707,-1.3596,-0.20859,-0.62627,-0.23722,-0.37118,-0.68293,-0.54884,-0.04556,-0.24419,-0.27265,-0.16994,-0.19304,0.96287,0.32938,0.69252,0.2016,0.79256,0.70241,0.75729,0.83511,0.058095,0.98009,-0.18739,0.0045868,1.0085,1.1637,-0.42298,1.1533,-0.4214,0.72357,-0.065432,-0.027248,0.064534,0.91187,0.31006,-0.55068,0.67487,0.632,0.36203,-0.48352,-0.34762,0.013206,-0.41123,-0.21571,-1.1316,-1.1199,-0.8028,-1.488,-0.91192,-0.5107,-0.56757,-0.20575,-0.036406,-0.90897,-0.38133,0.17425,-0.044054,-1.3925,0.19994,0.14341,-0.89232,-0.52275,-0.19042,-0.50459,-0.27997,-0.66073,-1.1094,-0.26613,-0.7042,0.051268,-0.88828,-1.0604,-0.97363,0.22152,-0.4503,0.10325,-0.059981,0.12294,-0.54821,-0.1384,-1.646,0.49525,-0.52654,-0.45059,-0.11949,0.10542,0.67554,0.47089,0.038524,0.47887,0.40248,0.19466,0.25625,-0.23232,-0.064893,0.11758,0.13039,-0.37329,-0.75314,-0.13758,-0.2924,-0.062117,-0.47888,-0.48622,-0.87924,-0.37127,-0.13531,-0.22074,-0.56383,-0.20625,-1.167,-1.5862,-0.51772,-1.8064,-1.3671,-0.80429,-1.6932,-1.4544,-1.1457,-0.81763,-1.5328,-0.39474,-2.1453,-0.88694,-0.36168,-0.80027,-0.94221,-0.15463,-0.50942,-0.30403,-0.75506,-0.37146,-0.33915,-0.64518,-0.77009,-0.65323,-1.5066,-0.40775,-0.91292,-0.12,-0.48641,-0.50002,-1.4185,-0.52204,0.0433,-1.0763,-1.3169,-0.81756,-1.6028,-0.82648,-1.4711,-2.6129,-2.3505,-1.4751,-0.45169,-1.3405,-1.0112,-1.145,-0.8259,-0.8512,-0.7557,-1.0118,-1.1461,-0.53177,-1.1156,-1.2454,-0.62353,-0.31578,-0.50193,-0.54352,-0.46658,0.10271,-0.21786,-0.69261,-0.90512,0.1887,-0.18629,-0.28449,-0.074989,0.46539,-0.6559,-0.70153,-1.4541,-0.21733,0.18379,-1.314,-0.20612,-1.072,-1.1311,-1.7796,-0.72745,-0.60649,-0.84327,-0.92132,0.071498,-1.005,-1.6185,-0.42467,-1.186,-0.12676,-0.29212,-0.69379,-1.6525,-0.3351,-2.1229,-0.9496,-1.8087,-0.94174,-1.5372,-0.61582,-0.19308,-1.0538,-1.4489,-0.76692,-0.29133,-0.79516,-0.01844,-0.60341,0.058953,-1.2336,-0.55397,-1.5372,-1.2559,0.42526,-0.96629,-1.3039,-0.31826,-0.23645,-0.21366,-0.27535,0.17932,-0.53783,0.067143,-0.51976,-0.030637,0.19032,-0.44635,-1.7763,-0.25854,-0.75314,-0.28766,-1.0481,-0.36425,-1.4982,-1.382,-0.48318,1.9235,0.084514,1.1109,0.60994,-0.19295,0.21906,0.23741,-0.17256,-0.87925,-0.68451,-0.23614,-0.023896,-0.16219,0.58353,0.17992,0.59882,0.27941,-0.30955,0.21489,0.16507,-0.52021,-0.24531,-0.19887,-0.99615,-0.68961,-0.80046,-1.0946,0.15195,0.63578,2.2707,1.1074,1.6791,1.2239,0.87684,1.4853,0.75738,-0.10812,0.30712,0.69911,0.33281,-0.31936,-1.0922,-0.32972,0.86699,0.15721,0.31505,0.066846,-0.19315,-0.60406,-0.4974,-0.48372,-0.18614,-0.38708,-0.23942,-0.1494,0.045704,-0.67236,-0.34023,0.14868,-0.97504,-0.097304,-0.28745,-0.33541,-0.16159,-1.0008,-0.69988,-0.24817,-0.56593,-0.34899,-0.51554,-0.20573,-0.59549,0.26789,-0.23843,-0.40478,-0.41343,-0.70799,-0.0032832,0.25239,-0.2312,-0.62811,-0.50077,-1.0325,-0.91177,-0.67523,-1.4163,-0.82982,-0.30513,-0.22351,-0.29596,0.041216,1.4266,0.46734,1.1515,1.218,0.59432,1.9206,0.50241,1.5845,1.0674,0.11235,1.4375,1.8217,0.56749,0.91606,0.73435,1.0135,1.3265,-0.23463,-0.35776,-0.42832,-0.68153,-0.79013,-0.008056,0.35254,0.69691,0.47427,0.1837,0.62502,0.40432,1.4927,0.47136,0.14016,1.2715,0.031155,0.19736,0.13708,-0.80003,-0.44855,-0.29711,-0.23516,-0.60215,-0.95451,-0.50386,-0.79955,-0.87902,-0.14704,0.34608,-0.51614,-0.5921,-0.051003,-0.011746,-0.062724,-0.15406,-0.11667,0.76887,0.38007,0.91068,0.45855,0.0059378,1.2491,0.51592,1.09,0.76924,1.0709,0.18032,-0.055479,0.37273,0.89804,0.50668,0.34266,-0.082088,0.71823,0.79378,0.65427,0.36692,1.4608,0.56023,1.391,-0.4256,1.0152,0.047457,0.40181,1.7152,-0.17672,0.44008,0.79092,1.3563,0.1397,1.1843,0.20914,0.75243,0.81921,0.97893,0.82896,0.24831,0.59665,1.692,0.34739,1.0738,1.1068,1.1131,0.54739,0.81124,0.76631,0.60294,0.48331,0.17077,0.28759,-0.47725,0.57518,-0.098101,-0.29448,-0.58503,-0.034476,0.81831,-0.49551,0.93707,1.228,1.8809,0.68135,1.2725,1.6207,2.5304,1.527,0.8216,1.5452,0.58194,-0.22975,0.58679,0.73857,0.84697,0.89039,1.1347,1.0676,1.6183,0.99127,2.0207,1.6888,1.4103,1.8315,1.2968,1.6673,0.98359,0.36422,0.45484,-1.1453,-0.87182,-0.29286,-0.60935,-1.4602,-0.14099,-0.15924,0.04338,0.64573,0.44954,1.7468,2.1393,1.2065,1.5693,0.79653,1.2115,0.0070177,0.69189,-0.0022406,1.1678,0.66084,1.7366,2.3191,1.4909,1.8263,1.5103,1.4794,1.6014,1.2818,1.2495,0.53237,0.45929,0.79176,0.64707,0.88931,0.7327,0.45739,0.89873,0.80728,0.85058,0.88858,1.0343,0.14874,-0.56271,0.29792,0.87978,1.0766,0.77011,1.0195,-0.82578,-0.055217,1.695,1.5774,0.75072,-0.43219,1.2678,1.078,0.3986,0.36162,1.0795,0.46774,0.36428,-0.052481,0.35506,0.58201,0.60046,0.54389,0.19359,1.6421,0.69932,0.94473,1.4559,0.34032,1.1947,0.83902,-0.16288,-0.38113,1.0721,-0.4849,0.46411,-0.66497,0.19589,0.05086,-0.29866,0.16167,-0.60972,0.52982,0.39121,0.097538,0.6616,-0.79683,-0.031016,-0.07728,-0.57681,-0.50857,0.18771,-0.1947,1.2054,0.2036,1.0513,1.0112,0.82856,1.3205,1.3979,1.3205,0.11642,-0.16311,0.96106,0.15422,0.45405,0.13319,-0.19808,1.2689,0.35768,-0.55276,-0.68495,-0.0014811,1.0213,0.76285,0.039424,0.1002,0.15111,-0.28906,-0.030771,0.47978,0.2645,0.43386,0.92566,0.69832,0.58759,0.56949,0.95515,1.2851,0.88969,1.8209,1.4718,1.4188,1.9046,1.8323,1.0439,1.4199,1.7622,0.23195,0.39198,0.61724,0.19065,-0.65353,-0.76054,0.30543,-0.57756,0.63381,0.80997,0.4753,1.1919,1.3619,1.441,1.7417,0.7616,1.05,0.87599,0.99594,-0.023,0.51806,-0.30503,-0.06335,0.36131,-1.586,-0.25987,-0.60308,0.013842,-0.24709,-0.74178,-0.55498,-0.29438,0.29731,0.057301,0.551,0.62315,0.61405,1.1429,1.6188,1.5773,1.0252,0.55935,1.2706,0.99162,0.7901,0.12568,-0.28604,-0.56192,-0.043263,-0.81583,-0.57357,-0.80343,-1.4105,-1.0437,-0.28705,-0.1356,0.18226,0.97581,0.66518,-0.24475,0.56898,0.39111,0.43327,0.33836,0.41402,0.35952,0.71952,1.2432,0.39209,-0.065117,0.75816,0.49386,0.51203,0.48202,0.47542,0.46412,0.12035,0.16356,0.10708,0.69905,1.1067,0.23936,-0.37909,-0.96289,-0.070121,0.4615,0.86695,0.32037,1.1434,0.67852,1.1753,0.64739,0.62433,0.58704,0.084306,-0.78095,-0.8304,-0.38752,-0.32293,-1.149,-0.57238,-1.0455,-0.53319,-0.52694,-0.83274,-0.2408,-0.29247,0.38511,0.39674,0.071655,0.18549,0.77654,0.049593,0.58042,0.26421,1.0577,0.93974,0.49451,0.60605,0.60959,0.92553,0.51582,0.72959,0.49673,0.81468,0.50117,0.80585,0.30654,0.58295,1.492,0.24292,0.53754,0.35183,-0.28128,-0.010779,0.37469,0.10626,-1.1406,0.061639,0.0026505,-0.44588,-0.37685,-0.3498,0.603,0.62029,0.7289,0.70095,1.4716,2.0281,0.74582,0.93531,0.69303,1.8988,1.2917,1.2379,0.57228,0.79587,-0.17783,-0.4505,-0.59302,-0.31753,-0.83142,-0.37984,-0.58725,1.0685,0.70252,0.84291,0.81892,1.161,0.81054,1.2881,0.31117,1.2183,-0.37717,0.043547,0.17958,0.86209,-0.45346,1.192,0.58349,0.94042,1.2194,0.37182,-0.52216,0.79014,-0.40375,0.051188,-1.1951,-0.44227,-0.43603,-0.84645,-0.52239,-1.5296,-0.69704,-0.71754,-1.0134,-1.2864,-0.36623,-0.30181,-0.37643,-0.52728,-0.47955,-0.084006,-0.24314,-0.20006,0.19384,-0.029349,0.64815,-0.0254,0.22613,0.58689,0.45951,1.1015,0.42166,0.36561,1.8035,1.0867,-0.16305,-0.41128,-0.34517,1.0064,0.95219,-0.25701,0.16334,0.15399,1.2431,0.39575,-0.692,-0.9099,-0.068539,-1.1725,-0.86774,1.2566,-0.63303,-0.95699,-0.81117,0.14757,0.48572,0.56904,1.0995,1.2924,1.0466,0.86529,0.57819,-0.33424,0.65936,0.46223,0.91152,-0.4254,0.43015,0.99461,0.59002,-0.46111,-1.1647,-1.4424,-0.70103,-1.8222,-1.838,-0.48581,-0.35733,-0.54562,-0.14039,0.15951,0.55115,0.78932,1.2535,0.38601,0.63217,0.90179,-0.12816,0.33931,-1.5728,-1.6575,-0.84008,-0.44406,-1.3135,-0.91689,-1.4328,-1.2863,-0.90474,-0.8732,0.087062,-0.20817,0.94381,0.43614,-0.25009,0.12803,0.096699,-0.035487,0.3211,0.32467,0.63566,0.53744,0.19194,-0.055312,0.24292,1.9947,1.0566,-0.032876,0.57158,0.25283,0.2514,-1.08,-1.7418,-0.71047,-0.31003,-0.53619,-0.22281,0.56433,0.53812,0.59615,0.80203,1.1648,1.0365,0.37477,0.42435,-0.23023,-0.369,0.47622,-0.21438,-0.66484,-0.58631,-0.36231,-1.3475,-0.037962,-0.82984,0.1066,0.55824,-0.23142,0.83856,-0.23243,-0.14212,-0.62539,-0.83432,-0.94409,0.13112,-0.10809,-1.0299,0.47309,0.47952,0.87421,0.032986,-0.69696,-0.20633,0.13753,0.094293,0.61693,0.13753,-0.35505,-0.38592,-0.87329,-1.2529,-1.2372,-0.80584,-0.7155,-0.95758,-1.138,-0.010612,0.55624,0.39978,0.089077,0.39478,-0.00096863,0.63997,0.85867,0.43209,0.27378,1.3267,1.2892,1.0725,0.99875,0.65114,0.77282,0.2334,-0.88064,-0.83319,0.20801,-0.14981,-1.132,-1.1464,-1.078,-1.0701,-1.4753,-0.76801,-1.1275,-0.79332,-0.43459,-0.38097,0.50228,0.073309,0.67473,0.82344,1.0092,-0.76552,-0.39423,0.41343,-0.11428,-0.49349,-0.77627,-0.9933,-1.3398,-0.56758,-0.18328,-0.82733,-0.62033,-0.38088,-0.36531,0.25759,0.093953,0.81604,-0.060897,-0.30916,-0.078251,1.2896,0.1052,-0.19794,0.044791,0.10097,0.71989,0.67096,-0.61463,-0.31185,0.36832,2.1657,-0.44893,-1.3931,-0.48007,0.59333,-0.38573,-1.5135,-0.74552,-0.78355,-1.1579,-1.0123,-1.5158,-1.1419,-0.85118,0.13565,-0.024855,0.43423,0.45394,0.83676,0.56506,0.87406,0.015949,1.3096,0.5447,0.20962,-0.47531,-0.39558,0.092135,-0.295,-1.4452,-1.1834,-1.0265,-0.73253,0.098786,-1.0638,-0.99327,-1.5638,-0.49178,0.26379,-0.79979,-1.5897,-0.46004,-1.1353,-1.0513,-1.4551,-1.261,-1.081,-1.0864,-1.7065,-1.3119,-0.83912,-0.63252,-0.34027,-0.31303,-0.60117,-0.51369,0.22346,0.51886,0.44979,0.73367,0.32046,0.95613,0.96093,0.092669,0.95607,0.092987,0.1384,0.20693,0.43744,-0.013603,-0.68037,-0.36334,-0.094729,-0.10213,-0.57908,-0.65728,-0.38002,-0.22686,-0.91133,-0.88016,-0.84056,-1.4478,-0.96602,-1.1631,-1.9413,-1.7132,-0.70358,-0.55215,-1.6515,-1.2234,-1.635,-0.7975,-0.80249,-0.64722,-1.1895,-0.97294,-1.2745,-1.0623,-0.92193,-0.39299,-0.72463,-0.77474,-0.63221,-0.51086,-0.4572,-0.73121,-1.5967,-0.47165,-0.72325,0.31073,-0.88672,0.17622,-0.058408,0.35043,0.24132,0.16966,-0.33838,-0.37332,0.26407,-0.1897,0.16483,-0.72474,-0.71468,0.076364,-0.40842,-0.58438,-0.54585,0.046143,-0.12364
1.7555,1.7853,1.5361,1.4447,1.4446,1.1482,0.92358,1.1848,0.85995,1.5649,1.1353,1.3221,1.3668,2.2211,1.8432,1.2995,1.5668,0.93222,0.59031,-0.18883,0.47838,-0.34551,-0.4179,-0.57658,-0.83793,0.18489,0.68827,0.89163,1.1138,1.0136,1.4174,2.037,1.3198,0.90614,0.71352,1.0872,-0.071123,0.22304,0.9734,0.63653,-0.17252,0.83918,-0.31149,-0.42382,-0.24921,-0.54156,-0.74266,-0.29239,-0.89951,-0.036501,-0.69242,-0.37686,0.10808,0.041077,-1.436,-0.48214,-0.90289,-1.3124,-1.0061,-0.53454,-0.78393,0.36065,0.49695,-0.04413,0.44984,-0.3257,-0.79938,-0.89629,-0.33282,-0.64377,-0.90166,0.1229,0.054524,-0.63282,-0.10017,0.075846,0.66419,0.3493,0.085911,-0.26528,0.34989,1.1368,0.62251,0.089451,0.13408,-0.060719,0.59179,-0.1812,0.24433,-0.47217,-1.4532,-0.23669,0.28777,0.15358,1.1522,1.1997,0.70939,0.44143,0.82927,0.57644,0.83442,1.1784,0.024587,-0.12111,0.83887,0.67694,0.20332,0.41663,1.2417,0.93205,-0.21067,0.9951,0.73315,0.26601,0.24104,0.058969,0.1742,0.46337,-0.41645,-0.47236,-0.29053,-0.89678,-1.5975,-1.4518,-0.76824,-0.7964,-1.2895,-0.53653,-0.23616,-0.032262,-0.31307,0.13754,-0.31024,0.099925,0.64981,0.83908,0.88178,0.97452,0.81701,0.20137,0.30305,0.31384,1.025,0.80379,-0.10892,-0.1526,0.026233,-0.30115,-0.38087,-0.38922,-0.12241,-0.82421,0.69219,-0.18742,1.4587,0.018357,-0.68442,-0.21976,0.69865,0.25552,-0.33433,0.54988,1.1044,1.1258,0.58273,0.91381,1.0915,1.1349,-1.0697,-0.76002,-0.042004,-0.89638,-1.7473,-1.4196,-1.3573,-1.2315,-1.6302,-1.563,-1.0587,-0.5796,-0.38555,0.37779,0.96252,1.1355,0.46107,0.41552,0.3242,1.0519,0.80873,1.3575,1.7575,2.1524,1.7985,1.1216,1.5782,1.4883,1.1881,0.77823,-1.2509,-1.1683,-1.6538,-0.76656,-0.38795,-0.64372,-0.45057,-0.64044,-1.3568,-0.93614,-0.93449,-0.86478,-1.0123,-0.75273,-1.5894,-1.241,-0.73179,-1.8169,-1.0331,-0.41605,-0.90177,0.072635,0.31856,0.33871,0.5782,0.56089,-0.62363,-1.1495,-1.8907,-1.2178,-1.4236,-2.2721,-1.1435,-1.1761,-0.79024,-0.60814,-0.17533,-0.19108,0.66535,2.2541,0.92883,2.0398,1.7964,2.0353,2.0452,1.2718,0.68725,-0.44482,0.33636,0.089742,-0.14676,1.2778,1.0298,0.19985,0.47486,0.019647,-0.47076,-1.1663,-1.8932,-1.2781,-0.66282,-0.37243,0.19035,0.33997,0.23061,0.31626,0.11042,-0.94783,-0.7341,-0.93895,-0.63862,-1.5116,-1.0885,-1.316,-0.815,-0.78051,-0.99412,-0.81888,-1.0713,-0.72492,-1.0256,-0.84507,-0.43296,-1.2931,-0.43264,-0.50901,0.17483,0.22274,0.68061,0.58235,0.23405,0.075408,-0.32332,-1.1738,-1.5146,-1.3196,-1.5795,-1.7112,-1.8668,-0.71334,-0.26819,0.96294,0.98024,1.1887,1.0678,1.4286,1.1889,1.4215,1.2591,0.92217,1.7291,1.5842,0.55599,1.2704,-0.056176,-0.58764,0.13477,-0.15397,-0.7264,-0.55121,-0.52775,0.41721,-0.84099,-1.0703,-1.1206,-1.1225,-1.2319,-0.52375,-0.50479,-0.011881,-1.0711,-0.57697,-0.43226,-1.1294,-0.82938,-1.6032,-1.7964,-1.7811,-2.5147,-1.9735,-0.91102,-1.0517,-0.85821,-1.1325,-0.63159,0.067138,0.018638,-0.29625,0.10573,0.13202,0.17163,-0.68798,-0.51984,-0.6757,-0.017761,0.26964,0.54207,-0.018828,0.55535,-0.49938,-0.77953,-0.30139,-0.9381,0.28046,0.57155,0.81037,1.0591,1.0585,0.69796,0.59032,0.32312,0.64101,-0.20002,-1.0412,0.68441,-0.058842,-0.2368,0.20986,0.073741,-0.17817,-0.15549,-0.13913,0.13931,0.28931,-0.44375,-0.49055,-0.2801,0.23847,-0.53848,-0.81644,-0.75216,-0.78095,-0.57577,-1.4008,-1.171,-0.85389,-0.89885,-1.4458,-1.5269,-1.3231,-1.0096,-0.60461,-0.44497,-0.072535,0.13984,-0.46563,-0.0068258,0.3469,0.99214,0.83828,-0.35863,-0.1712,0.30678,1.1339,-0.36621,-0.45504,-0.8649,-0.077578,-0.70599,-0.11015,-1.3025,-0.82421,-1.9831,-1.7697,-1.8435,-1.0679,-1.0313,-0.037939,-0.47941,-0.44726,-0.26818,-0.3872,-0.64896,0.1881,-0.087916,0.030462,-0.32153,-0.24755,-0.50044,-0.52443,-0.57207,-0.74565,-1.5527,-1.2539,1.0492,0.60561,0.51764,1.7775,0.83076,1.7992,1.2314,1.3329,1.1726,0.79766,0.63903,0.5294,0.33313,0.083929,0.7247,-0.14698,0.372,0.16281,-0.19238,-0.15384,0.57323,0.037339,0.44531,0.11203,0.30674,0.22223,-0.3207,-0.49768,-0.99628,-1.5609,-1.1243,-1.4767,-0.99304,-1.0783,-0.66661,-0.60419,-0.56397,-0.26089,0.30864,-0.19235,-0.74792,-0.67449,-1.0242,-0.55247,0.69321,0.62897,-0.2069,0.65694,0.99697,1.6441,0.67341,0.37724,0.11927,0.32429,1.0128,0.98993,1.402,1.4745,1.0082,1.4628,0.68761,0.11308,0.18934,-0.92332,-1.5088,-1.9117,-1.658,-2.3513,-2.1801,-1.9619,-1.2449,-1.5987,-1.2186,-1.5908,-0.43835,-0.16338,-0.19678,0.95932,-0.015074,-0.24634,-0.059962,-0.71258,0.20528,0.46035,0.47913,-0.075575,0.34051,1.1671,0.59642,0.6072,0.61,0.75438,0.19133,-0.93504,-0.74393,-1.2268,-0.64948,-0.68451,-0.82868,-0.54659,0.40574,0.7986,0.2873,0.48597,2.0235,2.0828,1.9203,1.0888,0.71688,0.43679,0.4784,-0.41621,-0.84803,-0.73134,-0.35913,-1.0754,-0.68767,-0.82612,0.76418,-0.42534,-0.50145,0.023957,0.19238,0.1455,-0.16422,-0.00029067,0.20694,0.3898,0.71314,0.30389,1.3086,1.7106,1.629,1.5071,1.3167,0.79541,-0.12368,-0.3195,-0.92627,-0.88642,-1.3958,-1.5368,-2.3189,-1.9847,-1.4861,-1.5674,-1.8852,-2.0767,-1.3728,-2.1402,-1.6904,-1.3612,-0.60686,0.26477,0.74981,0.12697,0.36203,0.94926,1.2379,0.52029,0.50764,0.49157,0.71353,1.0264,0.58818,0.51588,1.1834,0.93585,0.97412,0.48939,0.41989,1.425,1.2249,0.5619,-0.96052,0.23146,0.22809,0.56754,0.91469,0.94778,1.2042,1.8955,0.75271,0.30251,0.66729,0.70623,0.43092,0.75343,0.85287,0.6867,0.79308,0.81522,0.66195,0.50495,0.71513,0.37272,0.66056,0.76997,0.88526,0.70972,1.0364,1.1387,0.88846,0.63896,0.99887,0.13173,0.93949,0.84848,0.65093,-0.040363,0.29838,-1.0015,-0.46357,-0.42053,0.12453,0.34639,0.010202,-0.15529,0.73444,0.64169,0.5318,0.53261,0.53138,0.19746,0.64609,-0.085071,-0.72324,-0.25937,0.59103,-0.51894,-0.58643,0.21694,-0.44656,0.26592,-0.15353,-0.46257,-0.14213,0.18297,-0.77373,-0.49426,-0.9361,-0.80019,-0.34232,0.017132,0.22763,-0.17505,-0.43776,0.16473,-0.067983,0.32565,0.35457,-0.058666,0.48482,0.83986,0.6548,-0.10847,-0.062626,0.086297,0.49269,-0.09297,0.44708,0.57521,1.1811,0.024084,0.031254,1.0163,0.029331,-0.01869,-0.32949,0.34135,-0.040146,0.86272,0.32361,0.1246,0.0088882,0.18113,0.083296,-0.29221,-1.0624,-0.77349,-0.16721,-0.50673,-0.81428,0.025276,0.28506,0.87561,0.36355,-0.15071,-0.91525,-0.48306,0.034019,-0.94518,-0.57113,-0.48142,0.27375,0.094734,0.60765,1.1241,0.93598,1.4958,1.376,1.2728,0.84801,0.34341,-0.10123,-0.80232,-0.89787,-0.34854,-0.087431,-0.088326,-0.14039,0.63271,0.46293,0.73103,0.53944,0.15971,0.18936,0.1866,0.019784,0.22045,0.31891,0.86631,0.57214,-0.034752,-0.14798,-0.36773,0.18687,0.55653,0.82224,0.18184,0.5057,-0.23337,-0.45279,0.89555,0.17985,0.049214,0.69008,0.020844,-0.34991,0.013002,-0.1807,-0.70351,-1.4394,-1.498,-1.5249,-1.0166,-1.5282,-0.82157,-0.88346,-0.68843,-0.54509,-0.67941,0.3129,-0.0086632,0.17961,0.19531,0.49643,0.42947,1.425,0.63539,0.40426,0.8735,0.1056,-0.63401,-0.18144,-0.84292,-1.47,-2.4539,-1.5969,-0.073714,0.21563,0.59858,1.5048,1.8836,1.5166,2.1186,1.8034,1.7502,1.1587,1.0869,1.2241,0.93464,1.1243,2.2517,1.4552,1.8137,1.588,1.5387,1.8319,1.2624,1.2073,0.76181,0.64231,-0.079558,-0.41041,-1.1946,-1.1558,-1.3589,-1.0208,-1.1286,-1.0491,-0.97802,-1.0801,0.089864,-0.71538,-0.89369,0.079611,-0.18223,0.29889,1.0551,0.4516,1.2792,1.6208,1.6379,1.7628,1.5826,1.1843,1.6442,1.4965,0.45765,-0.16139,-0.39681,0.095966,-1.7754,-1.5456,-1.0873,-0.90677,-0.63497,-1.2559,-1.8214,-1.0576,-1.1926,-0.4472,-1.7013,-1.5655,-1.6697,-1.3029,-1.2905,-0.90052,-1.8288,-1.2903,-0.89357,-0.18078,-0.57932,0.00086644,-0.44626,-0.07002,-0.47051,-0.3546,-1.0841,-0.80851,-0.3128,0.86422,1.427,1.0368,1.0116,1.4139,1.1713,0.056593,-1.383,-1.3414,-1.2337,-1.8102,-1.4919,-1.2498,-1.0994,-0.090493,-0.56432,-0.47935,-0.1297,-0.13198,0.74096,1.0024,0.55345,0.67761,1.1986,0.86185,0.63668,0.57088,-0.11648,0.15958,-0.2978,-0.4219,-0.3716,-0.32639,-0.95689,-1.0869,-0.37685,0.31784,-0.010675,0.30945,0.42452,0.82646,0.2101,0.29509,-0.63408,-0.21551,0.28327,1.1891,0.47859,1.1537,0.96175,1.1581,0.46763,-0.42854,-0.20379,-1.1098,-0.89159,-1.1715,-1.3494,-0.70452,-1.0209,-0.5565,-0.4446,-0.94186,-0.34912,-0.473,-0.97018,-0.17943,-0.26544,0.2205,-0.94439,-0.5701,-1.4804,-1.8846,-2.5532,-1.9681,-2.1183,-1.56,-1.6455,-1.768,-1.1286,-1.2336,-0.96977,0.70819,0.92933,1.0079,1.1681,0.26884,0.96811,0.83283,0.70513,0.98463,1.7416,0.53273,0.39442,-0.023964,0.23158,0.90804,0.13336,0.79439,0.60355,0.34099,0.1971,-0.28247,-1.2911,-1.2119,-1.6296,-0.975,-0.50382,-0.22944,-0.52952,0.17362,0.74215,-0.39111,0.21222,0.050666,0.020639,0.32411,0.19543,1.0999,1.1671,1.1699,1.9356,1.3611,2.779,1.9115,1.9255,1.8198,1.1379,1.2992,0.56011,1.1503,0.96437,0.44537,0.41759,0.57411,-0.088895,0.10532,0.43987,0.8734,0.52622,0.22783,0.24785,0.34859,0.23642,0.84524,0.2692,-0.37173,0.81863,0.32147,0.1877,0.44698,0.90846,0.55379,0.26378,0.0052207,-0.71309,0.51178,-0.49351,-0.39186,-0.74147,-0.099337,0.71636,1.0632,0.26525,0.63049,0.074412,0.22324,0.10229,-0.64066,0.5901,0.67292,0.97703,1.9551,2.0788,1.8845,2.1608,2.0748,2.0395,1.8924,1.5363,0.95074,0.47994,-0.41514,-0.94399,-1.6158,-2.0085,-1.6865,-1.7693,-1.2877,-1.6645,-1.1596,-1.1985,-0.88698,0.026402,-0.17402,0.18213,-0.19495,0.22027,-0.11123,0.33614,0.33973,0.25777,0.31535,-0.32568,-1.1198,-1.2813,-2.0652,-0.98465,-1.2907,-0.60657,-0.43979,-0.66623,-0.12331,0.29649,0.59248,0.21297,0.82336,0.78386,0.62625,0.80117,-0.11638,-0.30413,-0.69395,-0.24808,-0.88454,-0.67524,-0.77447,-0.62661,0.27632,0.8635,0.55129,0.52973,0.69338,0.57264,-0.028852,0.20823,1.1125,0.69539,0.80416,0.50343,1.3443,1.5667,0.22471,0.17977,0.14519,0.23113,0.52567,0.74534,0.91862,0.99502,0.81325,0.35491,-0.2992,0.1,-0.15684,-0.38024,0.080239,-0.096904,0.50695,0.27291,0.33308,0.44617,-0.041775,0.29627,0.76969,0.50207,0.22224,0.35472,0.026036,-0.11386,-0.32525,-0.70889,-0.78663,-0.96769,-0.22632,-0.29681,-0.044943,-0.83835,-1.0164,-1.5985,-2.0625,-2.1508,-1.8753,-1.6541,-1.2795,-0.43803,0.1042,0.33717,0.59573,0.37967,0.78477,0.34626,0.51814,0.62413,0.96204,0.72933,0.26883,0.33361,-0.30995,-0.56558,-1.205
0.12876,0.43129,0.94779,0.82497,0.98243,0.78305,0.80932,1.0283,1.2667,1.1597,1.0063,0.71966,0.67247,0.46546,0.65443,0.012451,-0.88129,-0.53626,-0.50235,-0.67011,-1.0568,-0.80529,-0.85767,-0.36391,0.23542,-0.099856,0.30123,0.43695,0.34056,-0.22078,-0.33319,-1.0373,-0.82964,-0.64232,-0.56655,-0.39658,-0.062076,0.57897,0.54481,0.75339,0.53955,0.25341,-0.18829,0.31731,-0.89407,-1.334,-1.8432,-1.6498,-1.3234,-1.1452,-0.64859,-0.82382,-0.8386,-0.82411,-1.0109,-0.89915,-0.39936,-0.33312,-0.57448,-0.55111,-0.99751,-1.0296,-1.369,-2.1172,-1.9303,-1.5002,-0.79357,-1.1181,-1.6447,-1.2885,-1.1518,-1.0325,-0.59201,-1.1273,-0.39453,-0.31486,-0.90535,-0.27969,-0.92658,-0.94701,-1.0194,-0.56215,-0.29398,-0.47385,0.17641,0.76053,1.0255,0.82733,0.905,1.0204,0.67749,0.74753,-0.3098,-0.87889,-0.78545,-0.69128,-0.677,-0.041127,-0.31438,0.58806,0.61345,-0.081476,-0.9918,-0.67676,0.46173,0.71861,0.2433,1.1368,1.0805,1.8717,0.98775,0.51441,0.73749,1.1771,1.0682,1.0097,1.339,0.82609,0.83076,1.1654,1.6278,0.9549,0.97724,1.2056,1.233,0.8723,1.0207,1.6404,1.6855,1.1511,1.0199,1.0036,0.86009,1.611,1.8162,1.5253,1.2392,1.383,-0.0040906,0.73198,1.038,1.5856,2.2878,2.3951,3.393,3.7085,3.5793,3.1693,3.5861,2.8547,3.3451,2.3744,2.7881,2.7059,2.3587,2.1569,2.3436,2.6486,1.963,1.5875,1.4914,0.84956,1.6214,0.51307,0.55812,-0.13913,0.58986,0.99982,1.4735,1.4933,2.0201,1.5952,2.0936,1.6298,1.4582,0.84124,0.10111,1.2136,1.3865,1.8222,2.0182,1.3998,0.93287,0.22634,0.19164,-0.64603,-0.20792,0.35432,-0.15234,-0.9291,-0.098926,-0.48907,0.063058,-0.22421,-0.48971,-0.7028,-0.6439,-1.1,-2.5805,-2.7818,-2.5484,-2.406,-3.4282,-3.0328,-2.609,-2.1616,-2.8135,-3.2788,-2.0757,-1.7086,-1.4693,-1.1714,-0.98394,-0.42106,-0.20782,0.66887,0.80975,0.86143,0.78946,0.76418,0.93329,0.29161,-0.57144,-0.53349,-1.4547,-2.1422,-2.4553,-1.5177,-1.1566,-1.1095,-0.75546,-0.039104,-0.076989,-0.31332,-1.0818,-0.16476,-0.24009,-1.4599,-2.1906,-1.3959,-0.97806,-1.0776,-2.2308,-0.36186,-0.6051,-1.0224,-0.95682,-0.38897,-0.71141,-0.63984,-1.5625,-1.3401,-1.8485,-2.5899,-2.2586,-1.5686,-2.4919,-2.3843,-2.4633,-1.4258,-2.5602,-2.2613,-1.0521,-0.29709,0.34248,0.38688,0.74634,1.2617,0.99706,0.98971,0.70778,0.74389,0.88805,1.0778,2.29,2.1931,1.9924,1.9862,1.1052,0.90734,-0.05374,-0.024069,0.50391,0.33115,0.1998,1.0861,1.6586,1.9507,1.9648,2.3432,2.1067,1.9592,1.5184,0.9602,-0.98369,-1.4992,-1.9302,-0.79975,-0.55849,-0.65091,-0.58197,-0.62603,-0.61156,-0.43733,-0.96387,-1.1387,-0.64678,-0.38466,-0.92583,-0.92513,-0.80017,-1.26,-0.96094,-0.69188,-0.20258,0.85795,0.74483,0.78682,0.090277,-0.68023,-1.3776,-1.1196,-1.1328,-1.5099,-1.3791,-0.50086,-0.58487,-1.0713,-0.27471,0.9581,0.90012,1.1379,1.2822,1.7659,1.3442,1.0454,0.37997,-0.06294,-0.81797,-1.1258,-0.89495,-1.0204,-0.60334,-0.97465,-0.87343,-0.30595,-0.15535,0.23847,0.244,1.3427,2.4827,2.815,2.8124,2.3332,1.9919,1.2555,-0.03805,-0.26625,-0.37169,-0.384,-0.81718,-0.42445,-0.26794,-0.18696,0.015676,-0.11521,-0.11005,0.35357,-0.74835,-1.728,-1.476,-1.4766,-0.55015,-0.3561,0.82099,1.4763,0.8119,1.0372,0.23286,0.10396,-1.0876,-1.6251,-1.8771,-2.1671,-2.3888,-2.2093,-1.4568,-1.0508,-0.30593,0.19741,0.52828,0.7977,1.397,1.5923,1.8686,1.882,2.1214,1.9496,1.949,0.82645,0.48819,-0.68426,-1.1432,-1.5451,-0.86789,-1.4086,-1.1859,-0.47446,-0.52977,0.25926,1.0126,0.76285,0.27306,0.73234,0.60316,0.056438,0.30846,0.13118,0.11961,0.088627,-0.78748,-0.21906,-1.1801,-1.1052,-1.0919,-1.0636,-1.4407,-1.6187,-1.4639,-2.0265,-0.94297,-1.4222,-0.4465,-0.17357,1.1168,0.76539,1.5142,1.9036,1.3064,0.29113,-0.049808,-0.35495,-0.60899,-1.1825,-0.87289,-0.008027,0.34157,0.61928,0.37929,0.52185,0.34972,-0.82447,-0.87279,-1.109,-1.1205,-1.5905,-1.0687,-0.66957,-0.48263,0.0048467,0.22477,0.5714,1.2962,1.3951,1.868,1.7272,2.0738,2.4324,2.2561,2.2863,0.80548,0.39677,-0.013641,-0.17529,-0.72957,-1.0093,-1.1576,-1.1928,-0.94605,-1.0444,-0.24091,0.075925,0.74564,0.31673,0.81232,1.3162,1.0906,1.3211,0.47157,-0.45746,-0.95165,-1.2991,-2.0089,-1.2404,-1.3372,-0.87052,-0.45943,-0.22649,-0.38029,-0.0632,0.61295,1.4904,1.6436,1.4787,1.1354,1.4249,0.99087,0.36057,-0.66282,-1.2872,-0.6549,-0.92285,-1.4903,-1.7786,-0.42501,0.85554,1.1722,1.181,1.3611,0.92692,0.49906,-0.0074608,-1.3409,-1.0089,-0.75319,-0.5951,-0.38376,0.068143,-0.20215,0.40418,-0.49132,-0.40019,-0.20502,-0.00082692,-0.10092,0.18263,0.85653,0.1256,-0.454,-0.53178,-0.28414,0.41501,0.52921,0.86216,0.32678,0.14989,0.15018,-0.73856,-1.8291,-1.7247,-1.2797,-1.7382,-1.4691,-0.82889,1.0187,1.2389,1.077,0.082277,0.86432,0.78912,1.378,0.74956,1.7042,1.8225,2.6574,1.2589,1.1396,0.48802,-0.0025594,-0.54219,-1.347,-1.1116,-0.53523,-0.13444,0.14271,0.94309,0.92498,0.60678,0.29305,0.47412,-0.2689,-0.078335,-0.022086,-0.067448,0.052386,0.12444,0.36474,-0.49355,-0.64705,-0.97632,-1.3891,-1.6431,-1.6709,-0.91706,-1.2281,-0.47435,-1.0258,-1.018,-0.61059,-1.0726,-1.7542,-1.7522,-1.5146,-1.4946,-1.255,-1.6139,-1.355,-0.97074,-0.70667,-0.81597,-0.44409,0.59468,0.44473,0.81155,1.2914,2.052,2.2434,-1.6574,-0.45062,-0.54693,-0.66075,-0.70923,-0.39854,0.29239,0.088791,-0.33911,-0.34946,-1.4302,-1.2237,-1.0751,-1.2643,-1.447,-1.0575,-0.96427,-0.85748,-0.82288,-1.2131,-1.3634,-0.57543,-0.38447,-0.36828,-0.48915,0.50121,1.1967,1.2108,2.0615,2.2502,2.6439,3.0156,2.5614,1.6149,0.55954,0.13622,-1.1917,-1.3936,-1.5249,-1.4811,-0.63586,0.23582,0.68862,0.67317,1.1771,1.6853,1.9185,1.3016,1.0693,0.66124,1.0815,0.82256,0.93935,0.46994,1.9831,2.2349,1.6651,1.02,0.63065,0.30868,-0.14325,-0.84229,-1.4837,-2.1078,-2.1051,-2.3519,-2.0062,-0.6761,-0.34974,-0.52456,0.38491,0.85509,0.79997,1.5568,1.2285,1.6305,1.7298,1.529,0.7257,0.21302,-0.74177,-0.84014,-1.0342,-1.8011,-2.1155,-0.72281,-0.85571,-0.76461,-0.83012,-0.64711,-0.98407,-0.94714,-1.3978,-1.6412,-1.6673,-2.4241,-3.2583,-3.3721,-3.1367,-3.2004,-3.2759,-2.3627,-2.6177,-2.2825,-1.9693,-2.9319,-2.8646,-2.6051,-2.2155,-1.5378,-2.8725,-1.5127,-0.70647,-0.56544,-0.5603,-0.78553,-0.74655,-0.74208,-0.61523,0.027155,0.47536,1.8372,2.1487,2.3021,2.5787,3.0216,2.9665,3.2426,3.0213,2.6115,2.3525,1.7834,0.80384,-0.055465,-0.6237,-1.0437,-1.7233,-1.8551,-2.2503,-1.6831,-0.97532,-0.61397,-0.67494,-0.754,0.039617,-0.081387,-0.47195,-1.8898,-2.1191,-1.9526,-1.9235,-2.6636,-2.5003,-1.7217,-2.2474,-1.2976,-1.8135,-0.65758,0.19817,-0.015887,-0.6141,0.78829,0.52826,1.5347,1.5861,1.025,1.4523,1.2245,0.34633,-0.94762,-1.1904,-1.2253,-1.9501,-2.3278,-2.4687,-1.6186,-1.8098,-2.725,-2.0179,-1.3687,-0.10831,1.3914,1.6286,2.1245,2.4773,2.7558,3.429,3.1755,3.3483,2.3479,0.84369,-1.0252,-1.1936,-1.5378,-1.5747,-1.0572,-1.5183,-0.93306,-0.43484,-0.71084,0.17978,0.11092,0.70084,0.8131,0.26568,-0.53188,-0.64516,-0.94212,-0.5124,-0.50355,-0.43304,0.097831,1.2307,1.4352,1.5384,1.7481,1.5613,1.9616,1.912,1.8467,1.4111,1.1904,0.99501,0.71801,-0.39424,-0.65486,-0.76467,-0.68736,-1.5476,-1.37,-0.4456,-0.55596,-0.19742,-0.95693,-0.095495,-0.13439,-0.78422,-1.4729,-1.6139,-0.58814,-0.75007,-1.0996,-0.74936,0.48578,1.7283,1.6005,0.96035,0.29839,0.5392,0.57093,-0.075651,-0.19197,0.24694,0.84863,1.2442,1.0225,1.7687,1.7561,1.3069,0.45374,0.50109,-1.2041,-2.0403,-2.509,-1.6028,-1.2407,-1.344,-1.9503,-1.1406,-1.0303,-0.74143,-0.95605,-1.3814,-1.3359,-0.33795,-0.50564,-0.63381,-0.60427,-0.35824,1.5341,1.8151,2.5172,2.4735,2.653,2.9016,2.03,0.70806,0.0063718,-0.55187,-1.1866,-1.7307,-1.7662,-0.90756,-2.1341,-1.2544,-0.95216,0.0052033,1.1135,1.7145,1.8299,2.2533,2.7597,2.9452,3.4934,3.4575,3.1519,2.8911,2.0258,-0.39715,-1.0071,-1.6645,-2.1558,-2.2387,-2.3462,-1.8025,-1.1735,-1.7021,-1.5637,-1.7851,-1.1013,-1.3713,-1.5276,-1.6602,-2.0851,-0.43402,0.092518,-0.33181,0.592,2.4503,2.8581,2.81,1.8902,1.0991,-0.35374,-0.29544,-1.2395,-1.4649,-1.6705,-1.9301,-2.2019,-2.2794,-2.35,-1.6686,-0.65124,-1.057,0.33587,1.1796,1.2314,1.8007,0.68129,0.2626,-0.4584,-1.2984,-1.5206,-1.8297,-1.1503,-0.62906,-0.11609,-0.07672,0.72858,0.48321,-0.14989,-0.46574,-1.2593,-0.59408,-0.74775,-1.9492,-1.2692,-0.60502,0.10443,0.26328,-0.63337,-0.38267,0.0068008,1.098,0.83446,0.88935,1.0975,1.5111,1.4988,0.91545,0.38909,0.077205,-0.71684,-1.7553,-1.6921,-1.1274,-0.98196,-0.91588,-1.5476,-0.91833,-0.49571,-0.66485,-1.0653,-1.2297,-0.42437,-0.91354,-0.070993,-0.49234,-0.042927,1.1795,1.9456,1.6877,1.6385,2.1419,2.2995,2.0507,1.8308,1.3621,1.0916,0.25134,-0.87363,-1.5317,-1.1666,-1.6647,-1.3667,-2.2718,-2.4373,-1.8853,-2.1424,-1.7257,-2.6396,-2.5616,-1.7036,-0.28746,1.1103,1.387,1.3971,1.9017,2.0565,2.8293,1.9259,1.6732,0.96758,-0.78315,-2.2337,-2.1932,-2.2385,-2.4496,-2.6316,-2.0598,-0.83981,-0.9864,-1.1717,-1.1038,-0.92688,-0.19817,-0.35905,-1.3602,-0.50188,0.11558,0.50978,1.1383,0.62391,1.4335,1.7365,2.2813,2.2462,2.3786,2.6812,2.5622,2.21,1.8814,0.65994,-0.19866,-0.72954,-1.5543,-2.677,-2.6654,-2.6182,-1.8225,-1.792,-1.3252,-0.97557,-0.05187,1.1413,0.59371,0.56461,0.44926,1.7484,1.1288,0.84572,-0.052674,0.012062,0.092817,-0.090597,-0.48829,-1.0726,-0.31766,0.63635,0.72231,0.10696,1.2504,2.0106,1.9234,2.0206,2.6113,2.8772,2.6216,2.492,2.2304,1.9434,1.6496,0.72271,0.27142,-0.15783,-0.76687,-1.1666,-0.7806,-0.72449,-1.4506,-1.3034,-1.6731,-1.6331,-0.93251,-0.6109,-0.96822,-0.72157,0.11566,0.59082,0.48496,0.28361,-0.11577,0.29331,-0.226,-0.66588,-0.4718,-0.11164,0.75344,0.77454,0.67002,1.0494,0.9679,1.2754,1.487,0.85189,1.4292,0.94265,1.2809,1.283,0.89803,0.66933,0.93727,1.3771,1.6873,1.5698,1.3392,0.74698,0.13788,0.41896,0.22316,-0.54492,-0.71325,-0.26218,0.087542,0.34096,-0.1103,-0.65876,-0.79038,-0.49327,-1.0076,-1.1614,-1.3633,-1.1125,-0.080995,0.67231,0.31842,0.28647,0.52736,1.6069,2.2526,2.0054,1.943,1.8856,2.2693,2.5278,1.5498,1.6183
-0.15674,-0.68746,-0.48974,-0.34962,-0.47343,-0.64974,-1.2537,-0.86331,0.01033,-1.129,-1.1132,0.96896,0.85235,-0.56925,-0.80441,1.1088,0.48733,-0.69092,-1.311,-0.11939,-0.53082,-1.474,-2.2481,0.076007,-0.40147,-1.6301,-2.3447,-0.41777,-0.61847,-2.3484,-2.5815,-0.17496,-0.18988,-2.1383,-1.231,-0.18033,-0.85354,-2.294,-2.4309,-0.59064,-1.4581,-3.5922,-1.7916,-1.1447,-2.0193,-1.9992,-3.2429,-1.0869,-1.8286,-2.5342,-3.7204,-0.99917,-1.216,-1.9153,-1.2385,-1.0561,-1.2275,-2.4876,-2.0792,-2.101,-1.3323,-1.8062,-2.1094,-1.7814,-0.89115,-0.66596,-0.52609,-1.5263,-1.8734,-0.78033,-0.78656,-1.3773,-1.7227,-0.20246,-0.72367,-0.91165,-1.1128,-0.28102,-0.42922,-0.91726,-2.0551,-0.87242,-0.69364,-1.0368,-1.3004,-0.98029,-1.3094,-0.68026,-1.3333,-0.77767,-1.6264,-1.2899,-1.047,-0.71628,-0.7936,-1.327,-1.2957,-0.81551,-1.1279,-1.374,-1.3811,-1.3176,-2.0584,-0.36112,-1.4286,-1.7834,-1.0874,-1.2875,-0.93412,-0.58332,-0.53838,-0.67909,-0.71816,-0.64755,-0.94139,-1.3913,-1.0778,-0.9054,-1.0348,-0.68616,-0.54538,-0.46234,-1.0076,-0.55296,0.18341,-0.50777,-0.13952,-0.55157,-0.74094,-1.8012,-1.3884,-1.3072,-1.6133,-0.2574,-0.85464,-0.867,-0.50664,-0.46155,-0.59274,-1.2969,-0.70221,-1.449,-0.7094,-0.49868,-0.57359,0.079672,0.89026,0.75957,0.096344,0.19914,-0.47703,-0.6765,-0.71837,-0.30651,-0.30005,-0.25927,-0.46266,-0.14834,-0.50831,0.3766,-0.32744,0.041324,0.26582,0.25818,0.77894,-0.11926,-0.058124,0.20046,0.47932,-0.44941,0.0701,-0.25082,0.050783,0.42529,-0.15775,-0.22916,-0.4239,-0.42195,-0.59268,-1.1871,-0.41675,-0.77989,-0.66462,-1.1261,-1.0489,-1.09,-1.2847,-0.5176,-0.57003,-0.76204,-0.13596,-0.83421,-1.0799,-0.44481,-1.4042,-0.2814,-0.72554,-0.86751,-0.26757,-2.2744,-1.6325,-1.2134,-0.93604,-1.4684,-1.1129,-1.6396,-0.6451,-0.83689,-0.46885,-1.1341,-0.038786,0.51565,-0.044421,-1.1393,-1.0644,-1.1215,-1.7868,-2.135,-1.8983,-2.5258,-1.808,-0.82043,-1.898,-0.77698,-0.73044,-0.34519,-0.41816,-1.1505,-0.75265,-1.2193,-1.2103,-1.8178,-1.7705,-1.4548,-1.5114,-1.2499,-1.603,-1.046,0.049297,-0.91929,-0.76747,-0.98827,-1.4399,-0.87269,-0.89993,0.041238,-1.8679,-1.5744,-1.6646,-1.0219,-1.7308,-1.3647,-1.6415,-2.4168,-2.3765,-2.3552,-2.1243,-2.4005,-2.2968,-1.6313,-0.30429,-2.3705,-0.9785,-0.35716,-1.4384,-0.51385,0.10501,0.03418,-0.93839,-0.73941,-0.88255,-0.80897,-1.2656,-1.1057,-0.73869,-0.19296,0.25286,0.58501,0.20776,0.2496,-0.20249,0.049065,0.14486,0.6201,0.61888,0.29549,-0.033684,-0.26325,-0.30205,-0.25607,0.64147,0.58164,0.46617,-0.38043,-0.52785,-0.77556,-0.78824,-1.5861,-1.5038,-1.3284,-1.9891,-1.6193,-1.4352,-0.992,-0.57356,0.1964,0.34987,1.0224,1.0249,0.54437,1.3295,0.60217,-0.45314,0.64997,0.2983,1.4569,-0.09203,0.80329,2.3058,1.255,1.5978,1.9818,0.88759,1.1493,1.559,1.9287,1.1076,1.6729,1.2731,1.5464,0.51077,1.3922,0.63124,0.13187,0.99196,0.93066,0.74161,0.61982,-0.75814,0.66202,0.25889,0.59442,1.1844,1.0003,0.39484,1.3708,1.4683,1.0666,0.85221,0.39166,0.75504,0.18262,0.78052,1.2783,0.76443,0.84149,1.7749,0.90342,0.35526,0.80682,-0.46015,-0.49563,0.3134,1.085,1.5298,1.8509,1.3819,1.566,1.6357,1.1746,-0.41675,0.40812,0.89454,-0.14111,0.055373,-0.46233,0.31944,0.65212,1.0554,1.6272,1.4453,1.4711,0.92555,1.7152,1.2211,1.2299,0.90982,0.90081,1.6968,1.8221,2.3125,1.3926,2.2616,0.94239,0.77924,0.3331,-0.23044,0.41435,0.092285,0.078862,0.1857,0.15573,-0.32292,0.27521,-0.49577,-0.21037,0.064701,-0.30729,0.1094,1.2321,0.60914,1.0086,1.0358,1.74,0.94367,0.5375,0.52358,1.01,-0.4715,-0.261,-0.44066,-0.050137,-0.39048,-0.16782,-0.33844,0.38683,1.0177,1.1452,1.3971,1.1572,1.005,0.12239,-0.10011,0.85481,0.63401,0.9194,0.57064,1.6618,1.0036,0.55761,0.66641,0.32186,0.81861,-0.0010766,0.61234,0.96454,1.1434,0.92834,1.5006,2.0555,1.8375,1.3363,1.583,2.1167,1.4707,1.9322,1.8426,1.7785,2.935,2.1428,1.8678,1.6334,1.2707,0.96244,0.82558,0.94367,0.28956,0.38318,0.62003,0.46937,0.61374,0.9611,1.1402,0.5621,0.4077,-0.42217,-0.236,-0.070757,-0.4646,-0.10874,-0.34577,-0.51003,-0.069707,-0.39249,-0.36938,-1.4831,-1.1141,0.88483,0.73022,0.85057,0.82505,0.61262,1.2309,1.185,1.4448,1.7162,1.5842,1.4019,1.1621,1.2852,1.353,1.079,1.4755,1.1385,1.3457,0.98608,1.3359,1.4353,1.4585,1.2987,0.72183,0.87903,1.7941,0.38391,1.2525,0.65846,1.0993,0.57732,0.11329,0.99793,0.57537,0.017592,-0.57832,-0.67883,-0.51594,-0.39094,-1.304,-0.97538,-0.93277,-0.76681,-0.74034,-0.60919,-0.085964,0.083184,-0.090844,-0.36432,-0.92232,-0.69008,-0.40367,-0.26641,-0.13905,-0.33222,-0.73654,-1.4293,-1.0625,-0.98047,-0.99679,1.0771,1.0896,1.2756,1.6477,2.2168,2.3624,1.3269,1.6048,1.4952,1.0719,2.163,1.1378,0.022174,-0.75508,-0.57671,0.18111,0.16816,0.16687,-0.16858,1.1984,1.8062,1.3501,1.9837,2.2032,2.266,2.2736,1.5943,2.6014,2.2073,1.7627,2.2905,1.3808,1.1335,0.34229,1.2799,0.87418,0.30721,0.91081,0.33782,0.16556,-0.2222,-0.19085,-0.48286,-0.66098,-0.44721,-0.83539,-1.047,-0.7836,-0.60204,-0.40203,-0.1329,0.35338,0.82409,0.35377,0.49905,0.80881,1.0298,1.0496,0.052255,-0.059356,0.19257,-0.09305,0.032111,0.16392,0.14353,-0.58689,-0.0013944,-0.16371,-0.38129,-0.4053,-0.4987,0.25631,0.05892,0.5981,0.44521,0.90994,0.57015,0.59373,0.63786,0.86281,0.83256,0.89555,0.79581,1.0882,1.0048,1.1634,1.4057,1.3551,2.0539,2.1531,1.9932,2.0956,2.2839,2.4376,2.2201,2.561,2.2828,2.1681,1.6007,0.95232,1.6464,1.8879,2.0214,2.1134,2.4845,2.3149,2.3649,1.8933,2.0448,2.3137,2.12,2.6571,2.3732,2.7314,2.4684,2.8131,3.148,2.9425,2.1015,2.0921,1.2365,2.1413,2.443,1.9398,2.2354,1.2745,1.5499,2.2433,1.5396,1.9509,1.7229,1.471,1.2921,0.85934,1.2048,0.60506,1.0867,1.1657,0.41643,0.40089,0.16041,0.20209,0.76814,0.97733,0.13139,0.82038,1.0043,0.61966,0.74468,0.57088,0.73702,0.30248,0.082876,0.034198,0.33544,0.5118,0.80603,0.10035,0.49883,0.30996,0.15211,0.41751,-0.0071794,0.1505,-0.124,0.2866,0.87419,-0.22432,-0.75649,-0.65147,0.27642,0.48664,0.044352,0.52982,-0.62089,-0.18795,-0.69922,-0.90933,-0.37582,-0.0084238,0.32195,1.1444,1.2563,1.6697,2.1756,1.7573,1.123,1.1078,1.6177,1.3334,-0.024544,1.0005,0.52381,0.74898,0.81643,0.97662,1.3195,1.2463,1.014,0.42539,0.36461,0.045649,0.34032,-0.30627,-0.34503,-0.22383,-0.23586,0.11543,-0.32251,-0.39242,0.60769,0.90367,0.7506,0.25836,-0.043013,0.57174,0.80822,0.95839,1.0592,0.63936,1.1383,1.2643,0.75263,0.28881,1.1873,1.2036,1.5687,1.7291,2.4778,2.734,2.1859,1.7013,1.6273,0.80511,0.91528,1.1979,1.7934,1.2641,1.6948,1.2292,0.93841,1.4,1.9582,1.727,1.9251,1.9163,1.3572,0.72196,0.38948,-0.25723,0.49026,-0.93998,-0.041854,0.44168,0.50994,0.22117,0.83873,0.47846,0.042475,0.40199,0.63837,0.494,0.55201,-1.0541,-1.0791,-0.88606,-0.66446,-1.0385,-0.97469,-0.1907,0.75956,0.67683,1.247,1.4518,2.3376,1.7284,2.6549,1.644,1.7187,1.8804,0.99398,0.29685,1.0147,0.11419,0.6117,0.46631,0.13095,0.29089,0.15152,0.66043,0.40489,0.0054291,-0.19619,0.28858,-0.1373,-0.24831,-0.27799,-0.338,-0.50048,-0.98646,-1.0318,-1.0422,0.72425,-0.23766,-0.0012976,0.4811,1.05,1.2228,0.83435,-0.41712,0.47566,0.77018,0.74401,-0.62261,0.018256,0.014208,1.1806,0.29688,-0.16001,1.07,0.72616,0.9745,0.27446,-0.33648,0.63395,0.77573,0.12692,0.20164,1.5189,1.0147,0.40494,-0.031618,0.36159,-0.05132,-0.24713,-0.39741,0.37818,-0.089045,0.10367,-0.3835,0.32243,0.36546,0.11666,1.1136,0.32989,0.75569,0.82697,0.73785,-0.21304,-0.55048,-0.00075257,0.61838,0.54988,0.096222,0.62958,0.87359,0.68033,0.24726,0.51844,0.77073,0.51882,0.018395,-0.14145,0.53701,0.3389,0.26175,0.0644,-1.7993,-0.50945,0.34772,-0.24425,-0.098182,-0.35271,0.30389,0.34152,0.2038,0.018737,0.2353,0.50412,-0.48851,-0.79697,-0.35558,0.12266,-0.937,-0.46768,-0.18639,-0.12137,0.41374,0.29997,0.37691,-0.039657,0.77877,0.25381,0.90678,0.67276,0.75763,0.32008,0.37127,0.20207,0.1708,0.77448,0.57417,0.10308,0.015352,0.22109,-0.2991,0.1936,0.54665,-0.047772,0.15896,-0.65376,-1.1807,-2.7148,-1.0042,-0.67987,-1.1166,0.15089,-0.32715,0.72555,-0.41578,-0.17929,-0.7435,-0.61394,-0.66906,-0.32078,-1.3326,-0.52853,0.18909,0.53947,-0.12945,0.64231,1.0956,0.28247,-0.15359,-0.17916,-0.74019,-0.80461,0.32955,-0.1271,-0.89394,0.78718,-0.20102,-0.54425,0.011793,0.099217,-0.27556,-0.22544,-0.17637,-0.52444,0.017243,0.1788,-0.24644,-0.31196,-0.62964,-0.64682,-1.3175,-0.34599,-0.44522,0.35503,-0.37988,-0.16471,0.61507,0.027126,0.40871,-0.13703,0.35238,-0.52239,-0.16115,-0.62191,-0.71273,-0.83016,-0.41057,-0.90175,-0.7899,-0.19334,-0.70134,-0.37909,-0.43646,-0.61355,-0.3601,-0.81064,-0.51793,-0.24002,0.38356,0.70589,1.0112,0.99288,0.22738,0.020056,-0.34807,-0.35452,-0.39137,-0.20736,-0.20949,0.04895,-0.55378,-1.3689,-0.67379,-0.90068,0.14156,0.50269,0.16375,0.39218,0.5941,-0.0024701,1.2195,0.80252,0.636,-0.053017,0.1291,0.72509,0.74665,0.22654,0.79799,-0.0619,0.90406,-0.54184,0.16921,0.8442,0.1805,0.094954,-0.34006,-0.39238,0.26119,0.31749,0.39903,0.062103,0.33003,0.63291,0.29126,0.066364,-0.011143,-0.4739,-0.6228,-0.78209,-0.89471,-1.1596,-1.3464,-1.5979,-1.9882,-2.1314,-1.6527,-1.6312,-0.8592,-1.5875,-2.064,-1.7345,-1.279,-1.5349,-1.6251,-1.6177,-1.7087,-1.8633,-1.601,-2.2413,-1.9324,-2.0226,-1.2932,-2.0949,-1.718,-1.9149,-0.063249,-1.2754,-0.74695,-0.64145,-0.78907,0.068233,0.16253,-0.14009,-0.22071,-0.29661,-1.0751,-1.6858,-1.4565,-1.3114,-0.73252,-0.64982,-0.39405,-0.46372,-0.49319,-0.57219,-0.69865,-0.98748,-1.3251,-1.6769,-1.4422,-0.92677,-0.85333,-1.2307,-1.1166,-0.96361,-1.4188,-1.2999,-1.3106,-1.5011,-1.1355,-1.0943,-1.439,-0.92465,-1.123,-1.4463,-1.2698,-1.4509,-1.4884,-1.7083,-1.68,-1.059,-0.76316,-1.1832,-1.3319,-0.82374,-0.70941,-0.58204,-0.93465,-0.84485,-0.83844,-0.55891,-0.74025,-0.72555,-0.94231,-1.1537,-1.5411,-1.2775,-1.2482,-1.3729,-1.4914,-1.1193,-1.9849,-2.6031,-2.8424,-2.3566,-2.4543,-2.3346,-1.592,-2.2833,-2.1285,-2.3048,-1.9204,-1.8329,-2.4425,-2.1762,-1.8831,-1.2246,-1.3024,-1.0154,-1.2125,-1.3249,-1.3791
-0.30824,-0.37064,-0.53184,-0.93054,-0.42087,-1.7282,-0.60882,-0.41193,-0.66754,-0.42073,-0.35222,-0.3709,-0.76835,-0.12495,0.24372,-1.1569,-0.18074,-0.17807,0.32038,0.48525,-1.4874,-0.38371,-0.28546,-0.86675,-1.0079,-1.7892,-0.82087,-1.2479,-1.2844,0.4966,-0.31011,-0.1072,-0.65473,-0.67023,-0.46099,-0.63059,0.91811,-0.28692,-0.067597,0.57405,-0.047622,0.5222,-0.56492,-0.16154,-0.10264,0.35725,0.92027,1.0708,1.4923,0.055135,0.10477,-0.17573,-0.64108,-0.062996,0.51766,0.32175,-0.35455,0.30073,-0.28287,0.020383,0.30535,0.6332,-0.77278,0.46793,-0.18087,-0.48531,0.58989,-0.24762,-0.025105,0.20843,-0.68549,0.57728,-0.009988,-0.085538,0.15551,0.23914,0.93756,-0.10987,-0.38911,0.23487,-0.10258,-0.0010774,-0.4083,0.77812,-0.43158,-0.71843,-0.55326,-0.60762,-1.6031,-0.48431,-0.21328,0.11192,-0.43565,0.81767,-0.1932,0.69488,-0.13691,0.082385,0.55829,0.17927,0.32445,1.0758,0.55848,0.62088,1.4243,0.39045,0.20018,0.561,0.37461,0.7358,0.15531,0.24729,0.47191,1.5435,1.0331,0.80162,1.4084,0.7399,0.8657,1.0306,0.95453,0.51107,0.2587,0.71822,0.43781,0.81722,0.51669,0.63062,0.53072,1.4671,0.61282,1.282,1.0175,0.37308,0.40077,0.96098,0.31613,0.072927,1.4951,0.58676,0.81542,1.1154,1.2644,1.0654,0.79072,-0.6293,0.60794,0.13794,0.14715,0.40386,0.45294,1.423,0.58737,0.38941,0.7905,1.1265,0.59039,0.90076,1.245,0.63752,1.0824,-0.066537,0.39033,0.015154,0.64304,-0.98642,0.89098,0.043993,-0.46603,0.75044,0.53929,0.0077448,-0.52434,0.40821,1.4264,0.83025,1.1979,0.15306,1.9199,0.82111,0.21536,0.65784,-0.26388,0.81352,0.59009,-0.051333,0.20285,-0.45304,0.49792,0.29004,0.018144,0.65661,0.6143,0.97138,0.11646,0.62775,0.60772,0.45305,1.2196,1.4306,-0.50763,0.78243,0.37096,0.60896,1.2736,0.78541,0.87316,0.31186,0.013579,-0.17576,0.16387,-0.54291,-0.44579,0.76219,0.49874,0.81738,0.5325,-0.15626,1.3996,0.34585,0.40246,0.97296,-0.10396,0.66001,-0.11872,0.68177,0.50697,0.19667,-1.3462,0.2951,0.018254,-0.071753,-1.2269,0.053142,-0.99483,-0.14777,-0.047829,-0.90217,-0.41797,-0.61388,0.37858,-0.27616,-0.94541,0.26459,0.34602,-0.21898,0.21203,0.16667,0.41251,0.0030488,0.002009,-0.036856,0.29675,0.37669,0.39993,0.14358,0.85893,-0.6604,0.39091,0.21826,-0.034764,-1.4722,0.43354,1.2923,1.7647,0.12286,1.0693,1.1995,0.86071,1.5376,0.81298,0.71788,1.1254,1.0151,-0.74261,0.048909,0.39642,-0.097631,0.52815,0.78365,0.12752,0.76208,1.0587,0.84872,0.99193,0.27868,0.8638,0.11678,0.57959,0.39836,0.13403,-0.12051,0.80755,0.22202,0.2133,1.8212,2.0707,1.2817,1.5084,0.25991,0.40432,1.0562,1.4064,0.1222,-0.66971,-0.76116,-0.50743,0.1501,0.12468,-0.91027,-0.44384,-0.86336,0.38375,-0.27671,-0.8,-0.23954,0.32706,0.60412,-0.58621,-0.38681,-0.6823,0.30777,-1.264,-0.44373,-0.56826,-0.53209,-0.7776,-0.77209,-0.82377,-1.0603,-0.64237,-1.1165,-1.3715,-0.26311,0.25976,-1.2172,0.21129,-0.58895,-0.41712,-0.54244,-0.352,-0.075,-0.024484,-0.85725,-0.3266,-1.2104,0.44004,-1.6972,-0.70176,-2.0035,-1.7298,-2.2584,-1.3312,-1.4125,-0.74903,-0.48091,-0.055128,-0.3362,0.92946,0.48342,0.31741,0.79074,0.049584,-1.2663,-0.47978,-0.53716,0.10964,-0.61849,-0.38929,-0.38214,-1.2608,0.34073,-0.4628,-0.15613,0.2327,-1.3893,-0.83689,-1.5697,-0.70959,-0.73699,-0.66777,-0.13312,-0.1394,0.096368,-0.095875,-0.6596,-0.27844,0.2128,-1.0939,-0.84292,-0.36104,-0.81886,-1.0031,-0.32096,-0.85043,-0.56786,-0.25868,0.016587,-1.1332,-0.95829,-0.10191,-0.5896,-0.99258,-0.32089,-0.43877,0.34996,-0.11558,-0.23618,-0.45116,-0.19224,-1.1069,-2.074,-1.7998,-1.4427,-0.83102,-1.3664,-0.92196,-0.067849,-0.32822,-0.59097,-0.58933,-0.19687,-0.44758,0.24796,-0.47912,-0.69797,-0.64124,-1.0213,-0.70981,-0.81982,-0.41279,-0.24323,-0.2309,-0.37485,-0.44425,-1.3699,-1.3642,-0.90573,-0.16,0.022417,-0.75194,0.71567,-0.04668,-0.8204,0.11509,-0.31368,-0.64861,-0.89777,-0.54494,-1.0375,-0.67079,-1.4667,0.22804,-0.55198,-0.41548,-0.81046,-1.247,-0.39847,-0.32295,-0.92411,-1.3662,-0.45344,0.12442,0.13516,-0.37697,-0.2079,-0.49891,-0.54617,-0.3117,-0.65002,-0.99715,-0.58152,-0.7864,0.97776,0.4006,1.1084,1.3743,0.32576,1.1031,0.38788,0.85246,0.92641,-0.99375,-0.33716,-0.16087,-0.83114,-1.2193,-0.21771,0.98455,0.22777,-0.16203,-0.96213,-0.07167,-0.24973,-0.53864,-0.37112,-0.46016,-0.19489,-0.20601,0.046194,-0.23246,-0.67715,-0.32426,-1.0732,-1.102,-0.89799,-0.91409,-1.0102,-1.5696,-0.80823,-0.89072,0.15142,-0.30081,-0.35098,-0.3743,-0.88258,-0.13727,-1.3284,-0.83655,-0.8229,-1.3914,-0.35583,-0.20445,0.30572,0.51096,-0.30327,0.72022,1.5709,0.57459,-0.13025,1.0348,0.62267,0.42445,0.35147,1.2263,0.93437,0.75344,1.938,0.95392,0.37547,0.93899,0.68999,0.13753,0.033056,0.018533,-0.69807,0.14609,-0.26028,-0.64012,-1.2956,-1.3034,-0.87832,0.078257,-0.84133,-1.602,-0.41083,-0.13993,-1.1823,0.071036,-0.64289,-0.54705,0.063494,-0.50976,0.21222,-0.9148,-0.32641,-0.34407,-0.69005,-1.0813,-0.63181,-1.2717,-0.67223,-0.53522,-0.21366,-0.77872,-1.2047,-0.6224,-1.4001,-1.0381,-1.3205,-1.3351,-0.28356,-1.0584,-0.949,-1.3021,-0.63801,-0.21013,-0.094549,-0.5708,-0.29173,-0.78437,-0.099619,-0.34637,-0.11598,-0.74577,0.30534,-0.62011,0.29307,-0.64907,-0.44498,-0.97462,0.20795,0.055198,-0.34527,-0.12176,-0.47514,0.14826,0.19902,-0.044359,0.47976,-0.14759,-0.3787,0.73444,0.15726,0.56074,-0.36195,-0.0099646,0.31219,1.2515,1.2089,0.72177,1.3547,0.066838,0.7729,1.0947,0.9038,1.1081,0.69102,0.39636,0.95323,0.35912,0.63668,0.49996,0.57736,1.0367,0.29349,0.23897,0.4664,0.3017,0.21559,-1.0802,0.17645,-0.23751,0.82114,0.29921,0.27892,0.032008,0.62499,-0.15258,0.14246,-0.73918,-0.98798,-0.5754,-0.23966,-0.37752,0.10029,0.46105,0.59801,0.2958,0.58146,-0.33966,-0.49048,-0.91285,-0.38916,-0.88929,-0.63196,-0.22889,-0.66564,0.35424,-0.89248,-0.074964,-0.48101,0.29153,-0.7408,-0.2541,-0.9198,-0.017705,0.12448,-0.55245,0.37261,0.58919,0.19843,0.62568,1.27,1.4847,0.70187,0.83424,-0.12725,0.28773,0.94788,1.0286,0.41538,-0.49182,0.934,0.30155,0.848,-0.18244,0.60885,0.45834,0.14608,-0.33481,0.75773,0.3133,-0.19532,0.057577,1.1282,0.37203,0.48304,0.731,0.79548,0.8048,1.2874,1.0923,0.86286,0.63022,0.93548,0.95274,-0.10738,-1.1241,-0.17573,-0.32255,-0.064846,-0.059269,0.29219,1.5554,0.93922,0.99517,0.081587,0.084161,0.15249,-0.12441,-0.6137,-0.77205,-0.036248,-0.12889,-0.059118,-0.39552,0.39234,1.1219,1.0334,0.26097,0.18995,-0.057564,-0.14735,0.47027,-0.11558,0.2156,-0.17286,0.03533,0.33016,0.23467,-0.088061,0.30727,0.081611,0.14463,-0.78776,0.073346,0.52747,-0.20048,0.28604,-0.41035,-0.083968,-0.14684,-0.65079,0.090898,0.17255,-0.30298,0.5175,1.0804,0.56906,0.70447,0.60694,-0.69655,-0.43214,0.13213,0.39005,0.48067,0.19491,0.42753,1.1723,0.66406,0.44715,0.066587,0.1284,-0.28836,-0.50062,-0.81799,-0.66766,-0.22006,-0.025734,-0.30838,0.05763,-0.44348,0.82452,1.3231,0.49503,1.4472,-0.44266,1.3596,0.55368,0.23393,-0.44219,-0.52461,-0.30591,0.72815,0.93935,1.79,1.4738,1.3218,1.1354,0.86841,1.1318,1.4468,1.6338,1.0142,0.83903,0.12839,-0.36337,-0.54103,-0.32946,0.29486,0.26194,-0.79812,-0.17429,0.38779,0.40164,0.59348,0.070092,0.67347,0.57154,1.0053,0.22019,0.081111,0.32723,0.028883,0.46452,0.53344,0.047494,-0.31153,0.42097,-0.10529,-0.067772,-0.41453,-0.26763,-0.24664,-0.87091,-0.66896,0.017699,0.090595,0.34128,0.39672,-0.29117,0.38756,0.18501,-0.61842,0.0904,0.77496,2.1821,0.26109,-0.30327,-1.5364,-0.7821,0.25315,-0.034497,0.43035,0.18715,0.044651,-0.54281,0.44077,-0.97194,0.39294,-0.7612,-0.079025,-1.1056,-1.6778,-1.2541,-0.96357,-0.23244,0.50203,-0.23218,-0.34017,-0.071552,0.42238,0.4551,-0.33637,0.84066,0.47208,1.2684,0.097996,0.40152,-0.077501,1.1667,0.99258,0.58333,0.27078,1.2643,-0.58184,-0.36691,-0.75823,-0.62551,-1.0881,-0.7764,-1.6318,-0.72363,-0.2553,-0.059633,-0.21662,-0.54942,-0.0020764,1.0458,0.46942,-0.71095,-0.0012602,-0.25392,0.64213,-0.50768,-0.38619,-0.41812,-0.9557,-0.44756,-1.4112,-0.93289,-0.43925,-0.16882,0.22692,-1.4893,-0.079855,-0.18494,0.59746,0.090172,0.55827,-0.34845,0.075717,-0.055672,-0.21611,-0.14823,-0.20412,0.81134,0.11054,-1.3282,-1.1669,-0.68429,0.36074,-1.6448,-0.44026,-1.45,-0.51863,-2.0717,0.51714,-0.33038,-0.14622,-0.37411,-0.79438,-0.82944,-0.018472,0.22364,-0.47023,0.098416,0.27295,1.1684,0.47618,-1.699,-0.83484,-0.6798,-0.40162,0.10103,-0.9147,-0.20787,0.1271,-0.41235,-0.43595,-0.60524,-0.35558,-0.34193,-0.60605,-0.5133,-1.0328,-1.0588,-0.92397,-0.93975,-0.83377,0.10074,0.62776,0.15203,-0.8113,0.55804,0.28882,0.82064,0.51848,0.12689,0.24708,0.78609,0.70602,0.61231,0.6318,-0.20279,0.026388,0.126,0.42417,0.49238,0.35851,0.73554,1.1112,1.9589,0.94065,0.83195,0.09016,-0.45514,0.20941,0.25275,-0.23178,0.38104,1.0991,1.123,-0.79503,0.5961,0.34628,-0.1248,0.91621,-0.98248,-0.43812,-0.060582,0.038647,-0.45065,0.029213,-0.74727,-0.16772,-0.27529,-0.49933,-0.89627,-0.99264,-0.71438,0.29334,-0.84869,-0.58528,-0.92993,-0.34131,-0.55078,-1.1265,-0.91374,-0.74732,-0.69073,-0.72315,-0.78926,-0.22203,-0.6226,-0.95223,-0.75211,0.056215,-0.10781,-0.5439,0.17963,-0.25722,0.70964,-0.60678,0.23347,0.33083,0.081739,0.24943,0.011215,-0.55534,-0.22775,-1.1335,1.0448,-0.24145,-1.7039,-0.55762,-0.34407,-0.84383,0.15525,-0.28508,-0.36183,-0.32275,-0.47553,-0.49343,-0.71473,-1.0349,-0.54222,-0.2628,-0.84714,-0.50605,-0.57735,0.029253,-0.0092672,0.04702,-0.16783,0.23841,0.80051,0.81984,0.61097,0.89007,1.3475,1.3513,0.70878,-0.87075,-0.86512,-0.33671,0.70875,0.25474,-0.36996,-0.10877,0.39431,0.9126,0.27725,0.5005,0.072327,0.54504,0.1844,-0.27526,-0.51241,-1.0833,-0.95808,-0.3329,-0.5375,-0.75796,-1.4995,-0.69421,-0.8994,-0.1114,-0.57845,-0.00026911,-0.063636,0.22,-0.28405,0.25798,-0.098311,-0.090666,0.42261,-0.011532,0.302,0.0026856,0.38137,0.61483,-0.24404,0.48092,-0.10199,0.079604,-0.2258,-1.1691,-0.074759,0.65337,1.1387,0.21903,0.37531,-0.085035,0.66084,0.77057,0.12051,-0.16845,0.11017,0.18075,0.023885,-0.33056,-0.50627,-0.13978,-0.91633,0.63565,0.17801,-0.004991,0.4879,-0.58481,0.1287,-0.046579,0.1822,0.057742,-0.0082721,0.77178,1.1564,0.19176,-0.25513,0.20997,0.19419,0.63056,-0.41717,0.77222,0.42948,0.95303,1.1904,0.94945,0.98504,0.51342,0.5753,1.4227,0.85265,0.67469,1.0074,-0.020059,1.3653,1.0988,0.34117,0.62394,0.4654,1.2983,1.0812,0.83453
0.71825,1.0333,0.62013,0.80335,0.48233,0.84476,0.51994,1.3839,1.2948,1.8328,1.9043,2.2417,2.3164,2.3424,1.7874,1.3315,-0.0026348,0.12915,0.19216,-0.59927,-0.10146,-0.28168,-0.10273,-0.079932,-0.024278,0.37824,-0.53849,-1.055,-2.2606,-1.7453,-1.5386,-1.3357,-1.2381,-0.76882,-1.3055,-1.7196,-2.3899,-1.2941,-1.6381,-1.9123,-1.7058,-0.84899,-0.55798,-0.62268,-0.38687,0.31686,0.29391,0.82596,0.23027,-0.1918,-0.33659,-1.8056,-1.7614,-2.233,-1.4385,-1.0438,-1,-0.44581,-0.20099,0.5355,0.58563,1.4468,1.7623,2.0908,1.7849,1.1217,0.98386,0.46523,-0.4614,-0.44516,-0.83008,-1.0055,-1.163,-1.0792,-1.4816,-0.83645,-1.0205,-1.0461,-1.7749,-0.9468,-0.7446,-0.77136,-1.2755,-1.4474,-0.87503,-1.8174,-1.4299,-1.3441,-0.64318,-0.67511,-0.69986,1.0021,1.2672,1.0598,1.5752,1.7432,1.8479,0.87777,0.38735,-0.53468,-1.0294,-1.8073,-2.7031,-2.2474,-1.3167,0.024619,0.20574,0.76974,2.1411,2.531,2.8157,2.5837,2.9056,3.0498,2.3907,2.4273,2.1357,1.6831,1.3652,1.2365,1.213,1.0632,1.3215,1.1379,1.2597,1.9022,2.0324,2.1196,1.6125,1.1848,1.4114,1.0316,0.24928,0.27181,0.75387,0.1443,-1.1251,-1.4103,-1.9789,-1.4122,-0.53439,-0.12533,0.29242,0.82346,0.85773,1.1717,0.56754,1.2174,1.4365,1.2006,0.93932,1.3567,1.6744,2.0573,1.6381,2.0235,1.5327,1.3604,1.8315,2.1616,2.3276,1.6822,1.1645,1.0772,0.88456,0.96164,1.2474,1.5294,0.68813,0.45146,1.1568,1.293,2.4427,2.0825,3.0614,2.8278,2.871,2.5399,2.2015,1.1931,1.0588,-0.53503,-1.791,-2.2496,-2.2233,-2.9364,-2.7099,-2.2189,-1.9992,-2.0397,-2.3468,-1.9769,-1.3996,-1.128,-0.58168,-1.1962,-0.70062,-0.42621,-1.4641,-0.91611,-1.1406,-0.39774,-0.3717,-0.3106,0.28941,0.75216,1.1771,1.8924,1.733,2.296,2.3511,2.6184,2.2689,2.3308,2.0059,1.7523,1.9291,2.0367,2.4395,2.3888,2.136,2.3834,2.4694,2.0288,2.1281,1.0046,0.96928,0.63352,0.28364,0.035267,0.78853,1.2293,1.2062,1.6452,2.0099,2.0182,2.0208,1.7279,2.0094,1.2724,1.2371,0.60307,0.67045,0.12995,-0.10511,-0.8427,-0.90212,-1.1488,-1.6077,-1.9387,-2.2783,-2.3056,-2.4878,-2.7678,-2.4282,-1.8666,-1.5696,-2.0218,-1.9742,-0.14437,-1.0364,-1.3526,-1.4869,-1.1888,-1.4694,-1.8439,-1.806,-1.0163,-0.031558,-0.50428,-0.2157,-0.5747,0.69071,0.76957,0.44673,1.0439,0.6967,0.22673,0.078994,0.029407,-0.34247,-0.17936,0.66379,1.338,1.1479,1.5151,2.2033,1.7539,2.25,1.5812,1.1879,0.99271,0.34235,-0.73734,-2.4668,-1.7163,-0.23462,0.11293,0.22836,-0.5492,-0.86696,-0.80859,-1.0741,-1.3789,-1.4359,-1.5768,-2.0398,-0.90731,-1.1175,-1.2426,-1.2948,-0.34062,0.27711,0.58092,0.51483,1.8229,1.5163,0.94471,1.4334,1.0749,1.2308,0.62184,0.50909,0.12757,0.62672,1.0003,0.77433,1.3682,0.78167,1.762,1.4253,1.2378,1.5047,1.6175,0.70902,-0.12612,-1.1901,-1.9529,-2.5767,-2.475,-1.892,-2.1529,-2.0597,-1.9252,-1.3641,-1.4088,-1.2107,-0.95673,-0.33903,-0.23816,0.19787,0.61696,0.82331,1.605,1.4379,1.8934,1.82,1.4035,1.5452,0.32988,-0.31342,-0.55361,-1.278,-1.5562,-1.758,-1.2662,-1.6389,-2.4196,-2.6698,-2.1177,-1.4095,-0.65516,-0.29925,-0.37344,0.063439,0.64043,-0.88822,-1.5361,-1.7657,-1.8615,-1.8502,-1.3004,-1.3497,-0.72345,-1.1567,-0.80689,-1.3744,-0.79182,-0.88092,-0.51657,0.0304,0.27632,1.1706,1.6784,2.0341,1.4764,0.97505,1.5939,0.28861,-1.2303,-1.4171,-1.988,-2.2094,-2.7282,-2.5832,-2.7784,-2.2254,-2.1148,-1.9387,-1.4112,-1.0002,-1.6732,-1.1111,-0.84675,-1.3705,-1.7154,-1.8536,-2.1503,-2.3729,-2.1625,-1.6643,-1.4992,-2.4894,-2.2589,-1.8882,-1.6916,-1.5009,-1.7139,-1.7097,-1.3355,-0.67516,-0.24111,0.78691,-0.031624,0.35885,0.55138,0.67862,0.41479,0.21269,0.13255,0.035974,0.11244,0.50282,0.39711,0.32633,0.48008,0.1326,-0.44791,-0.54217,-0.83588,-1.6623,-1.4689,-1.2985,-0.87368,-0.12373,0.58319,0.29621,0.65447,0.69083,0.69547,0.91539,0.95384,1.4729,2.364,2.1318,2.0219,1.5153,0.94669,1.286,0.91645,-0.1731,-0.36558,-0.50845,-0.46263,-0.14256,-0.31406,-0.37707,-0.73561,-0.75087,-0.94579,-0.72467,-0.49337,-0.47924,-0.069577,0.38713,0.18358,0.63375,-0.22504,-1.1506,-1.225,-2.0157,-2.0504,-1.7324,-1.4751,-1.0373,-0.76571,-0.50969,0.069104,0.63023,0.55549,1.3363,1.3373,1.7009,1.1659,0.60018,0.73717,0.029894,-0.37726,-0.43715,-0.69102,-0.25338,-0.6399,-0.45304,-1.0804,-0.38515,0.47281,0.53717,0.32919,0.07496,0.10414,-0.28644,-0.68159,-0.78876,-0.039967,-0.22817,-0.25682,-0.057846,0.83838,0.43013,0.53533,1.0677,1.4673,1.1153,0.77155,0.37985,0.082243,-0.62745,-0.52839,-0.24132,0.21933,0.43413,1.3888,0.49607,0.93308,0.64652,-0.19835,-0.65941,-0.99993,-1.2312,-1.2857,-1.9457,-1.5303,-1.7033,-1.2552,-1.1653,-1.139,-1.9442,-1.8388,-1.618,-1.0481,-0.74074,-1.7428,-1.0025,-0.61007,0.20235,-0.88505,-0.35404,-0.70939,-0.89642,-1.4008,-1.6418,-1.7584,-2.0834,-1.5998,-1.2757,-0.25572,-0.66136,-1.2966,-0.80726,-0.61815,-0.68363,-0.52888,0.59799,-0.17264,-0.33727,0.20723,0.65755,0.51547,0.26681,0.0828,0.0055028,0.197,0.17951,0.2834,-0.64104,-1.0388,-0.82364,-1.0127,-0.84855,-1.6632,-1.6193,-1.8046,-1.4695,-1.7434,-1.4774,-1.6936,-1.8871,-1.6766,-2.0033,-1.0423,-1.6066,-0.89258,-0.42521,-0.68359,0.17912,-0.11876,0.080929,-1.1425,0.11509,-0.18842,-0.6812,-0.51615,0.32936,0.63117,0.83735,1.1847,1.2084,1.047,0.6486,0.61148,-0.26476,-0.76625,-0.94577,-1.1331,-0.61511,-1.1349,-1.1249,-0.71741,-0.99136,-0.63672,-0.14833,0.42245,0.61675,1.679,2.1711,2.2812,2.3398,2.4563,1.7395,1.1443,0.77635,-0.18171,-0.38584,-1.1024,-1.3827,-1.2454,-0.90686,-0.34632,0.42479,0.77926,0.99756,0.79682,1.2572,0.90463,0.17111,-0.34865,-0.28518,-0.14222,-0.26445,0.12902,0.48058,0.39508,0.39509,-0.75038,-0.49091,-1.206,-0.85699,-0.93745,-1.0034,-1.2726,-1.133,-1.0385,-0.42168,-0.34185,0.01628,-0.54951,0.081665,0.30753,0.5221,1.0333,1.9953,2.1563,2.585,2.0929,2.0728,2.0527,1.7588,1.4583,0.5924,0.60561,-0.75378,-0.97211,-1.2443,-1.578,-1.6716,-1.3726,-1.2558,-1.2238,-0.95803,-0.55329,-0.83553,-0.47989,0.21764,0.68278,0.17868,0.98984,0.84069,1.1918,0.509,0.12761,0.52381,0.27461,-0.22783,0.6148,1.4605,1.4394,0.97803,0.68332,-0.18195,-0.62731,-1.1,-1.4581,-1.0472,-1.266,-0.74299,-0.94939,-0.042295,0.69796,1.0681,1.109,1.7056,1.6297,2.127,1.8404,1.7801,1.2985,0.60569,0.21476,-0.69348,-1.224,-1.8602,-1.6136,-1.5294,-1.489,-2.0028,-1.6942,-0.56911,-0.28309,-0.49239,-1.3205,-1.4821,-1.0862,-1.6355,-1.4102,-0.65608,-0.94172,0.35716,0.568,1.03,1.0544,1.6232,1.1715,1.2946,1.3343,1.3424,1.3228,1.1505,1.9959,1.9557,2.6539,2.8449,2.8399,1.9812,1.6667,0.80815,0.080878,-0.48511,-1.3509,-1.4648,-1.8399,-1.2439,-0.6751,-0.12209,0.72264,0.76158,-0.14864,0.60633,1.0927,0.63619,1.5007,1.3772,2.1902,2.5318,2.3606,2.4738,1.7879,1.785,0.37575,-0.21207,-0.57335,-0.092354,-0.85234,-0.84179,-1.3534,-1.3776,-0.48839,-0.68678,-0.4506,-0.51821,-0.48946,-0.25128,-0.33375,-1.0798,-0.40127,-0.013197,0.51218,0.75241,0.72232,1.1802,1.389,2.205,1.4812,1.8148,2.2049,1.8576,2.513,2.1583,1.96,1.9602,1.7153,1.1785,0.82272,0.44767,-0.083291,-0.19801,-0.42363,-0.92854,-0.63343,-0.82779,-1.0542,-1.3845,-1.5354,-1.4731,-2.0904,-2.0378,-2.1583,-1.5304,-1.0821,-1.5816,-1.222,-1.6714,-0.31928,-2.1407,-2.3609,-1.8392,-1.0813,-1.4737,-2.1409,-1.7985,-0.75728,-1.1319,-1.0585,-2.2625,-2.1405,-1.7046,-1.8843,-1.642,-0.73643,0.37292,0.80115,1.072,1.9332,2.2739,2.4902,2.357,2.7363,2.7707,2.3899,1.2203,0.76226,-0.21635,-0.65931,-0.39144,-0.41749,-0.041278,0.31855,0.21347,-0.3196,0.34848,-0.099999,-0.9215,-1.4395,-2.1412,-2.341,-1.7149,-1.9457,-1.9507,-2.0992,-2.1178,-1.4522,-1.9803,-1.9734,-1.7768,-0.97044,-0.051917,-0.12743,0.18344,0.57693,0.81132,1.0943,0.62239,0.64655,0.32685,-0.39909,-1.3813,-1.9602,-2.6421,-1.9847,-1.7851,-1.8212,-1.9685,-2.0497,-1.2855,-1.5694,-0.98536,-0.36477,-0.19967,0.41525,0.30395,0.26583,0.048657,0.13265,0.77877,0.91305,1.2585,0.91093,0.67454,-1.4594,-3.0144,-2.4322,-2.7808,-3.0112,-3.0458,-2.7811,-2.4372,-2.4976,-2.2849,-1.948,-1.9088,-1.2061,-1.2055,-0.18275,0.46586,1.146,1.2971,1.7702,1.3068,0.081673,0.0972,-0.60242,-0.8273,-0.35689,-0.074648,-0.078528,0.33827,0.081954,0.37916,-0.34468,-1.7657,-1.2725,-2.4609,-1.521,-1.4018,-0.68189,-0.48704,0.75219,2.1527,2.5547,2.1904,2.0829,2.641,2.845,2.7116,2.6831,3.1297,3.1345,2.83,1.9559,2.0454,2.1572,1.5397,1.59,1.3663,0.75557,0.58884,0.0072068,-0.24689,-0.81757,-0.32928,-0.2435,-0.86593,-1.3738,-1.0188,-0.84658,-0.57223,-0.62616,-0.34499,0.41691,0.9299,0.30909,0.69972,0.62403,1.0733,1.0962,0.80661,0.029828,-0.48442,-0.69777,-1.7632,-2.647,-2.448,-2.5478,-2.2134,-2.1583,-2.1086,-2.0651,-2.0424,-2.3196,-2.0817,-1.72,-1.3853,-0.6524,-0.061401,-0.0015642,0.93905,1.368,1.5398,2.048,2.1139,1.5819,0.95834,0.68518,-0.43338,-0.49833,0.13639,0.87733,1.1212,1.4427,1.7588,1.3032,1.3904,1.6851,1.7956,1.6709,0.21661,0.11081,-0.63294,0.56297,0.35421,1.1664,0.81656,0.99081,0.75012,1.2304,0.88694,1.4079,0.94617,0.00063184,-0.58999,-1.4663,-1.8579,-2.1702,-2.0285,-1.9541,-2.0478,-1.6739,-1.7289,-0.96904,-0.75047,-0.45814,-0.096583,0.10172,1.0234,0.50393,0.97776,1.0129,1.2309,1.1627,0.10987,-0.17537,-0.43004,0.11699,-0.32651,-0.29587,-0.19385,0.45594,1.1984,0.98019,1.1824,1.0611,1.1562,1.6341,1.4153,1.5569,0.92808,0.76318,0.30793,-0.4544,-1.4776,-1.7209,-1.5858,-2.1243,-1.8243,-1.846,-1.7903,-1.5584,-1.4375,-1.4506,-1.3664,-0.99722,-1.3565,-0.44556,-0.36526,-0.11141,0.46027,1.1276,1.0816,1.5246,1.8895,1.964,2.2647,2.4388,2.452,2.1039,2.9046,2.4744,2.8162,2.1532,2.1543,1.393,1.566,1.4804,1.0326,0.40588,0.36628,0.6686,1.116,0.80799,0.63989,0.94852,0.92021,0.79784,0.6441,0.2546,0.51822,0.28283,-0.075687,0.13103,0.086945,-0.46656,-0.46151,-0.16985,-0.36577,-0.14059,-0.70067,-0.65091,-0.8528,-0.51003,-0.98734,-0.63179,-0.36727,-0.0057562,0.42573,0.57848,0.8011,0.67386,0.77819,1.0824,1.6594,1.6087,1.9368,1.9242,2.2447,2.2938,2.1286
1.6704,1.5835,0.92191,0.8484,0.79626,0.91519,0.65426,0.88968,1.3926,1.8231,0.83528,1.7414,1.2113,0.97469,0.96782,2.1999,1.5489,1.2899,1.0414,1.5319,0.46421,0.50387,0.1098,0.63465,0.19161,0.93012,0.9726,1.3408,1.6246,1.5037,1.6467,2.1846,1.8857,0.98906,1.3947,1.5774,1.4063,1.6453,1.6651,1.7223,1.0634,0.82935,1.5591,1.0455,0.53207,1.438,0.88428,1.7958,1.4782,2.0798,2.309,2.3111,1.8835,1.8089,1.563,1.4979,0.70454,0.29108,0.70279,0.92995,1.2939,1.8864,1.4222,1.4621,1.2095,1.479,1.0401,1.0665,1.1505,0.71776,1.5184,1.2146,1.4886,1.7137,1.9829,2.0463,2.2991,2.7651,2.6207,2.0321,2.1065,1.9616,2.0871,1.4582,1.6708,1.9348,1.929,1.9845,1.538,2.4145,2.0648,2.4082,1.6009,2.1508,1.9289,1.3437,1.775,1.893,2.0545,1.8642,1.3758,1.6396,0.79717,0.71706,1.3364,0.63507,1.2064,0.011586,0.29885,0.48928,0.83554,0.34225,0.16266,0.88461,1.0341,0.6109,-0.83803,0.2041,0.048518,-0.13361,-0.68101,-1.0717,-0.78029,-0.80123,-1.1473,-0.97493,-1.1795,-0.80399,1.0026,0.91553,2.0067,1.5184,2.3072,1.7892,2.3386,2.8343,2.9225,1.9162,2.2543,1.6807,1.5456,1.7993,1.0228,0.67387,1.07,0.091588,-0.50144,-0.37867,-0.51442,0.51786,0.93522,0.51855,0.31488,0.64548,1.2887,0.51271,0.19674,0.0046826,0.73274,0.31177,0.15824,0.65629,0.42988,0.79651,-0.095758,-0.24853,0.24696,0.55884,-0.081696,-0.064306,-1.6094,-1.493,-1.495,-1.4274,-1.4949,-0.18635,-0.23036,-0.3811,-0.2982,-0.053997,0.73411,0.89873,0.4104,0.87486,1.4743,1.1873,0.98852,1.0804,0.87614,2.0454,1.8682,1.443,1.7443,2.4616,2.6389,2.3833,2.0657,1.7112,2.3016,2.0492,0.97135,1.4778,1.5722,1.0923,0.83632,1.3079,0.78485,0.56155,-0.55054,-0.51251,0.54511,-0.41709,-1.18,-0.55323,1.1104,-0.64001,-0.57198,0.69408,0.39165,0.61143,0.45035,1.136,1.4019,1.4743,0.83741,0.77432,0.43879,0.59253,1.5276,0.12803,0.014538,0.37064,2.2962,1.6354,2.0775,1.6504,2.0228,2.8588,2.1919,2.0075,1.2108,1.8748,1.948,1.4511,1.5958,1.9583,0.58095,1.4586,2.0691,1.5356,2.125,1.2069,1.871,2.2493,0.77805,1.0792,2.6485,1.8491,2.2832,1.5742,2.3874,2.2743,1.2345,1.1354,2.5877,-0.31341,0.18568,-1.0604,-0.66052,-0.21819,-1.0636,-0.3458,-0.20375,-0.72538,-0.94123,-1.1591,-1.919,-2.0894,-2.0139,-1.2614,-1.4733,-1.5212,-1.7694,-1.8091,-1.9212,-1.4986,-0.83796,-1.0137,-1.0147,-0.68503,-0.66252,-1.4257,-1.0928,-0.41027,0.2764,-0.051957,0.030883,0.27173,0.86978,1.4718,1.242,1.0229,1.6744,1.8634,1.8576,0.86225,-0.15461,0.57521,0.35074,0.20661,-0.58903,-0.34889,0.22504,-0.73772,-1.7599,-1.2964,-0.83672,0.37458,-0.82689,-1.6836,-0.81911,-0.99975,-1.6239,-2.0912,-2.2001,-2.5685,-3.0689,-2.8042,-2.7518,-2.45,-1.5463,-0.84673,-1.4944,-2.51,-1.7509,-2.1141,-1.885,-1.9146,-1.4305,-0.99807,-1.9591,-1.5364,-1.0697,-1.5034,-1.4703,-1.6593,-1.1068,-0.98928,-1.2766,-3.0027,-1.1094,-2.1792,-1.8009,-2.0471,-1.4543,-1.7519,-1.0165,-0.56472,-0.60475,0.76359,0.028536,0.34715,0.34337,-0.0004528,-1.3793,-1.112,-1.0953,-0.91823,-1.4149,-1.0469,-0.94527,-0.59424,-0.21272,-0.70211,-1.2705,-1.5997,-0.89288,-0.6102,-1.4662,-1.6356,-0.39732,-0.92972,-0.76845,-1.2253,-0.67162,-1.5901,-2.5114,-2.4548,-3.1405,-3.1967,-3.0614,-2.8092,-2.8471,-2.6241,-0.88299,-1.9768,-1.2619,-1.5562,-0.51223,-1.3598,-0.89806,-1.1818,-0.55973,0.20686,-0.09493,-0.099036,-0.11824,0.31748,-0.57808,-1.085,-0.84328,-0.32366,-1.1591,-1.5383,-0.16987,0.48529,-0.13683,-0.61726,0.25858,0.048901,-0.56243,-0.46872,0.19816,0.51783,0.60977,-0.31957,-0.5467,0.028158,-0.91073,-1.215,-2.0052,-2.5886,-1.0959,-1.3687,-1.6992,-2.3927,-2.7058,-1.7558,-2.5355,-2.1306,-1.7312,-1.3099,-1.1866,-0.6017,-0.76732,-1.8308,-0.86343,-1.7788,-0.88339,-1.1157,-0.052283,-0.62089,-1.1141,-1.0619,-0.67614,-1.4087,-1.3385,-1.9719,-2.0542,-1.4965,-2.1481,-2.0426,-2.5141,-2.5812,-1.182,-1.1983,-2.0277,-1.8328,-1.4539,-1.3527,-1.3334,-1.9585,-1.8701,-2.0723,-0.87952,-0.47767,0.082063,-0.49312,0.50688,0.22424,-0.33952,-0.92875,-0.80951,-0.51415,-0.56657,-0.67919,-0.67774,-0.28959,-0.2681,-0.77541,-1.0841,-0.69331,-0.14084,-0.54222,-2.0139,-1.7332,-2.4566,-1.5508,-1.8054,-1.9775,-1.2807,-1.8898,-1.4686,-1.7388,-2.0616,-1.7093,-1.8062,-2.0054,-2.1248,-1.5535,-2.2169,-2.1349,-0.95744,-1.4554,-2.1914,-2.9149,-1.5131,-1.7574,-2.4889,-0.64367,0.07624,0.52344,0.38408,0.0048288,0.18839,0.021015,0.2,0.13777,0.50906,0.80057,1.3308,1.2372,1.7388,1.5161,1.3693,1.5164,1.7374,0.22281,1.216,0.091129,-0.78299,-0.58665,0.25383,-0.057154,0.0052476,-0.99125,-0.94147,-0.14864,-0.95761,-0.60232,-0.82407,-0.57128,-1.6241,-1.3578,-2.5856,-3.1246,-2.0802,-2.3923,-1.457,-1.9898,-1.8218,-0.95666,-1.0232,-1.8835,-0.94556,-0.20589,-0.78575,-1.3994,-0.99074,-0.56896,-1.5607,-0.58797,-1.8058,-0.9045,-1.0016,-1.0095,-1.8612,-2.2259,-1.5753,-1.2433,-1.7567,-2.0103,-1.6666,-1.2216,-1.6668,-1.9023,-1.0901,-1.8576,-0.92117,-1.4022,-1.368,-0.70966,-1.1748,-1.7666,-0.42765,-1.0154,-0.31137,-1.4412,-1.9275,-0.65893,-0.14573,-0.47613,-0.93504,0.39349,-0.16354,-0.018513,0.50404,0.40146,1.7397,1.302,0.9706,0.58564,0.92283,0.92722,-0.52701,0.33276,-0.34893,1.4662,0.8962,0.84632,0.32566,0.76453,1.5511,0.59328,0.42045,0.48815,0.95466,1.0153,0.94397,0.56471,1.0803,1.0159,0.20344,0.1561,0.018754,0.0372,-0.26942,-0.57135,-1.085,-1.2282,-0.85039,-0.53867,-1.1686,-0.76996,-0.42203,0.037398,-0.50804,-0.64227,-1.1801,0.3488,-0.56433,-1.1221,-1.6241,-1.4168,-0.39783,-1.3213,-1.3246,-1.114,-1.7845,-1.3821,-1.2696,-1.3194,-1.6822,-1.0997,-1.0206,-1.3631,-0.84419,-1.4839,-0.88458,-0.40846,-0.23123,-1.038,-0.52567,-0.42611,-1.5737,-1.2639,-0.81122,-1.2562,-1.8173,-1.4476,-1.1331,-1.0503,-0.37608,-1.5796,-1.0734,-0.30812,-0.0054246,-0.83379,-0.81441,-0.38421,-0.25554,0.55789,-0.22289,0.52683,-0.45075,0.74611,0.56441,0.2571,1.4092,1.4646,1.8968,1.5665,0.85336,1.149,1.1744,0.84201,0.45816,0.92343,1.3252,0.7095,1.1536,1.7647,1.8355,1.6383,1.8912,1.7319,1.1157,1.4056,0.87995,0.46117,0.30747,0.6356,1.0861,0.82089,1.3522,1.5386,1.7653,1.6513,0.22112,-0.48919,-0.16684,-0.5533,-0.84175,-0.84706,-0.61433,0.068143,-0.28138,-0.57916,0.35365,0.70945,0.49003,-0.32166,-0.41457,-0.42709,0.035317,0.070492,-0.43922,-0.35788,-0.82371,-0.034348,0.40908,0.50436,0.20372,0.69714,0.76322,0.62268,-0.24686,0.22458,0.83901,0.54819,0.68141,-0.41424,0.66978,0.83038,0.35038,0.17864,-0.52471,0.12971,-0.24541,0.23759,-0.64616,-0.047892,-0.34351,-1.0336,-1.5544,-2.0505,-1.2385,-0.16098,-1.1251,-1.5867,-1.5293,-0.93018,-1.8706,-2.1618,-2.2497,-1.9214,-1.2291,-1.4878,-1.9034,-1.6196,-1.2367,-1.1954,-0.97266,-0.19969,0.14238,1.0259,0.83542,0.5014,0.23626,0.34955,0.016329,-0.081209,0.24357,0.74094,1.0725,-0.2523,-0.87703,-0.28036,1.2144,0.048521,0.21804,0.094725,1.2192,1.476,0.98825,1.6975,1.3067,1.407,0.80463,0.17517,-0.18049,0.17939,-0.303,-0.9411,0.051026,0.68999,1.339,1.814,0.92924,0.82138,0.43043,0.75251,0.81605,0.5098,0.26633,0.032815,1.1542,0.71403,0.26504,-0.17579,0.21283,0.28139,-0.055121,-0.12797,-0.46264,0.38273,-0.33676,-0.65631,-0.41168,0.30108,0.23054,-0.27769,-0.12647,0.60332,0.47785,0.49605,0.52627,0.58832,0.60942,0.065179,-0.1298,-0.62061,0.11364,-1.7432,-2.282,-1.7798,-2.7371,-1.9682,-0.98647,-1.0147,-0.58556,-0.88372,-2.0671,-1.5359,-2.0317,-1.4619,-1.7968,-1.872,-1.6736,-0.81706,-0.36381,-1.4645,-1.245,-1.274,-1.1769,-0.87084,-1.0117,-0.33259,-0.67282,-1.0896,-1.2983,-1.533,-1.2709,-1.3426,-1.0183,-2.1609,-2.2353,-1.2938,-1.7077,-1.0912,-1.4963,-0.48875,-1.21,-1.232,-1.186,-0.92738,-0.65503,-0.41817,-0.53937,-0.67814,0.24214,0.031054,-0.1918,0.0013541,-0.49426,0.24785,0.098258,-0.68172,-0.71609,-0.7769,-0.78636,-0.61788,-1.7261,-1.3427,-1.6131,-0.79028,-0.61368,-0.40226,0.30468,0.41276,0.32291,0.2618,-0.2716,0.26804,0.060092,0.07705,-0.54778,-1.0804,-0.39101,-1.0375,-1.3361,-1.7767,-1.6545,-1.1067,-1.5444,-1.1714,-0.21325,0.5971,-0.76531,0.13461,-0.66162,0.47092,-0.65135,-0.56398,-0.52221,0.092536,-0.22215,0.065027,-0.25303,0.31532,-0.33257,-1.2103,-2.3188,-3.0715,-1.0318,-1.7053,-2.0545,-1.9031,-1.7873,-0.77806,-1.1519,-1.7909,-1.844,-0.98653,-0.7745,-1.2558,-1.3023,-0.37827,0.53726,-0.24575,0.16452,-0.13934,-0.20423,-0.0024618,-0.37777,-1.0492,-0.26897,0.079379,0.92663,0.83797,0.49365,0.025192,0.50499,0.19463,-0.48448,-0.47399,-0.21825,-0.81958,-1.5155,-1.117,-0.03686,0.27546,-0.053543,0.32382,0.36484,0.42096,0.55125,-0.184,0.065396,0.26236,-0.51826,0.60267,0.46432,1.683,2.3241,2.8605,2.0885,1.9519,1.358,2.2819,1.9663,1.7777,1.2745,1.7508,1.9734,1.292,1.9469,0.89343,1.2301,0.20929,0.73443,0.17489,0.24204,0.37738,-0.11608,-1.5662,-0.70718,-0.37769,-0.89209,-1.0443,-2.196,-2.4689,-2.8995,-0.34583,0.48159,-0.86308,-0.84821,-0.65039,-1.641,-1.3695,-1.3705,-0.96151,-0.83709,-0.31062,-0.93243,0.67307,0.26058,0.78569,0.3863,0.3338,-0.44013,-0.32264,-0.67583,-0.56737,0.10844,-0.54671,1.9753,1.0222,1.4289,1.4728,2.1533,1.2124,0.25982,-0.51351,-0.12356,0.3603,-0.078361,-0.3348,-0.82361,-0.46952,-0.59824,0.0145,0.34547,0.65236,1.0268,0.50118,0.48604,1.3162,2.1325,1.8304,1.9289,1.6205,1.5089,1.7166,1.3699,0.63494,1.0238,0.74336,0.70896,1.0941,1.2352,0.71316,1.2928,1.7439,1.9293,1.7477,1.0958,0.96812,1.6937,1.146,0.9787,0.90539,0.8834,0.40973,0.35652,0.7759,0.38473,0.53711,1.0882,1.6214,1.6704,0.61891,1.0291,1.3461,0.68908,0.15195,-0.52979,0.095998,0.44165,0.8365,0.9918,0.87722,1.3175,1.225,1.6531,1.5787,1.5911,1.876,1.2314,0.96912,1.1468,1.8732,2.5684,2.2099,1.1106,1.194,1.0387,0.93122,1.1436,1.4384,0.52192,1.4225,1.2507,1.3453,1.218,0.95966,0.5841,1.0366,1.5285,0.92711,0.82953,0.4515,0.8137,0.44714,0.6654,0.50245,0.25632,0.4374,1.2747,1.5445,1.2404,0.86736,1.3254,1.3804,1.9893,1.0569,0.99098,1.3627,2.2142,1.8206,2.186,2.0147,1.4475,2.0952,2.3373,1.867,1.3162,1.2185,1.1418,1.7776,1.7315,0.99268,0.78545,1.2636,0.75
0.60728,0.52575,0.27677,0.34272,0.29993,0.089659,-0.16449,-0.7943,-0.29521,-0.58945,-0.58388,-0.54761,-0.5742,-0.45343,0.099643,0.23474,1.0622,1.2145,1.291,1.2815,1.0056,0.97353,0.22402,0.081242,0.76648,-0.048166,-0.14801,0.86814,1.3296,0.34162,0.18442,1.1761,0.93843,0.79148,0.38008,1.218,1.785,2.04,1.4843,2.16,1.9515,0.53689,0.21582,0.93341,0.24775,-0.14685,-1.5437,-0.62525,-0.22488,0.23258,1.1689,1.9383,2.0855,1.7294,1.6007,0.97467,0.95526,0.6126,-0.19203,-0.36903,0.0072326,0.76931,0.54155,-0.0072462,1.3051,1.2506,2.023,2.2479,2.3698,3.2339,2.3981,2.0686,1.035,1.6991,1.7635,1.6352,1.3341,2.1495,2.3338,2.5567,2.3371,2.6087,3.5931,3.4386,3.3891,3.2203,2.9352,2.8583,2.1679,2.2237,1.8927,1.8639,0.52451,0.030556,-0.5975,-1.1618,-1.4464,-1.3763,-0.9863,-0.30559,0.022958,-0.32866,-0.5328,-0.54906,-1.5032,-2.1552,-2.717,-3.1962,-3.0201,-2.7705,-2.8158,-3.3071,-3.0606,-3.3338,-3.3043,-3.3501,-3.6488,-2.6972,-3.6872,-2.9244,-2.9132,-2.6471,-2.5612,-2.1335,-2.4665,-2.0209,-2.7838,-2.5335,-1.5071,-1.3028,-0.95896,-0.89902,-0.70229,1.0472,0.58398,0.013017,0.30998,1.9012,1.3329,1.6894,0.87478,0.57018,0.88273,-0.34417,-0.46749,0.13923,0.25316,-0.16466,-0.080585,0.073758,-0.42706,0.30929,0.55466,0.25539,0.57205,0.52343,0.030355,-0.72769,-1.0723,-1.9364,-2.0729,-1.874,-1.0053,-1.2109,-0.81928,-0.92158,-1.9269,-1.8009,-1.0098,-0.3985,-0.67472,0.28193,-1.2882,0.2003,-0.387,-0.22576,-0.44326,-0.94902,-2.0249,-1.802,-1.0367,-0.34272,0.10263,0.3697,0.83431,1.2049,0.50456,0.79163,0.5627,0.65686,1.5519,1.3917,0.66926,0.51664,0.51163,0.30475,0.38382,0.52387,0.10906,0.63786,0.80471,0.78909,1.1887,0.93549,0.71405,0.22821,0.060973,0.46065,-0.073314,-0.44189,-0.73624,-0.46238,-0.6493,-1.1533,-1.5126,-1.336,-1.7934,-1.8676,-1.8952,-2.1018,-1.8418,-1.6588,-2.007,-2.2119,-0.37612,-0.085265,1.2939,0.72585,1.7223,0.31918,0.41739,0.26204,0.43147,0.19436,0.32674,0.096112,1.0996,0.89776,1.8495,0.76066,0.98513,2.1208,1.7912,1.947,1.235,3.0061,2.4953,1.1063,1.9859,2.6388,1.8118,0.9151,1.0575,2.014,0.72166,0.45942,0.62791,0.79892,1.3285,0.0050814,0.49701,1.4423,1.1828,0.64236,-0.38615,-0.015409,-0.237,-0.736,-1.5702,-0.8023,-0.28743,-0.21577,-0.27284,-0.76034,-1.3534,-1.434,-2.0781,-2.9499,-2.9681,-2.5802,-2.1087,-1.8914,-1.2458,-0.8512,-0.39773,-0.27606,-0.072057,-0.38575,-0.34085,-0.66314,0.17159,-0.26754,-0.8797,-1.0739,-0.68589,-1.2221,-1.6099,-2.473,-2.3483,-2.1803,-1.64,-1.5971,-0.80047,-0.41635,0.046374,0.93496,0.034451,0.038274,0.4106,-0.21164,-0.5001,-1.1035,-0.82603,-0.60467,-1.3781,-1.4938,-0.97393,-1.398,-0.43675,-0.6268,-0.19413,0.086936,0.011216,0.90713,0.97789,1.2328,1.1117,0.97277,0.75775,0.57074,0.7323,0.93367,0.66159,0.27662,-0.2612,0.28487,0.7458,0.42641,1.0997,1.7803,1.9486,1.9172,1.6302,2.4774,2.1047,2.2387,2.2228,3.3241,2.172,1.4018,0.41504,-0.30999,-1.8401,-2.2643,-3.3329,-2.4407,-2.4518,-3.2966,-2.6705,-2.7568,-2.3619,-2.6761,-1.7545,-0.88176,0.46612,0.66863,0.22377,0.096689,0.89273,-0.326,-1.5905,-1.4798,-1.5636,-1.6542,-1.6905,-1.1112,0.10052,0.82409,1.2173,1.4831,1.4461,1.5816,0.86818,0.48692,-0.80903,-0.67389,-0.90422,-0.86962,-1.0088,-0.7495,-0.29487,-0.28503,-0.34711,-0.64073,-0.73515,-0.28978,0.10426,0.1094,0.055667,0.029264,0.87586,0.7461,0.44924,0.98232,1.3519,0.8123,0.59884,0.14334,0.049403,-0.91042,-0.2935,-0.90418,-0.60618,-0.92593,-0.98117,-0.0437,1.107,1.4257,0.81404,0.0025087,0.27571,0.6857,0.48895,1.7482,2.2074,1.9553,2.0229,1.599,1.1129,0.02771,-1.3274,-1.5214,-1.1183,-0.75975,-1.0982,-1.5796,-1.4797,-1.5531,-1.558,-1.8125,-2.3151,-2.8301,-2.7897,-2.4286,-2.5594,-2.9657,-2.1099,-0.97507,-0.31661,-0.34972,1.02,1.9949,1.3801,1.488,1.2923,0.39232,0.94093,0.73359,-0.057177,0.40072,0.6774,0.80283,0.69343,0.98788,1.0851,1.0815,0.29935,0.69875,0.65679,0.73054,0.95767,0.57101,-0.45957,-0.61696,-0.9055,-0.58719,-1.0326,-1.4091,-1.5764,-1.3757,-1.7984,-2.3052,-2.6039,-2.7647,-2.3577,-2.0488,-3.0817,-2.8373,-2.6522,-1.734,-2.1264,-1.4462,-1.6161,-1.0596,-0.34728,-1.0361,-1.2141,-0.17516,0.14073,-0.4469,0.44954,0.26375,0.34031,1.6801,1.4387,1.8096,1.9239,2.1759,2.3093,2.2156,1.7374,1.3337,1.452,1.786,2.4206,1.5561,1.6322,1.4136,0.61388,-1.2907,-1.7295,-0.7184,-1.5325,-1.573,-1.9831,-1.8872,-2.1326,-2.4268,-2.4751,-1.4196,-1.584,-1.5458,-1.4094,-0.47838,-0.028043,1.0285,1.1088,0.86045,0.65877,-0.083488,-0.7694,-1.2983,-1.6798,-1.3422,-1.1745,-1.8225,-1.1131,-0.17184,0.39902,0.73755,1.0272,0.68231,0.82571,0.39668,-0.35478,-0.13418,0.28282,0.059073,-0.137,-0.46108,-1.3889,-1.1625,-0.87298,-1.5116,-2.1483,-1.1945,-0.12755,-0.079887,-0.30537,-0.05665,-0.13587,0.47699,1.1232,1.2612,1.4126,2.094,1.8771,2.3919,2.7993,2.8527,2.429,2.5136,2.1732,2.0695,1.5717,0.97851,-0.001975,0.00019763,0.65147,-0.031271,0.39911,0.25838,0.2739,0.41648,-0.64989,-0.35866,-0.28193,-0.7596,-0.81197,-0.72852,0.01975,0.2802,1.1942,1.2937,1.3357,1.6598,1.843,1.9073,2.2055,1.9568,1.6619,1.7609,1.6611,2.1726,1.8572,1.569,1.6913,0.74632,0.89037,0.53195,0.15288,-0.53129,0.3196,-0.54436,-1.5855,-1.6828,-2.3397,-1.9191,-1.3704,-1.6069,-1.0707,0.09473,-0.096553,-0.59842,-0.60013,-0.049157,0.23368,0.62954,1.0739,0.98894,1.3738,0.93756,1.4864,0.72152,0.21152,-0.2111,0.12977,0.28357,-0.3172,-0.12633,0.32026,0.82365,1.2543,0.69785,0.80927,1.4007,1.3595,1.1206,1.1088,0.72312,1.4016,0.9118,0.90398,1.572,2.3216,2.1072,1.6982,2.211,2.0808,1.9,0.82508,-0.2509,0.019533,0.99441,0.21347,-0.18637,-0.429,-0.24881,0.017008,-0.69394,-1.4916,-1.3702,-1.5175,-1.8655,-2.2037,-2.7495,-1.4982,-1.8462,-1.5933,-1.5333,-1.6608,-1.7264,-1.6532,-1.1472,-1.2939,-0.57284,-0.97746,-0.29638,-0.12742,0.65543,0.75899,1.2137,0.67415,0.35178,-0.01974,0.34068,0.20145,-0.27835,-0.38437,-0.60376,0.083719,-0.96812,-0.56278,-1.0251,-1.43,-1.5257,-1.9766,-1.4913,-1.1678,-1.5536,-1.8195,-1.5584,-1.5695,-1.5733,-1.3906,-1.4508,-0.49963,0.46346,0.79034,0.86137,1.193,2.1244,2.2175,1.2994,2.1241,2.3841,1.7978,1.3317,1.1891,1.2573,1.0894,1.0561,0.78847,0.032765,0.17894,0.61869,0.74541,0.92186,1.1313,1.3128,1.6616,1.564,0.79353,0.56922,0.034715,-0.52544,-1.5228,-1.3023,-0.53896,-0.61584,0.083272,-0.37193,-0.63248,0.43275,0.17509,-0.86893,-1.7286,-1.4299,-1.7294,-1.5946,-1.8112,-1.2739,-0.80246,-0.47313,0.074622,-0.42901,0.74288,0.79689,0.1636,-0.59053,-0.48995,-0.37879,-0.61108,-0.50516,-0.67563,-1.1163,-0.60309,-0.18339,-0.3359,-0.15065,-0.11704,0.31996,0.45155,0.64924,0.52991,0.73255,-0.27249,-0.10721,-0.26311,-0.59678,0.17485,-0.91251,-1.3695,-0.7689,-1.6221,-1.2029,-0.33826,-0.75745,-1.041,-0.71097,-1.0841,-1.5278,-1.9085,-1.4466,-1.0001,-1.293,-0.7091,-0.58173,-0.25858,-0.59199,0.057654,-0.18001,-0.23,0.53329,0.5481,1.3008,1.4925,0.89208,0.19822,0.39711,0.1644,0.34152,0.23533,0.24576,0.15617,-0.03286,-0.0921,0.33953,0.17182,0.13906,0.25531,0.63915,0.3973,0.28973,-0.22634,0.24523,-0.72908,-0.81333,-1.0382,-0.75666,-0.89272,0.027962,-0.027241,0.80788,0.93373,1.1962,1.2039,0.27777,1.7047,0.9216,0.58964,-0.04187,-0.38342,1.5563,1.0542,1.3686,0.81343,1.82,1.6498,1.2083,1.0513,2.2241,1.8141,1.4946,1.3606,1.3285,0.7468,0.17394,-0.82542,-0.73535,-0.63916,-1.0844,-1.8318,-1.3101,-1.3866,-1.4207,-1.3304,-0.88317,-0.17066,-0.67315,-0.45697,0.28874,0.54436,0.89214,1.3309,1.5595,1.534,1.0654,2.1768,1.6899,0.88815,1.1568,1.161,0.65269,0.079698,0.06052,0.3945,0.46331,0.14752,-0.24123,-0.2595,-0.082258,-0.39136,0.82384,0.29733,0.24903,0.89004,-0.073262,-0.95608,-0.99106,-0.87478,-0.52915,-0.97587,-0.92627,-1.0093,-0.37195,-0.95628,-0.62788,-0.30917,0.67609,0.6832,0.7261,0.40566,-0.082935,-0.27829,-0.90015,-1.5362,-1.4462,-0.95955,-1.0327,-0.091533,0.29787,0.069805,0.18572,-0.030384,-0.59159,-0.84041,-0.36222,0.23485,0.74548,0.50192,1.1912,0.87111,1.1095,0.90524,0.78776,0.92635,0.86039,0.16637,1.1773,1.3171,0.90593,1.1116,0.71415,1.2795,0.84605,0.26046,0.55863,0.91786,0.88329,1.4131,1.4466,0.89133,0.86003,0.6043,0.44723,-0.039758,-0.26074,-0.7802,-0.69929,0.38409,-0.19051,-0.63903,-1.2231,-1.5129,-2.0766,-2.162,-1.7784,-1.2007,-0.81585,-1.1068,-0.8595,-1.0985,-0.61132,-0.27831,-0.39387,-0.83002,-1.1938,-1.8403,-1.9722,-2.4097,-2.244,-1.7421,-1.0754,-0.85429,-0.64918,0.33141,-0.50608,-1.203,-1.3326,-1.677,-1.1096,-0.52949,-0.67105,0.67054,0.55422,0.24801,-0.21323,-0.35324,0.35795,0.019185,0.91572,0.56114,1.0932,1.2519,1.7068,0.91345,1.0619,0.51907,1.1202,1.4967,1.2511,0.24856,1.0032,0.53057,-0.17543,-0.1751,0.1134,-0.055195,-1.0159,-0.84018,-1.8914,-1.4929,-1.5794,-1.2884,-1.1196,-0.71452,-1.0026,-1.0136,-1.5096,-1.2608,-1.607,-1.4958,-1.5293,-1.9545,-0.98613,-1.3537,-1.1948,-0.63466,-1.0381,-0.89247,-1.061,-1.3962,-0.77386,-0.71413,0.62383,1.0614,1.8317,1.364,0.34495,0.9028,0.2532,0.33663,0.9993,0.71899,1.1876,1.3973,1.2741,0.7623,0.78478,0.70873,0.47308,0.31521,-0.26508,-0.24694,-0.36343,-0.51851,-0.99157,-0.79838,-0.39538,-0.61101,-0.92785,-0.72752,-1.2141,-0.56463,0.039043,0.020922,0.21313,1.0808,1.3843,1.6672,1.6006,2.1642,1.5276,1.6329,1.4085,1.0776,1.0137,0.67364,0.30924,0.76457,0.28616,0.049753,0.63505,0.3991,1.643,1.5362,1.7997,1.5639,1.8368,1.1944,0.33538,-0.023029,-0.60511,-0.94693,-0.92014,-1.1013,-1.0606,-0.9229,-0.98534,-1.3276,-1.1953,-0.88818,-0.8182,-0.66714,-0.45389,-0.29793,-0.42531,-0.45731,-0.59309,-0.75189,-0.41477,0.28916,-0.064696,0.56757,0.57118,0.86131,1.657,1.2917,1.7756,1.7433,1.416,0.99696,0.63566,0.28817,-0.17502,-0.34219,-0.52944,-0.96005,-0.83107,-0.78307,-0.88488,-0.8225,-0.84659,-0.96769,-1.3376,-1.2964,-1.1724,-0.51263,-0.5985,-0.66572,-0.0095182,0.12049,0.80347,-0.46048,0.03139,0.027885,0.0014565,-0.18122,0.28715,0.66962,0.64204,0.41744,0.40769,0.73698,0.25096,0.40505,0.54974,0.35833,0.67048,0.78531,1.1237,1.4929,2.2777,1.7779
1.3892,1.3819,1.6098,2.12,1.8217,2.1382,2.4112,2.2311,1.6801,2.1948,2.2404,1.8696,1.6282,1.572,1.7907,1.5859,1.8916,2.4082,2.7052,2.5793,2.502,2.108,2.2929,0.82222,1.3783,1.6845,1.422,0.81289,1.6979,2.4397,1.7737,1.1818,1.6251,1.5464,1.4109,1.3539,0.95714,1.4313,0.95443,-0.2041,-0.84431,-0.36965,-1.1485,-1.9471,-2.172,-0.6747,-1.0035,-1.3645,-1.4715,-1.4013,-0.7345,-1.769,-1.1309,0.61878,1.0616,1.1857,0.23554,0.47816,0.64018,-0.28591,-1.6162,-1.9557,-1.8422,-1.8605,-2.552,-1.9099,-0.79938,-0.33771,-0.47872,-0.30284,0.14492,0.04821,0.30393,0.10614,0.36998,1.6281,1.0383,0.74467,0.50645,1.0374,0.99512,0.37324,0.18079,0.19963,1.1245,0.024233,0.054991,-0.19819,0.77033,0.32817,0.41347,0.83793,0.89551,0.80129,0.52523,-0.55369,0.35149,-0.80223,-0.62514,0.15828,0.76696,0.50638,0.51093,0.73883,0.0084814,-0.14472,-0.73751,-1.161,-1.4147,-1.1988,-1.3397,-1.8216,-1.8388,-1.4831,-1.788,-1.8174,-2.0621,-2.3058,-0.91493,-0.39381,-0.80776,-0.32934,0.38111,-0.2768,-0.88593,-1.3142,-0.94573,-1.0178,-1.7129,-2.6206,-1.686,-1.2815,-0.75285,-1.4334,-0.89859,0.59726,0.64651,0.11133,-0.10007,0.59581,0.2144,-0.62826,-0.99184,-1.1962,-0.76053,-0.88627,-1.2859,-0.94403,-0.53415,-0.88408,-0.7716,-1.2757,-0.86166,-0.89928,-1.2335,-0.713,-0.60181,0.31099,0.075737,-0.3494,-0.1455,0.033564,-0.15183,-1.1496,-0.96086,-1.2774,-1.0522,-1.4362,-1.7876,-1.2011,-0.91798,-0.56205,-0.36938,0.21887,-0.16792,0.3919,-0.072776,-0.22044,0.22532,0.46283,0.42131,0.55823,0.72831,0.49105,0.89492,0.53789,0.3871,0.25122,-0.14333,-0.88005,-0.95269,-1.2024,-1.1066,-1.0825,-1.3014,-0.81083,-0.86378,-0.30413,-0.37212,-0.55539,0.51271,0.42167,0.075147,0.12897,0.17307,0.39058,-0.56758,-0.50873,-1.463,-0.41602,-0.82071,-1.4419,-0.95558,-0.81778,-0.65184,-0.89515,-0.68124,-0.87733,0.021303,0.43074,0.15955,0.85236,1.4971,1.7866,1.6219,1.7196,1.7916,1.6651,0.98828,0.39635,0.18023,0.095568,-0.95756,-0.39402,-0.22794,0.47071,-0.055274,-0.6487,0.0086006,0.92958,0.055794,-0.071357,-0.36324,0.26429,-0.1224,-0.12743,0.31494,1.9303,1.9106,1.3364,1.0099,1.3227,1.4779,0.75735,0.83755,1.5428,0.21892,0.74283,0.12631,0.9973,-0.015808,-0.62533,-0.57574,0.020963,-1.1493,-0.57219,-0.39944,-0.29399,-0.029331,-0.93627,-1.2345,-1.8797,-1.4431,-1.1478,-1.4724,-1.4635,-0.9394,0.3613,0.66347,0.19181,0.27605,0.076889,-0.18421,-0.54373,-1.345,-1.2309,-1.5722,-1.3919,-0.8694,-1.2773,-0.90026,0.31519,0.67206,0.93869,1.6691,1.6518,0.83711,0.26729,0.18727,-0.72989,-1.6382,-1.6075,-1.3334,-2.0207,-1.3643,-1.218,-1.0031,-1.1818,-2.0295,-1.1868,-1.0618,-1.3702,-1.8911,-1.8533,-1.2769,-1.2158,-0.18132,-0.24148,0.20028,0.14587,1.0677,0.331,0.051269,-0.055058,0.17909,0.69325,-0.38289,0.11469,0.061101,0.14818,-0.3989,-0.93736,0.10594,0.65524,1.0608,1.4827,1.6693,2.9808,3.1302,1.9023,1.509,1.8847,0.99169,0.1846,-0.13126,-0.41521,-0.61063,-0.57636,-0.21337,0.52917,-0.38606,-0.59546,-0.63316,0.76176,1.0599,1.7249,1.4814,2.3518,1.9849,0.92995,0.27604,0.059768,-0.0093874,-0.95118,-0.78124,0.19888,0.69741,0.24397,-0.10758,-0.26862,-0.30705,-1.243,-2.0828,-1.6135,-2.1523,-0.89333,-1.5336,-0.3023,-0.16016,1.2205,0.91753,0.45824,0.69695,1.0472,-0.13645,-1.0222,-0.061727,0.014265,0.35959,0.55946,-0.14856,0.68574,0.78575,1.2039,0.38073,0.18547,0.44765,0.38771,0.59762,1.0221,1.3041,1.986,2.0212,1.9466,1.5172,1.1996,0.76322,0.64705,0.74721,1.1644,0.40588,-0.42439,-0.24186,0.13488,0.084172,-0.80574,-0.5479,-0.95249,-0.09224,-0.48631,-0.23056,-0.53508,0.073165,-0.18614,0.27346,0.10003,0.89434,0.60481,0.6512,0.66408,-0.15616,-0.010829,-0.68643,-1.3365,-1.8213,-1.6357,-1.0742,-1.4238,-0.86139,-0.15088,1.3712,1.3092,0.03046,-0.25411,-0.091587,-0.082463,-1.4401,-0.47262,-0.0044553,0.52742,-0.073868,0.47088,0.436,0.77741,0.13701,0.059984,-0.5353,-0.11299,0.68141,-0.33756,-0.97737,-0.2703,-0.40212,-0.37274,-0.92017,-0.2134,-0.39765,-0.32378,0.32069,0.78738,1.6191,2.1345,3.0562,3.0356,1.7884,2.3188,1.8494,0.9802,-0.1569,-0.86084,-1.6113,-1.3066,-0.63675,-1.0491,-1.124,-1.21,-0.7083,-1.0409,0.10558,0.061427,0.12207,0.18383,-0.21129,-0.20405,-1.0273,-1.093,-0.92091,-1.2235,-1.7216,-1.6696,-1.3595,-0.67621,-0.95776,-0.75117,-0.32159,0.30476,1.194,1.3159,1.8691,2.3585,2.793,2.4144,1.5075,1.8053,2.0723,1.3301,-0.20969,-0.46259,-0.22659,-0.12393,-0.69143,0.12508,0.13056,1.0227,0.59335,0.46088,-0.20559,-0.4161,-0.084761,-2.0916,-1.6003,-1.1533,-1.6641,-2.2962,-2.2603,-1.5064,-1.0482,-1.7622,-2.0073,-1.1514,-0.89769,-0.049817,-0.27616,-0.5335,0.28418,1.1944,0.20341,0.46767,0.62501,0.42986,0.85089,0.50489,0.058603,-0.077321,0.11215,-0.34078,-0.85444,-0.46819,0.076216,-0.083446,0.59382,-0.094605,0.16793,-0.89998,0.13081,-0.76146,-0.77068,-0.2083,0.27428,-0.21048,-0.14557,-0.22143,0.084839,-0.93788,-1.4412,-1.0583,-0.85992,0.5196,0.256,-0.1362,0.44499,0.16408,0.39126,0.34309,0.81953,1.0018,1.9201,1.6476,1.9392,1.7539,1.807,1.4025,1.2506,0.79693,1.013,0.62835,0.50303,0.72723,0.94063,0.66893,0.12903,0.0059185,0.64923,-0.6141,-0.95993,-1.2184,-1.3892,-1.4392,-2.2532,-1.7162,-2.0619,-1.861,-2.2105,-2.2642,-1.9784,-1.7324,0.64554,-0.60757,-0.36859,0.051904,1.1105,1.3488,0.945,0.84654,1.2246,1.4595,0.68289,0.66462,0.79209,0.97767,0.34886,-0.3504,-0.77727,-0.36799,-0.51688,-1.0831,-1.124,-1.5458,-1.0432,-1.6815,-1.8056,-2.0066,-1.9366,-2.7143,-2.1749,-1.9778,-1.7328,-1.694,-0.63262,-0.53645,-0.019286,0.53287,1.0369,1.2051,1.3799,1.6651,0.65152,0.42755,0.65548,-0.59866,-1.4024,-1.6502,-0.58207,-0.66924,-0.69141,-0.0093269,0.69813,1.1978,0.92265,1.0407,0.9061,2.1657,1.0467,0.31544,0.34025,1.1288,0.78329,1.0535,1.1506,0.729,1.1444,1.0097,0.47568,-0.22004,-0.22551,-0.81638,-2.3372,-2.2548,-1.7651,-2.7011,-1.9903,-2.9987,-2.1242,-1.3283,-0.71273,-0.97585,-0.27551,0.46937,1.3182,1.4556,1.9288,1.8371,1.3981,1.5581,1.2269,0.69111,1.2421,0.86192,0.25303,-0.24745,-0.71407,-0.9471,-1.0906,-1.4192,-1.3407,-0.90456,-0.64047,-0.48479,-0.21104,-0.048937,0.63217,0.19632,-0.34564,-0.31049,0.3252,0.1153,-1.747,-1.1488,-0.39874,0.27385,0.65213,0.080491,0.11712,0.91539,0.58505,-0.015137,0.12431,-0.70413,-0.30913,-1.3093,-1.5488,-1.2669,-0.78643,-0.24945,-0.16743,-0.16531,0.64412,1.2682,1.8714,2.1018,2.1077,2.3744,2.7322,2.4464,1.8044,1.3728,1.8546,1.0385,0.1368,-0.49067,-0.027728,-0.23612,-0.045058,-1.0913,-1.0713,-0.5856,-0.51043,-1.0531,-0.90337,-1.9377,-0.64387,-1.6728,-1.6423,-1.7844,-1.866,-1.5364,-2.0011,-2.6752,-2.1065,-2.256,-1.4247,-1.7784,-1.2534,-0.49106,0.6762,1.2264,1.7477,1.9286,2.6541,2.5409,1.6727,0.868,0.99553,0.73061,-0.54885,-1.8307,-1.104,-2.4613,-2.5932,-3.668,-3.1838,-2.9265,-1.9708,-2.4499,-1.9549,-0.93258,0.17717,1.5577,1.4305,2.1417,2.106,1.344,1.3612,0.06031,-1.0312,-0.80641,-1.1735,-2.4896,-2.1879,-2.5531,-1.9592,-1.5777,-1.9322,-1.7946,-1.7246,-2.3374,-3.3643,-1.8176,-2.231,-2.1308,-1.5578,-2.0165,-1.8085,-1.1005,-0.66372,0.29705,-0.36775,0.33812,1.1775,1.58,1.7062,2.1177,2.3037,2.8407,3.3206,2.4593,2.4984,3.0051,2.3315,1.1715,0.71059,0.60569,0.45641,-0.3104,0.1974,-0.53074,-0.29487,-0.75012,-1.5853,-2.3243,-1.176,-0.54525,-1.4881,-0.77661,0.17836,0.96975,1.2701,0.83588,0.5408,0.73105,-0.050226,-1.1257,-1.5416,-0.51752,0.60318,0.34116,0.84845,1.6829,1.4246,0.98601,0.94802,0.68192,0.53149,-0.58897,-0.89676,-1.0702,-1.3232,-1.4783,-2.1004,-1.8875,-1.3925,-1.5719,-2.2841,-2.8667,-2.2667,-2.0974,-1.6607,-1.9052,-1.5363,-1.603,0.04266,0.31912,1.1763,1.2748,2.2319,2.5718,2.2951,2.3033,1.5944,1.5934,0.90729,-0.06738,-0.74186,-1.8686,-0.8289,-0.97757,-1.2339,-0.77833,-0.12355,0.31631,-0.088986,0.18621,1.3226,2.0603,2.8076,3.2513,3.1193,2.8502,2.036,0.54981,0.53125,0.57737,0.82439,0.058522,-0.27371,-0.27712,-0.19757,0.05331,-0.5835,-1.0627,-1.7528,-2.0851,-3.5093,-3.9364,-3.4296,-2.183,-1.3161,-1.4358,-1.058,0.41559,2.0437,1.94,1.3628,1.4489,1.559,0.90105,0.47399,-0.338,-0.47089,-0.46545,-2.2903,-2.4889,-2.4347,-1.9832,-1.7815,-1.7032,-0.90048,-0.26957,0.58215,0.17309,1.2861,1.3046,1.7602,0.82639,-0.1581,-0.54651,0.12795,0.46498,-0.48423,0.13815,-0.24869,-0.084168,-0.080097,-0.90662,-1.4165,-2.2187,-1.6341,-2.2617,-2.2259,-1.772,-1.4918,-0.9702,-0.74552,-0.51335,-0.76886,0.52945,0.70735,1.6249,1.9103,2.5633,2.6556,1.5756,1.2628,0.70876,0.63011,-0.52999,-0.56706,-0.5878,-0.69368,-1.3271,-1.3558,-1.6348,-2.3499,-2.6102,-3.3302,-3.013,-3.2295,-2.6697,-2.0003,-2.9341,-2.4017,-1.8731,-1.1837,-0.97622,-1.0215,-0.024434,1.0768,1.6485,2.3229,2.5733,2.5218,2.944,1.7516,1.3723,0.80416,0.41654,0.064361,0.24819,-0.80058,-0.54941,-1.1531,-1.6432,-0.81025,-1.6619,-1.7893,-1.9838,-1.1876,-2.0818,-1.1561,-0.37452,0.10073,0.78722,1.5376,1.3988,1.7261,0.8171,-0.26482,0.24566,0.33975,-0.14234,-0.39105,-0.89201,-0.76752,-0.59323,-1.2396,-1.8318,-1.8041,-1.4277,-1.0964,-0.65821,-1.4992,-1.2,-0.75842,-0.33857,-0.29461,-0.05028,0.030154,1.032,1.4711,1.8817,2.6019,3.0834,3.242,3.3762,2.6267,2.3897,1.3673,0.97642,-0.32407,-1.1151,-1.3257,-1.7856,-1.1618,-2.1774,-1.5399,-1.755,-1.0566,-0.71358,-0.78361,0.22329,0.40641,1.2026,1.1606,0.67098,0.87397,1.04,0.82336,-0.65786,-0.661,-0.32076,-0.72191,-0.19913,0.10002,-0.063479,0.28853,0.59094,1.1163,1.4539,1.8151,2.0839,2.5957,2.2991,1.5827,0.97675,0.62021,0.5868,0.23275,0.09409,-0.43619,-0.63056,-0.80944,-0.98401,-1.6957,-2.1087,-2.7791,-2.8558,-2.0366,-2.9142,-1.5191,-1.0227,0.3295,-0.23529,-0.11346,0.18697,0.17016,0.71576,-0.043654,-0.44059,-0.026612,0.51562,0.42957,1.2022,0.63497,0.69765,0.37749,1.0809,1.5031,1.0347,0.74644,0.69418,0.4854,1.096,0.93591,0.98858,1.1894,1.273,1.8498,1.964,1.473,1.2273,0.84585,0.82556,1.4944,1.1596,1.8365,2.5079,2.7783,3.087,1.5917,1.1192,0.23822,0.13123,0.14207,-1.2868,-1.2293,-1.4613,-1.3374,-1.5503,-1.1082,-1.917,-1.7382,-1.3849,-0.96607,-1.021,-0.47652
1.3716,1.1228,0.61658,1.1017,1.0488,1.1102,1.1886,1.4615,1.8461,2.1222,1.2504,1.6033,1.7047,1.2909,0.81475,0.90934,0.78047,0.99575,0.81953,0.9706,0.6686,0.9461,0.23997,1.1477,0.86487,1.2721,0.34424,-0.108,-0.18839,-0.50749,-0.89389,-0.65544,-0.56134,-1.4671,-1.5283,-2.0314,-1.8374,-2.4518,-2.5213,-2.522,-0.94593,-0.96255,-0.74061,-0.20405,0.69832,0.88987,0.71717,0.64251,0.10238,-0.072095,-0.40763,0.0059238,-0.44725,0.19159,0.2786,1.0748,0.99542,0.35252,0.076935,0.67444,1.0114,1.6841,2.8995,2.5958,2.1005,3.1775,2.903,2.3673,2.0627,1.3267,-0.04461,-0.79075,-1.5687,-1.9201,-2.2743,-2.2447,-2.2419,-1.7765,-1.6109,-0.74137,-0.44021,-0.95885,-0.89839,-1.5169,-1.8094,-0.71914,-0.66894,-0.5978,-0.72373,-1.4807,-0.91636,-0.41623,-0.19987,0.048526,0.52345,0.84765,0.67861,0.88232,0.84595,0.55363,0.1906,0.18765,-0.33826,-2.1781,-2.0292,-2.1346,-1.9268,-1.1794,-1.0868,-0.076354,-0.5218,-0.31363,-0.35316,0.71035,0.25025,-0.14394,-0.023268,0.065285,-0.052483,0.28583,0.31546,0.46181,1.0224,1.4903,2.3251,2.3608,2.8698,2.4694,2.0224,2.4713,2.0007,1.217,0.97886,0.32967,0.80337,0.0029585,-0.52685,-0.56765,-0.76007,0.044088,-0.28069,-0.071273,-0.47278,0.55443,0.10471,-0.72698,-1.3463,-1.3241,-0.76925,-0.60529,-0.73631,-1.0074,-0.21298,0.11799,0.0038825,0.034272,-0.43117,-0.37751,-0.1071,-0.10516,0.2861,0.97627,0.70977,0.38528,1.4862,1.7612,1.4137,2.39,1.7946,2.3551,1.4859,0.92456,1.428,1.4277,1.3065,1.8284,1.5274,1.4823,1.0624,-0.048159,-0.38039,-0.92241,-1.1834,-0.76882,-1.8778,-3.2883,-2.8276,-2.9999,-3.1378,-2.7052,-2.8749,-1.738,-1.5621,-1.2937,-0.83263,-0.12717,0.09556,0.52593,0.94164,1.6262,2.1026,2.4704,1.9672,2.8952,3.8299,2.594,2.5951,2.4179,3.3676,3.151,3.1809,2.9284,4.0271,3.4579,3.4729,2.8305,2.563,1.3315,0.53264,-0.051041,-0.68621,-0.8418,-0.32042,-0.36966,0.54712,0.88082,1.0899,1.0124,0.98754,1.2781,1.2259,0.89133,1.5931,2.0406,1.7489,2.1753,2.0289,1.586,1.8008,1.1448,1.5535,0.45589,1.6148,1.7918,1.7738,2.2111,2.3564,1.316,2.04,1.191,1.5497,0.47374,0.39633,0.74011,1.0812,1.3887,1.5435,0.80649,1.9369,0.94873,0.80377,0.42298,0.39057,-0.94622,-1.7967,-2.8539,-2.9745,-3.066,-2.9734,-2.9767,-2.8343,-2.7178,-2.8202,-2.3823,-2.2735,-1.7084,-0.75443,-0.40731,-0.68044,-0.88864,-0.76665,-1.5213,-0.97821,-0.61518,-1.1573,-1.213,-0.89749,-1.1185,-0.81774,-0.74578,0.13624,0.27332,0.54772,0.33089,-0.24657,-0.13796,-0.2914,-0.19933,-0.71349,-1.2231,-1.4025,-1.4715,-1.3276,-1.5929,-1.7376,-1.1767,-1.0352,-0.61478,-0.86239,-0.44469,-0.27901,-0.45661,0.43132,1.182,1.5218,2.507,1.8542,2.5192,3.0831,2.3896,2.5311,2.9033,2.9131,2.1657,2.0379,2.0679,2.6933,2.3346,1.5886,2.1551,2.4275,2.6551,2.4995,3.3878,3.1124,2.5091,2.2075,1.2342,1.1466,-0.14798,-0.26652,-0.84629,-0.43848,-0.63229,-0.51636,-0.21465,-0.22214,-0.80775,-1.4876,-2.1896,-1.4197,-0.71139,-0.68853,0.091347,0.43925,1.9159,1.5761,0.82659,0.8886,0.7501,0.057787,-0.026116,-0.65128,-0.52727,-0.076853,-0.94843,-1.169,-2.0149,-1.8532,-1.2037,-1.683,-1.4435,-2.0592,-1.5433,-1.4761,-1.9764,-1.5953,-1.0808,-0.54811,-0.53056,0.13659,0.27702,1.1671,0.57014,0.82102,-0.40492,-0.14587,-0.06034,-0.71835,-1.4319,-1.276,-1.565,-1.0725,-0.92987,-0.82544,-0.90938,-0.42957,-0.24744,-0.34269,-0.50537,-0.60674,-0.6063,-1.5207,-1.251,-1.3261,-0.96091,-1.0696,-1.2737,-1.1623,-0.68905,-1.2057,-1.5158,-2.1101,-1.6039,-1.8829,-1.6758,-1.8248,-1.3254,-1.1623,-1.3472,-0.32442,-0.51408,0.052327,-0.70048,-0.45789,0.1353,-0.30153,-0.90768,-1.0776,-0.9419,-1.7542,-1.9683,-2.135,-2.2397,-1.6871,-1.4064,-1.18,-1.5858,0.091758,-0.068553,-0.016197,-0.3345,-0.51528,-0.18914,-0.49852,-0.64927,-0.097799,-0.096902,-0.034818,-0.69907,-1.1871,-1.3305,-1.1958,-1.1994,-0.15759,-0.63911,-0.23543,0.025345,0.075604,0.37959,0.15687,0.041251,0.36052,0.31813,-0.064318,-0.11065,-0.44229,-0.0061511,0.57347,0.12128,0.69403,1.1591,1.4013,1.3803,1.1699,1.4043,0.86311,0.011463,-0.57861,-0.33392,-0.77809,-1.4613,-1.7937,-2.3507,-1.5436,-0.92349,-1.758,-1.3399,-1.9246,-1.7135,-2.0189,-1.3471,-1.2559,-1.3241,-0.9479,-1.4176,-1.0309,-1.1053,-1.3197,-0.62064,-0.65759,0.08178,-0.15822,-0.23513,0.14015,-0.5706,-0.90244,-0.18964,-0.10095,0.019666,0.86492,0.47898,0.11833,0.30555,0.20321,-0.68247,-0.20849,-0.3998,-0.094439,-0.32075,0.19748,0.21993,0.5011,0.45062,0.25834,-0.091319,-0.56062,-0.14389,0.19457,0.56591,0.7598,1.0524,1.3973,0.48446,0.48283,0.19762,-0.95205,0.032298,-0.94248,-1.077,-1.1721,-0.55053,-0.23559,-0.80094,-0.1486,-0.6927,-1.1001,-0.95503,-0.54973,-0.2062,0.061221,-0.15221,-0.29391,-0.22901,0.10089,0.44792,-0.25135,-0.45203,-0.65017,-0.8778,-1.5014,-1.3671,-0.99981,0.20456,0.15135,1.1949,1.5501,2.6191,2.2555,1.1929,1.1398,-0.42262,-0.53148,-1.0069,-1.5345,-1.3706,-0.77214,-1.4285,-1.3426,-1.7085,0.17276,-0.29099,0.56432,0.50232,0.81232,1.624,1.4948,1.4951,1.4133,1.4153,1.6362,1.5794,1.2121,1.5736,1.4243,0.57234,0.41846,-0.13993,-0.27398,0.060626,-0.14785,-0.71254,-1.333,-0.84479,-1.1462,-0.68857,-0.48282,-0.71659,-0.95612,-0.51597,-1.1114,-1.6194,-0.90217,-2.2122,-1.1386,-0.40119,0.14291,-0.58679,0.70987,0.38818,-0.26523,-0.034726,-0.14691,-0.13066,0.0031815,-0.24003,0.13683,0.14987,-0.66046,-1.2099,-1.4937,-1.9133,-2.4164,-2.4919,-1.9226,-1.9141,-1.4874,-1.5964,-1.2687,-0.96751,-0.71865,-0.67986,-0.42826,-0.27064,-0.080316,-0.14787,-0.33454,0.8476,0.34492,-0.016965,-0.5808,-0.44533,-0.51889,-1.0617,-1.1098,-1.3683,-1.2715,-0.7328,0.11184,-0.14299,-1.0649,-1.1231,-0.97731,-1.6055,-1.3367,-1.1502,-1.1764,-0.84752,-0.98305,-1.8756,-2.0457,-1.7729,-1.8677,-0.88075,-1.1166,-0.086402,-0.11059,-0.55686,-0.17153,-0.0097007,-0.05133,-0.79812,-0.3533,-0.22606,0.016097,-0.41097,-0.76058,-0.43026,0.092321,0.94975,0.65656,0.94573,0.64189,1.1404,0.90579,1.0795,1.5814,3.2855,3.3602,1.9813,2.4593,1.3295,1.4324,0.97684,0.11679,-0.46838,-0.4044,-0.5339,-0.37645,-0.39958,0.41783,0.49524,0.85524,0.73212,1.3139,1.2965,0.98804,0.96669,0.84545,0.7071,0.98781,0.58505,0.25332,0.81972,1.0959,1.4531,1.4111,1.1963,0.9575,0.91867,1.0134,0.1751,-0.10563,-0.41042,-1.4338,-1.7403,-2.0926,-1.4869,-0.7824,0.075793,-1.0673,-0.66243,-0.60759,-0.62684,-0.60159,-1.0274,-1.6836,-1.7684,-1.6695,-1.4446,-1.3066,-0.93391,-0.68755,-0.48971,-0.51998,0.10029,-0.30129,-0.72053,-1.0889,-0.72648,-1.0432,-0.68047,-0.33219,-0.63025,0.1996,0.33528,0.55977,2.0033,1.5243,1.4937,2.5436,2.6934,2.254,2.7674,2.9376,2.614,2.284,1.0017,1.2492,1.8058,1.801,1.3806,0.81177,0.48617,0.71451,0.2265,-0.40033,-0.78103,-1.0389,-0.70021,-0.79262,-0.52945,0.22608,0.28355,0.84234,0.21665,-0.051913,0.02545,-0.55427,-1.5142,-1.3647,-0.79474,-0.67437,-0.51319,-1.2808,-0.40539,0.59959,0.15556,0.05183,0.17835,0.23163,-0.089064,-0.73976,-0.53493,-0.44474,-0.84195,-1.0073,-0.85506,-0.89731,-0.50457,-0.57968,-1.0424,-1.3414,-0.30611,-0.4816,0.022443,0.63801,-0.53014,-0.15302,0.71698,0.59283,0.25574,-0.28675,-0.057483,0.5454,0.35866,0.26595,-0.17495,0.53591,0.93458,0.74646,0.75744,1.0933,1.4732,1.0831,1.0615,1.2564,1.7127,0.96349,0.19212,-0.30867,-0.15549,-0.70093,-0.9317,-1.1371,-1.0694,-1.2655,-1.0243,-1.2469,-1.6139,-1.6201,-0.8311,-1.8443,-0.83043,-0.6077,0.13589,-0.015229,-0.70939,-0.14593,-0.51135,-0.79405,-1.5738,-0.72029,-1.5541,-1.5072,-1.1891,-0.84021,-0.37414,0.34155,1.1545,0.90455,0.81576,1.3231,0.90264,0.54935,0.83209,0.42173,0.79199,0.39603,0.66124,-0.434,0.4349,0.17421,-1.3832,-1.1937,-1.228,-0.66295,-0.45058,-0.60561,0.026744,-0.49881,-0.84149,-0.78188,-0.41945,-0.2867,-0.63659,-0.85477,-0.38268,-0.8124,-1.2783,-1.9476,-2.3941,-2.3723,-1.5443,-1.5302,-1.4455,-2.2416,-2.3056,-2.3744,-1.9278,-1.797,-2.0022,-1.561,-0.72317,-0.31568,-0.35327,0.01242,0.89912,0.83418,0.32026,0.66646,0.4924,0.35744,0.61221,0.61506,0.65335,1.2006,1.4166,1.384,0.89826,0.23223,0.84359,0.8837,0.17965,0.32146,0.014201,-0.41987,-0.27769,-0.19744,0.45045,-0.55567,-1.1213,-1.208,-1.657,-1.5541,-1.6252,-1.4974,-1.6206,-1.3714,-0.8218,-0.13435,-0.46424,-0.76037,0.053333,0.34626,1.2103,1.6421,1.4759,2.1066,1.5342,1.4055,2.2336,1.1603,1.4751,1.5888,1.5212,0.56467,-0.18267,-1.0158,-1.5458,-1.6202,-1.9073,-1.7189,-1.6913,-2.1812,-0.4071,-1.4048,-1.2646,-1.0097,-0.35489,-0.33297,0.13915,0.19619,0.60983,0.49606,0.43284,0.4907,0.38003,1.1679,1.2658,1.1221,1.3762,1.583,1.2379,0.89812,0.33325,0.28974,-0.23682,0.25392,0.67108,-0.099829,-0.45427,-0.062864,0.83725,0.25941,0.30203,-0.66112,0.036518,0.096034,-0.62116,-0.8991,-1.0998,-0.35706,-0.612,-0.14978,0.61215,0.87433,0.55154,0.22528,-0.027698,0.045696,0.17267,0.50492,0.060226,0.15116,0.65411,0.9194,0.78778,0.73534,0.27905,1.4575,1.1102,1.4942,1.2951,1.2762,0.80331,1.4396,1.6859,2.3854,1.8882,2.2438,2.0087,1.6134,1.4775,1.53,0.91264,1.286,1.3088,1.5245,1.3473,1.426,1.1834,1.5333,1.9171,1.5731,0.48457,0.53333,0.86152,0.26607,0.71993,0.47944,0.506,0.06025,0.28244,0.14586,-0.34091,-0.12881,0.00014719,-0.73563,-0.61361,-0.38686,-0.32684,0.40579,0.44611,0.26024,-0.4935,-0.27081,-0.68085,-1.0652,-1.4303,-1.5891,-1.5435,-1.2706,-1.5742,-2.1154,-1.7584,-2.2414,-1.7237,-1.9263,-1.0122,-0.68923,-0.51546,-0.59786,-1.4186,-1.6382,-1.4256,-1.0551,-0.48492,-1.4383,-0.77757,-0.57351,0.091501,0.32478,0.56503,0.55643,0.47849,0.23336,0.46075,0.57503,0.76208,0.62837,0.1159,-0.5832,-0.79084,-0.4832,-0.24281,-0.35047,-0.59805,-0.55346,0.022254,0.17242,0.58704,0.58882,0.49811,0.78523,1.536,1.5063,2.4523,2.5542,2.98,2.7233,2.4721,2.2044,2.1599,2.4443,1.328,1.0224,0.51901,-0.4282,-0.11523,-0.04954,-0.47608,-0.47884,-0.96501,-0.52408,0.20279,0.86483,0.40488,0.33036,0.77134,0.966,0.92904,1.0943,1.2586,1.1871,1.5661,1.9772,1.841,1.4126,1.5869,1.8135,1.7991,1.8162,1.3755,0.44512,-0.22117,0.14031,-0.30323,-0.47386,-1.2295,-0.9564,-0.71581,-0.17156,-0.56581,-1.2114,-0.28478,-0.98001,-0.23883,-0.36239,-0.84518,-0.50854,-0.15756,0.028673,-0.12624,-0.59701
0.92074,1.1038,0.85549,0.92491,0.75374,1.4875,0.42833,1.0134,1.4521,1.0764,1.2942,1.879,1.564,1.8601,1.5921,1.7452,1.0214,0.61115,-0.027053,-0.28065,-0.38294,-0.54687,-0.61484,-0.33347,0.6335,0.47127,0.76849,-0.26726,-0.44929,-0.54915,-0.73153,-0.37084,0.23153,0.34099,0.061659,-1.3954,-1.0316,-0.99999,-1.3003,-1.8924,-2.2978,-2.1352,-1.8288,-1.7174,-2.1404,-1.594,-1.3812,-1.2364,-0.8376,-0.13091,-0.39232,-1.1271,-2.3338,-1.5891,-2.2749,-2.6192,-2.4641,-2.4272,-1.0417,-1.0549,-0.50762,-0.5298,0.62634,-0.45948,-0.032061,-1.3164,-0.75385,-1.6584,-2.1918,-1.5409,-1.6526,-1.7499,-1.3674,-1.5833,-0.98193,-1.304,-1.254,-1.6143,-1.297,-0.30965,-0.57599,-1.0146,-0.98556,-1.2504,-1.0036,-1.4996,-1.6477,-1.5136,-1.5374,-1.5531,-1.9001,-0.78602,0.072657,-0.49577,-0.034787,0.87419,1.4064,1.6577,1.9985,1.4478,1.113,-0.3281,-1.0005,-0.09747,-0.027882,0.081256,0.10206,1.0216,2.1193,1.599,1.2447,1.2181,1.3854,1.5083,1.9864,2.32,2.2781,2.0265,2.0284,1.5578,1.2189,0.66703,1.0787,1.0205,0.84668,0.46027,0.77671,1.1015,1.2655,1.5624,1.652,1.3317,0.90276,1.7463,1.3014,1.3673,0.37733,-0.25893,0.59543,0.47457,0.52104,0.26319,1.1433,1.4782,1.6388,1.5978,1.9618,1.6188,2.4586,2.1834,1.9938,2.1629,2.2789,2.303,2.2475,2.1826,2.8516,2.841,3.1196,2.9727,3.1761,2.9764,2.2499,1.1907,1.0418,1.1537,0.67679,0.64555,-0.36954,0.30809,0.71198,0.85137,0.84364,1.1237,0.76991,0.56752,0.63949,0.89814,1.9125,1.1987,1.044,0.83341,-0.23511,-1.0423,-0.99057,-1.3454,-1.7696,-0.60899,-1.1471,-0.68711,-0.97546,0.078338,0.60342,1.786,1.5284,1.2623,1.3608,0.70935,0.35729,-0.70772,-0.19206,-0.66756,-1.041,-1.1312,-0.78305,-0.0042222,-0.63291,-0.078878,-0.092357,0.13384,0.24352,0.05645,0.041002,-0.23966,0.071091,0.15398,0.59393,0.99234,0.70132,1.4609,1.7892,1.1926,1.2832,1.1556,0.62751,-1.0986,-1.9251,-1.4352,-0.44436,-1.1523,-0.083495,-0.024914,-0.45841,-0.16018,-0.064044,0.45959,1.0524,1.0988,0.68294,0.9548,0.6098,-0.21366,-0.16138,0.22248,-0.68528,-0.7212,-0.55452,-0.18914,-0.42569,-1.0202,-1.2459,-1.1783,-1.1835,-0.83518,-1.5504,-0.90733,-1.0197,-1.9269,-1.8303,-1.2794,-1.8123,-1.3025,-0.96259,-0.63702,-0.4574,-0.24071,-0.56525,-1.0974,-0.34292,-0.23861,-0.48413,-0.062753,0.2317,1.3119,0.50556,1.2679,1.3424,1.377,1.1262,0.22795,-0.083199,-0.30262,0.49823,0.0031382,0.59612,0.91842,1.0104,1.4955,1.924,2.0581,2.1092,1.5994,1.7681,1.2851,0.722,0.7537,0.80617,1.3653,1.8197,1.7171,1.5716,1.537,1.1861,-0.203,-0.26741,-0.72698,-0.60744,-0.69268,-0.6975,-0.18134,-0.41826,0.1015,0.1596,2.1891,2.619,1.7757,1.7157,1.6264,0.021759,0.1698,-0.042687,0.66009,0.22633,0.29871,0.50623,0.25094,0.83198,0.4214,1.0684,1.5216,1.6544,1.5712,1.3058,1.3893,0.91804,0.64669,-0.9006,-0.64166,-2.1513,-1.8375,-1.6333,-2.0333,-1.5697,-1.5986,-1.6786,-0.92779,-1.2267,-0.70471,-0.25397,0.5423,0.7866,0.72317,0.79776,1.0515,0.68587,0.7338,-0.44768,-0.36482,-0.12692,-0.66921,-1.1462,-0.94853,-1.0091,-0.98604,-1.4157,-1.1765,-1.0427,-1.8466,-1.7665,-1.6032,-1.0518,-0.84549,-0.66752,-0.56239,-0.60365,-0.79294,-1.9017,-1.9125,-2.0542,-2.3127,-2.112,-2.0922,-1.5457,-1.5613,-1.9926,-1.7654,-1.8529,-1.0725,-0.84353,-0.27518,0.58594,1.2689,1.1273,1.1713,0.84596,1.3487,1.0003,0.8289,0.55831,-1.1019,-0.84371,-2.078,-2.4296,-2.7056,-2.4789,-1.411,-1.3,-1.1863,-0.45343,0.028738,0.10806,-0.48591,-0.19363,-0.24075,-0.92387,-1.0065,-0.84759,-1.0129,-1.2002,-1.1269,-1.2544,-1.3001,-1.8514,-1.3859,-1.5648,-1.2948,-1.5759,-1.8451,-1.2718,-0.67745,-0.53442,-0.66799,-0.11067,0.25997,-0.19122,0.31954,0.068859,0.36231,0.78722,0.47666,0.20528,0.73342,0.43127,0.45265,0.3902,0.88183,0.84876,0.29256,-0.33517,-0.916,-1.528,-1.1098,-2.0037,-1.3928,-1.177,-0.49442,-0.90808,-0.76026,-0.13995,-0.66342,-0.11685,-0.33894,0.6423,0.7501,0.74424,1.1762,1.396,1.6263,1.9203,1.1827,0.70643,0.32145,0.62429,-0.0066923,-0.83081,-0.61204,0.25183,0.21826,0.37446,0.66461,0.20632,0.32373,-0.11566,0.10045,-0.23952,0.86796,1.2463,0.48477,0.34875,0.47611,-0.82191,-1.1069,-0.98938,-0.76824,-0.94057,-1.2863,-0.8107,-0.65745,0.23784,-0.020648,0.62352,0.60946,0.60555,0.27976,0.38992,0.042775,-0.66072,-1.3728,-1.3087,-1.5722,-1.2729,-1.4059,-1.0805,-1.1852,-0.39139,0.20407,0.49425,0.75035,0.93998,1.5392,0.6375,0.96503,1.0716,1.2278,1.6459,0.66566,1.3637,1.7415,1.0213,0.78875,0.53518,1.3398,0.19117,-0.15729,0.060225,0.047651,-0.48417,0.20002,0.77631,0.79055,1.4145,1.9569,0.92133,1.3385,1.5001,1.4262,0.27741,-0.90979,-1.0414,-1.2435,-1.5625,-1.8368,-0.99527,-1.0938,0.14464,0.39409,-0.66047,-0.47972,-0.11724,-0.50746,-0.069111,-0.10806,-0.2196,0.15717,-1.1208,-1.9103,-1.5852,-2.344,-2.141,-2.4637,-1.6811,-1.672,-1.42,-1.2314,-1.1426,-0.30266,-0.55592,-0.75572,-0.91403,-0.9221,-0.31063,-0.79026,0.084229,-0.40454,-0.79694,-0.20986,-0.59394,-1.0061,-1.0062,-1.8512,-1.6863,-1.2133,-0.71334,-0.48459,-0.048014,0.98453,0.71668,0.17088,0.43421,-0.89608,-1.8016,-1.8221,-2.5617,-2.6228,-2.7736,-2.9366,-2.4509,-2.2993,-1.6515,-1.1826,-0.97421,-0.17019,-0.50729,-1.0545,-0.80782,-0.078518,-0.55608,-1.1486,0.056235,-0.077194,-0.050284,0.22286,1.5897,1.3094,2.1033,2.0506,1.7509,1.3007,0.53166,0.49847,0.16078,0.1342,-0.33167,-0.11702,-0.042574,-0.014584,0.0081446,-0.66678,-0.59899,-0.14258,-0.43556,-0.19938,0.24706,1.0219,0.75864,0.68561,1.231,1.0783,0.7868,0.79886,0.61828,0.060515,-0.72609,-1.1469,-1.7414,-1.3988,-1.2589,-0.39785,0.22526,0.79603,0.85236,0.26934,1.4211,0.68655,0.18769,-0.72679,-0.8618,-0.27195,-0.015758,0.56399,0.29099,1.4867,1.1765,1.1925,0.47873,0.070987,0.15504,-0.58318,-0.87825,-1.1091,-1.495,-1.1287,-1.2499,-1.2557,-0.76087,-0.44618,0.050014,0.022799,0.44846,0.98234,1.1516,1.1868,1.1863,1.4004,1.5315,0.94682,0.43732,0.28461,0.32536,-0.51841,-0.20708,0.065033,-0.24589,0.45782,0.7327,0.77531,0.49273,0.4554,0.3033,0.18153,0.75988,0.67422,0.46387,0.34913,0.57133,1.2406,1.5059,1.4884,0.9707,0.86405,0.76077,0.61576,0.85082,0.62992,1.1803,0.95454,0.07844,-0.5866,-1.0066,-0.25677,-1.1355,-1.3152,-0.96165,-1.4476,-0.67265,-0.62387,-0.88849,-0.57516,0.28549,0.77262,0.62556,1.0554,1.6743,1.6132,1.4739,1.0321,0.84642,0.46189,0.12721,-0.45146,-0.41812,-0.68602,-0.38723,-0.89146,-1.1136,-1.2442,-1.2349,-0.70271,-0.68902,-1.0394,-1.3531,-0.38629,-0.88437,-0.39711,-0.12652,0.31915,1.0946,0.82577,0.41705,0.57808,0.32262,0.37573,-0.70821,-1.0029,-1.1237,-0.52511,-0.76088,-0.24053,0.28977,1.3309,1.8549,1.0529,1.599,1.6422,1.738,1.1795,0.6109,-0.31412,-0.43297,-1.2555,-1.6766,-1.8644,-1.7413,-2.3632,-2.2244,-2.3287,-1.9533,-1.3907,-1.1323,0.083458,-0.22609,0.43519,0.98534,1.2554,0.6633,1.3004,0.37697,-0.86008,-1.0543,-0.93664,-1.3252,-0.015442,-0.6299,0.34646,0.053971,1.2724,0.7441,1.2705,0.90906,1.1814,0.93822,0.2466,-0.019489,-0.28773,-0.19545,0.41908,0.83012,0.82698,0.49277,1.2708,1.3558,1.5114,1.3788,1.6717,1.9349,2.0519,1.284,1.5772,1.4705,0.72103,0.48014,-0.29318,-0.49483,-0.48964,-0.49976,-0.53536,-0.64405,0.1621,0.054469,-0.49257,-0.6972,-0.95294,-0.73269,-0.95292,-0.55875,-0.92302,-0.78359,-0.70708,-0.84226,-0.11242,0.62656,0.92257,0.31315,-0.027548,-1.177,-1.616,-1.6305,-1.8099,-1.8371,-0.69773,-0.50654,-0.63264,-0.81978,-0.24655,-0.13018,-1.3469,-0.51975,-0.36691,-0.80805,-0.81755,-1.0497,-1.2595,-0.47091,-0.33534,-0.8503,-0.63708,-0.414,-0.36858,-1.1375,-1.1997,-1.2009,-1.4674,-0.87816,-1.5467,-1.2842,-0.032086,-0.13124,0.17998,0.70676,0.82083,0.70943,0.14632,0.21413,-0.44042,-0.91629,-1.6057,-1.8427,-2.1621,-1.8344,-1.7872,-1.1083,-1.8105,-1.1099,-0.72983,0.8727,0.6776,0.92726,1.5678,1.4831,1.5451,1.3335,1.1548,0.78263,0.23596,0.23512,-0.87937,-1.6493,-1.9076,-2.0424,-2.1709,-2.5784,-1.8843,-1.2274,-1.1279,-0.98908,-0.83785,-1.0412,-0.91535,-0.83627,-0.77169,-1.4287,0.31509,-0.38134,0.503,1.6113,1.9138,1.7012,1.0749,0.8534,0.080372,-1.1074,-1.7999,-1.7366,-1.682,-2.0648,-1.7697,-1.7006,-1.3586,-1.4254,-1.078,-1.1415,-0.52708,-0.31172,0.48433,0.32194,0.5972,-0.073801,-0.66195,-1.0787,-1.7857,-1.0192,-1.7002,-1.316,-0.91004,-0.97527,0.14396,-0.40272,-0.30708,-1.9448,-1.9328,-1.4753,-1.8343,-1.1937,-1.2966,-0.57293,-0.23065,1.2963,1.6197,0.4447,0.95265,1.2799,0.99691,1.1266,1.1991,1.5338,1.8161,1.493,1.4017,1.1322,0.59845,1.2277,0.41877,0.14366,0.18332,-0.18909,-0.46408,-0.66392,-0.61883,-0.66511,-0.52265,-0.16796,-0.68289,-0.99234,-0.095694,-0.77796,0.33592,0.25489,1.0198,0.91188,0.55964,0.54777,0.50882,0.70713,0.58304,0.4748,1.3363,1.1248,1.081,0.16194,-0.65527,-0.38154,-0.36078,-0.14877,-0.50461,-0.22916,-0.16816,-0.36556,-0.96026,-0.9501,-0.85781,-0.2133,0.036501,0.71367,1.3207,1.6898,1.7885,2.1977,2.4158,2.3984,2.0766,1.9876,1.6735,0.64032,-0.30467,-0.35849,0.1631,-0.2046,-0.10292,0.081406,-0.24219,-0.0020419,0.085293,0.1007,0.3884,-0.21327,-0.084154,-0.16149,0.68537,1.1982,0.61557,0.67697,1.1258,1.5094,1.5072,1.086,1.4395,1.6349,1.1232,1.0158,-0.039873,-0.65966,-0.74105,-1.4955,-2.2586,-2.3017,-2.106,-1.7706,-1.4872,-1.1673,-0.76079,-0.17909,-0.14977,0.057954,0.31672,-0.2953,-0.38851,-0.49448,0.089839,-1.7506,-1.9122,-1.5265,-1.3863,-1.1275,-1.9334,-1.8514,-1.2179,-1.0426,-0.33337,-0.28413,0.25523,0.73614,1.2046,1.5786,1.0366,1.2948,0.92613,0.50867,0.68213,0.56188,0.72912,0.87522,0.6308,0.4715,-0.14352,0.21095,-0.64388,-0.54273,-0.38052,-0.26742,0.033386,0.012686,0.32477,0.49916,0.77344,0.83637,1.5856,1.7026,1.3482,1.3601,0.80077,0.64937,0.49401,0.73158,0.35762,0.64126,0.31445,0.27056,0.27534,0.091823,0.28236,1.3426,1.3244,1.7893,1.74,2.0645,2.0718,2.09,1.965,2.4088,2.0353,1.7145,1.6849,1.4145,1.0204,1.1884,1.3314,0.88287,0.96414,1.3931,1.4946,1.6201,1.4777,1.0864,0.37517,0.087637,-0.8443,-0.77473,-1.3754,-1.2856,-0.82821,-0.30132,-0.53065,0.027682,-0.036376,-0.15853,0.22388,0.42156,0.38793,0.31782,-0.40562,-0.34689,-0.67744,-0.75478,-1.3832,-1.6939
1.1801,0.74248,0.22604,1.0895,0.50445,0.062066,-0.37238,-0.12037,-0.23465,-0.13365,-0.24364,0.35988,1.0519,1.2529,1.1508,1.6027,1.7298,1.0522,0.62501,-1.0213,-1.5059,-1.792,-1.622,-1.9838,-1.5012,-0.75456,-0.55299,-0.60179,-0.0078139,-0.45493,-0.35987,0.47082,0.43816,0.77124,-0.20786,0.19832,0.61445,0.45593,0.17022,0.09591,0.064196,0.13845,-1.1887,-1.3953,-1.242,-2.0006,-1.7939,-2.0378,-1.3655,-1.6538,-0.5195,-0.89492,0.0091498,-1.0036,-1.332,-1.8138,-1.8208,-1.1697,-1.4972,-0.7689,-0.22134,-0.4616,-0.16494,-0.41447,0.23363,0.13018,0.18463,-0.98167,-1.4077,-0.93389,-1.5785,-1.2421,-1.9806,-1.3661,-1.7733,-1.7773,-2.2771,-1.5909,-2.1992,-2.6421,-1.8912,-1.9027,-1.9306,-1.3807,-1.2104,-0.73816,-1.1741,-1.6678,-2.1622,-2.6414,-1.3165,-1.2552,-0.68288,0.053348,1.094,1.4794,2.037,2.0264,1.3736,1.6408,0.7373,0.1367,0.16117,-0.50539,-0.28356,-0.82775,0.47747,0.14736,0.37591,0.67165,0.84525,0.91151,1.3935,0.69494,0.61429,0.28358,0.48097,0.21047,-0.058406,-0.22895,0.033187,-0.61342,-0.91671,-0.86926,-0.14729,-0.76852,-0.29423,-0.30375,-0.38105,0.77388,0.91486,-0.022294,0.49921,0.47525,1.5167,1.0362,0.94339,1.4748,1.3275,1.1865,-0.24932,0.59013,0.82696,1.0324,0.65477,0.78495,0.1882,0.83464,0.99361,0.75579,1.054,1.1237,1.0549,1.1918,1.2901,1.1541,0.64831,1.0496,0.85358,0.96465,1.3894,1.205,1.3715,1.8784,3.0494,2.9851,2.4941,2.7949,3.024,2.319,0.82897,0.88483,0.44074,0.063975,0.15856,0.64445,0.23578,0.54219,0.4998,0.29204,0.58273,1.2207,0.50233,0.61004,0.24879,-0.22641,-0.83354,-0.59208,-0.32973,0.19917,0.42885,0.72084,0.60811,0.62011,1.6663,1.6106,1.0807,0.96538,0.2084,0.15413,-0.8112,-0.54509,-0.66522,-0.56015,-0.78786,-0.52575,0.42379,0.26726,1.2657,0.50646,0.31993,0.21355,0.31664,-0.042878,-0.51786,0.3129,-0.3911,-0.20771,-0.38182,0.11538,-0.010113,0.60375,0.24769,0.25504,0.67295,1.4418,0.44637,-0.24145,-0.33107,0.24628,-0.098651,0.12899,0.65025,0.44465,0.98309,0.82374,1.1964,0.60204,2.0569,1.5537,1.5127,1.4818,1.7001,1.368,0.51519,1.1791,0.72255,0.077827,0.18908,1.0572,1.0033,0.33833,0.39053,-0.33015,-1.3079,-0.85449,-1.0994,-1.0305,-1.1514,-0.80406,-0.40464,0.82862,0.75972,0.40939,-0.77416,0.64826,0.19312,0.0074712,-0.68945,-0.93576,-0.9264,-1.2481,-0.71234,-0.9559,-0.69147,-0.94593,-0.38962,-0.89655,-0.94221,-0.88965,-0.43554,-0.4771,-0.73016,-0.7359,0.040533,-0.19663,-0.36654,-0.47547,-0.33588,-0.065673,0.18537,0.65174,0.78163,0.46251,0.80557,0.19993,-0.53208,-0.73558,-0.62873,-0.46782,0.014016,0.41144,0.40812,0.46513,0.66808,1.2057,0.89475,0.53695,0.75467,0.57597,0.32501,-0.19779,-0.037707,-0.29022,-0.46093,-0.018411,-0.42107,-0.4889,0.51039,0.9435,1.0481,0.60292,1.2774,0.47738,0.24628,-0.15787,0.80513,0.69157,0.44352,-0.34323,0.51032,0.46885,0.093721,-0.012146,-1.4357,-1.4149,-1.4158,-2.7266,-3.0716,-2.3849,-1.9578,-1.9095,-2.1552,-1.0569,-0.75624,-1.1952,-1.4705,-1.1621,-1.7296,-2.0289,-1.1125,-0.44337,-0.20857,-0.54416,0.29758,0.30468,0.61411,-0.43563,0.65714,0.36821,1.2698,0.0033649,-0.2311,0.39935,0.89264,0.5845,0.42204,-0.074612,0.25112,0.25365,-0.53129,-0.84657,-0.52331,0.033477,0.021448,0.85149,2.0282,1.7152,1.3959,1.5334,1.9935,1.5769,1.6492,1.7901,0.28664,1.1395,0.82619,0.61776,0.14226,-0.85264,-1.4464,-1.7412,-2.2145,-2.3918,-2.006,-1.8646,-2.1558,-1.4274,-0.96561,-0.85734,-0.10214,0.12624,-0.24698,0.3443,0.36963,0.082257,-0.20864,0.46053,0.38828,-0.02578,-0.63277,-0.19737,-0.19478,-1.1838,-1.5042,-1.6926,-1.3537,-1.7269,-2.7261,-2.6256,-1.4828,-1.5829,-1.5613,-1.9735,-0.96298,-0.62621,-0.84461,-0.55305,-0.40715,-0.60382,-0.94025,-0.8472,-1.5218,-0.74004,-0.66898,-0.62567,-0.22391,0.16085,0.55371,-0.048729,0.27072,-0.27341,0.19798,1.4645,1.1319,1.3539,1.4965,1.0535,1.6591,1.5511,2.4248,1.966,1.7535,1.4839,1.7239,1.7317,1.7764,0.48545,0.72583,0.23205,-0.24835,-0.10903,0.1041,-0.28829,-0.51312,-0.38987,-0.42068,-0.13716,-0.3286,0.20697,0.32685,0.74317,0.18763,-0.10522,0.23786,0.058094,-0.47962,-0.67792,0.19742,-0.17307,-1.3347,-0.91426,-1.8795,-2.1066,-1.7258,-0.97193,-1.3469,-0.5671,0.039751,-0.0095392,0.26793,0.47121,1.0181,0.33112,0.22288,0.26556,-0.073094,0.066368,0.382,0.10348,0.27786,-0.63439,-0.35413,-0.13241,-0.080234,-0.53525,-0.98892,-1.4381,-1.255,-0.97253,-0.69313,-1.0176,-1.0031,-0.51903,-0.58803,-0.54584,-0.31896,0.14653,-1.3417,-1.5445,-1.4324,-1.451,-1.6052,-1.1401,-0.86909,0.12487,-0.044604,0.86627,0.53554,0.90522,1.1452,0.62394,0.86074,0.33604,-0.12155,-1.2237,-2.9521,-4.1739,-3.791,-3.8493,-3.0445,-2.6025,-2.2683,-1.1145,-0.31115,0.97011,0.87913,2.0813,1.8911,2.3522,1.322,1.2729,0.34722,-0.32149,-1.0513,-1.9224,-1.2384,-0.70752,-0.57583,-0.48304,-0.68259,-0.48368,-0.1296,0.5588,0.73081,1.1747,1.1151,1.3832,0.57466,1.2865,0.2521,0.10174,-0.39962,-0.66681,0.24985,0.31859,0.14074,-0.29594,0.16642,0.59595,0.60432,0.36627,0.49302,0.61866,0.38839,0.3801,0.44242,0.46932,-0.0069238,-0.5989,-0.56016,-0.78401,0.10724,0.5201,0.49152,1.0577,1.3899,1.1437,1.2278,0.94586,1.735,0.95701,1.1959,0.63406,0.80725,0.72241,1.1033,0.58009,0.29186,0.014993,-0.98644,-1.198,-1.9374,-1.9821,-0.93166,-1.7456,-1.9014,-1.3158,1.0376,0.10947,0.22004,-0.56485,0.40466,0.9933,0.35099,0.58103,0.96254,1.6006,1.3653,1.3346,0.93492,0.88886,0.55275,0.4691,-0.033515,0.10591,0.26097,0.50564,0.33816,0.63501,0.47038,0.43965,0.51537,0.92804,0.48646,0.38313,1.104,1.1936,1.0121,1.31,1.5643,0.51427,0.24863,-0.71075,-1.0326,-0.74073,-0.37352,-0.40063,0.051156,-0.30449,-0.093992,0.050842,0.04028,0.42659,0.32338,0.26276,0.19305,-0.085513,0.010326,-0.5606,-0.6506,-0.87865,-1.2862,-1.0947,-1.225,-0.31544,-0.43771,0.34824,0.3692,0.14941,-0.051239,-0.099835,-0.72517,-1.0533,-0.72663,-1.4932,-1.0121,-0.55406,0.0077071,0.75487,0.66648,0.66775,0.73107,0.79602,0.6966,1.031,1.129,1.5495,0.84123,0.6965,0.69682,1.0911,1.4033,1.0481,1.2468,1.6362,1.8198,0.95968,0.78368,0.8444,1.4113,0.57277,0.77357,0.67648,0.52455,0.41606,-0.020418,-0.13942,-0.36205,-0.42743,-0.60339,-1.0576,-0.88482,-0.49916,0.50485,-0.10381,-0.15439,-0.46174,-0.45462,-0.53483,-1.0478,-1.0716,-1.323,-0.95302,-1.5821,-1.7806,-0.46995,-0.95027,-0.016889,-0.060971,-0.41933,0.20742,0.77372,0.68156,0.42186,1.0924,0.86355,0.96531,0.77861,0.4645,0.55834,1.078,0.73281,0.78388,0.97995,1.1744,1.9749,0.7123,0.56336,0.64225,0.24833,0.37989,0.25321,1.2343,1.1921,1.168,0.98457,0.81948,1.2648,1.6401,1.6919,1.4829,1.4472,1.7181,1.7327,1.0913,0.5528,1.2196,-0.25539,-0.65752,-0.010726,-0.22991,-0.72251,-0.53935,-0.9138,-1.1682,-1.0983,-1.0947,-0.58538,-0.72136,-0.30487,-0.0080468,0.3091,0.062083,-0.10595,-0.059954,-0.94472,-0.50976,-1.1312,-1.2594,-1.2036,-0.86852,-0.90388,-0.067503,0.40389,1.3913,1.1992,0.61223,-0.48009,-0.85619,-0.98781,-1.0968,-0.44196,-0.2119,0.37972,0.45941,0.74615,1.1931,1.7368,2.2653,2.3838,2.2615,1.9016,2.0896,1.5559,1.3768,1.0648,0.59759,0.55113,0.96077,0.98372,0.57483,0.85212,0.57005,0.29078,0.15775,0.26342,-0.23474,-0.55852,-0.77402,-0.90719,-1.2432,-1.5663,-1.4427,-1.319,-0.77211,-0.029358,0.35655,0.47033,1.1132,1.9916,1.8256,1.7431,2.1158,1.6148,1.4174,1.85,1.2774,0.48627,0.0049716,0.093573,-1.1171,-1.5709,-1.218,-1.1904,-0.90864,-1.0276,-1.3409,-2.0471,-1.9578,-2.5867,-2.165,-2.6152,-2.1976,-1.6254,-1.7333,-1.0792,-0.65559,-1.1012,-0.70599,-0.51948,-0.57468,-0.3247,0.069084,0.37197,0.7174,0.83099,1.0488,1.079,1.2186,-0.37624,-0.17768,-0.24719,-0.59588,-0.27912,-0.050275,0.35517,0.21132,1.1785,1.2413,1.4264,1.2209,0.88252,0.12467,-0.2733,-0.67343,-0.99947,-1.3046,-1.4292,-1.7212,-2.7159,-2.5439,-2.5858,-1.1705,-0.76471,-1.0972,-1.1552,-0.6029,-0.78711,-0.7221,0.33531,0.56069,0.7825,0.79637,0.61474,0.46915,0.043339,0.19771,-0.30292,0.26872,0.2914,0.24918,0.5376,0.10527,0.49511,0.96342,0.88129,0.21471,0.33262,0.55441,0.50196,1.0528,0.88888,0.91475,0.64283,1.1853,-0.10581,-0.0016674,0.58631,0.13582,-0.33034,-0.2906,-0.98024,-1.4443,-2.0079,-2.1468,-1.7585,-1.7477,-1.5186,-1.9865,-1.1955,-1.97,-1.5904,-1.4426,-1.8289,-0.63145,-0.4957,-0.81666,-0.97958,-1.3382,-1.3385,-0.99708,-1.5616,-1.4596,0.14874,0.70224,1.1893,0.93309,1.6956,0.89756,0.59342,-0.13235,-0.61125,-0.6879,-0.53407,-0.84718,-0.10582,-0.48042,0.23236,0.48849,0.33626,0.2739,0.63861,1.1606,1.554,1.2592,1.3003,1.0575,0.48562,0.64566,0.033099,-0.08866,0.30602,0.34882,0.49352,0.73147,0.97793,0.54867,0.38605,0.66915,0.4633,0.77295,1.3787,0.95909,1.258,0.71137,1.3455,1.2599,0.16485,0.10381,-0.22159,0.10023,-0.44125,-0.29389,0.74186,1.05,1.0519,1.2176,1.6841,1.89,2.5098,1.7784,1.9022,1.5326,1.2622,1.1758,0.3082,-0.18653,0.43382,0.40021,-0.16504,0.062822,0.58832,1.157,1.1255,0.68946,0.93166,2.1035,2.5494,2.8935,2.4075,2.9173,2.1902,1.629,1.2115,0.63841,1.2893,0.82557,1.1706,0.3666,0.7065,1.3228,1.7536,1.2235,0.7626,1.3073,1.3808,1.9598,0.44743,0.25769,1.1077,0.59492,0.71454,0.50645,0.2963,0.27708,-0.16506,-0.14333,-0.77633,-0.90716,-0.66023,-0.42159,-0.53674,-0.31782,-0.46542,-0.51215,-0.86854,-1.2571,-1.1858,-1.2382,-1.4656,-1.288,-1.1148,-1.5189,-0.8176,-1.0223,-1.1642,-0.94078,-0.96142,-1.2625,-1.3185,-1.0883,-0.9643,-1.5374,-1.1418,-0.81553,-0.62313,-0.20828,0.046416,0.10152,0.2775,0.68342,-0.2384,0.49229,0.037067,-0.038166,-0.41929,-1.2043,-1.6682,-0.6927,-0.14045,-0.16638,0.14806,0.46197,0.79398,0.68338,0.36953,0.11805,0.33698,-0.42264,-0.4926,-0.58667,-0.56697,-0.92634,-0.57757,-0.56341,-0.46893,0.15985,-0.37344,-0.070146,0.092152,0.52033,0.80331,0.43378,0.69945,0.61482,0.083546,-0.029471,-0.42851,0.010016,0.57569,0.31859,0.41013,0.01842,0.7606,1.0933,0.44789,0.56782,0.71962,0.90729,1.0008,0.8048,0.36876,0.17676,-0.2034,-0.32305,-0.35197,-0.4228,-0.40942,-0.62798,-0.59005,-0.61384,-1.6317,-2.1718,-2.4354,-2.3229,-2.2567,-3.0002,-2.663,-2.2148,-2.3489,-2.1106,-1.9114,-1.9861,-1.9152,-1.9843,-1.3372,-0.83086,-0.79262,-0.87326,-0.27063,-0.24282,-0.059905,0.18547,-0.1422
-0.0014645,-0.058939,0.019231,-0.10967,0.21833,-0.21991,0.053227,0.56477,0.31677,0.24773,0.55912,0.89009,1.5441,0.2788,0.37812,-0.30066,-0.56017,-0.10868,-0.99611,0.2327,0.16183,-0.40266,-0.93097,0.02239,0.94413,-0.20886,-0.69433,0.36669,-0.49433,-0.69495,-0.070555,-0.37643,-0.14396,-0.22126,0.71399,-0.20909,-1.2485,-0.23965,-0.35235,-0.95362,-1.1025,-0.35621,0.19025,-0.71181,-1.1258,0.20113,0.38792,0.26313,-0.31434,0.86147,-0.5228,0.005582,-0.20405,-1.3115,-0.8221,-0.48214,-0.82911,-0.27559,-0.24702,-0.17887,-0.077294,1.0203,1.3103,-0.082529,0.043303,0.26802,-0.55951,-0.80871,-0.74249,-0.79116,-0.68826,-0.39662,-0.39419,-1.2532,-1.1297,-1.1872,-0.49747,-0.39276,-1.3244,0.013338,0.55767,-0.51764,-0.63562,-0.92426,-0.38203,-0.62811,-0.5464,-0.31396,-0.33274,-0.60261,0.15457,0.53228,0.069537,0.50239,0.93247,0.93145,0.81249,0.80639,-0.24288,0.079972,-0.16014,-0.40796,-0.60671,0.5037,0.77175,0.45189,-0.10704,0.94858,1.1426,1.2945,1.3389,1.9691,1.7287,1.8198,1.6209,1.3453,1.4036,0.76989,0.99065,1.0001,1.2662,0.059925,0.74646,1.1289,1.2429,1.5762,0.98287,2.0207,1.8873,1.5901,0.92877,1.7781,1.8657,0.72,0.62911,0.52952,0.16905,-0.85052,-0.50434,0.06665,0.76748,0.10211,0.40745,1.3863,1.3535,0.54579,0.43576,0.41791,0.33519,0.50768,1.2423,0.5468,1.2056,0.64412,1.1984,1.6232,1.2344,1.5192,1.1463,1.1679,1.5892,1.5899,2.2056,2.1512,2.7764,2.3488,1.4115,1.0276,-0.11662,0.30528,0.47593,-1.1965,0.97673,0.364,0.63568,0.60336,1.0563,0.67609,0.93144,0.77503,0.48495,-1.1022,0.34067,0.50463,-0.51125,-0.53027,-0.22671,-0.40679,0.3873,0.17996,0.24682,0.66154,1.1864,0.83024,0.88754,0.31044,1.2822,0.18366,0.026675,-0.11313,-0.0062177,0.10165,0.67844,0.59677,1.0969,0.80597,0.56187,0.59662,0.21624,0.73946,0.42642,-0.086921,-0.59503,0.31808,0.97538,0.15716,0.94639,0.58398,0.39483,1.138,0.90387,1.4847,1.5749,1.4319,1.5034,-0.68577,-0.70099,-0.011522,-0.4197,0.51587,-0.43731,1.5801,0.69373,0.40931,0.84337,0.99271,1.4363,1.8341,2.431,1.5775,2.0558,0.45089,0.015849,0.5985,0.69633,-0.73151,-0.057627,0.96174,0.95388,-0.32544,-0.8347,0.22344,-0.059071,0.42407,0.089982,0.63994,0.15878,0.67687,-0.029772,0.19052,1.1926,0.77275,0.94462,-0.44569,0.40127,-0.25861,0.15859,0.061915,0.084747,0.035752,0.23523,-0.22817,1.1615,0.57753,1.2866,0.1716,0.29484,0.003324,0.32388,-0.10928,-0.010143,-0.41314,0.35591,0.52198,0.89807,1.1507,1.6364,1.7735,0.4812,1.385,0.56813,0.84555,-0.57814,-1.274,0.73566,0.55458,0.72664,1.4006,1.6335,1.3478,1.2885,1.4822,0.37328,0.52373,0.87188,1.183,0.1206,0.60696,0.87218,0.46976,0.55362,1.6217,1.8347,0.87388,1.4818,0.28026,1.0197,0.57279,0.27777,0.051607,-0.90785,-0.19088,-0.53918,-0.868,-0.25169,0.98623,0.99992,0.41327,-0.33808,1.4208,1.1022,0.21479,1.3855,0.35086,0.61829,-0.53857,-1.4154,-1.021,-0.34968,-1.4678,-0.58187,0.12688,0.15763,-0.70403,-1.0308,-0.71636,0.59429,1.0829,0.60489,0.29151,1.003,0.44459,0.27116,0.65271,0.66836,0.64583,-0.42698,-0.21722,0.2588,-0.11078,-0.1123,0.93098,-0.062488,-0.57843,-0.24311,-1.3879,-0.97043,-0.77283,-1.3591,-1.2723,-0.69998,0.11472,-0.31502,-0.20482,0.28039,-0.3626,-1.5951,-1.6909,-1.3521,-1.4734,-1.13,-1.1178,-0.96696,-0.098627,-0.16583,-1.0626,-0.60486,-1.1307,-0.76263,-0.14867,-0.96934,-0.74918,0.16676,-0.76723,0.17094,-0.084509,-0.15364,0.83978,-0.070217,-0.89545,-0.74776,-0.43944,-1.0778,-1.2819,-1.3504,-0.43986,-0.3811,-0.2177,-0.97416,0.030138,0.3023,-0.29399,-1.1735,-1.459,-0.50207,-0.85647,-1.4607,-1.3329,-0.7186,-0.28402,-1.3537,-0.99863,-1.6815,-1.6902,-1.6386,-0.91986,-1.1722,-1.3714,-1.5204,-1.3283,-0.50774,-0.72564,0.24084,-0.31512,-0.58846,-0.68318,-0.52695,-0.0006481,-0.069317,-0.78606,-0.74474,-0.12511,0.90765,-0.027226,-0.51531,0.84184,0.73717,0.20394,-1.4326,-1.4479,-1.8443,-1.8872,-1.5925,-1.494,-0.38574,-1.047,-0.58033,-1.0787,-0.84213,-0.92986,-0.9704,-0.60291,-0.38454,0.047354,1.2001,0.10924,1.1139,0.75458,-0.29799,0.20671,-1.3164,-1.2494,-0.32318,-1.1046,-0.54765,-0.55768,1.0003,1.2388,0.58614,0.993,1.4227,0.54667,0.94216,0.51041,0.921,0.059304,0.37824,1.6386,-0.3661,-0.0022277,-0.082859,-0.74404,-0.27467,-0.71904,-0.41286,-1.1042,-0.42981,-0.32999,0.22773,0.58908,0.69679,1.6041,0.21075,0.0061939,-0.51066,-1.0955,-1.1619,-1.3005,-1.2044,-0.81254,-1.0915,-0.98247,-1.532,-1.6212,-0.75786,-1.1457,-0.93451,-1.1936,0.62735,0.76101,1.177,1.2372,1.2558,1.0911,1.5872,0.53211,1.085,1.3581,0.65684,0.32035,0.39155,1.1223,1.575,0.86211,-0.0088416,0.48175,0.77268,1.5284,0.72457,1.4481,1.0142,0.53523,1.2736,0.26333,0.49467,-0.13598,0.21195,-1.1432,-1.2208,-1.6916,-1.2961,-0.80959,-0.48886,-0.6819,-0.60189,0.079204,-0.5887,-1.1896,-0.32952,-0.17363,0.04194,0.068687,-0.25814,-0.087201,0.41393,0.08616,-0.68753,-0.79859,-0.40301,-1.2546,-1.2573,-1.0632,0.050977,0.53639,-0.35631,-1.1651,-0.4948,-1.5533,-1.8763,-1.6859,-1.2663,-1.5203,-1.1934,-0.93205,-0.89636,-1.6712,-0.67959,-0.53934,-1.1097,-1.7316,-0.59824,-0.96226,-0.46661,-0.086509,0.79872,1.197,-0.35342,-0.41048,-0.79639,-0.35471,-1.2022,-1.4236,-0.97803,-1.0451,-2.2386,-0.94288,-0.54071,0.04699,-0.45562,-0.32476,0.2125,-0.18877,-0.039448,-0.55349,0.029844,-0.21106,0.5969,-1.2213,-0.75187,-0.041937,0.64398,0.13018,0.57476,0.47819,0.81852,1.0352,0.63904,0.023798,-0.43724,0.057976,-0.10232,-0.89182,-0.93869,-0.35437,-0.70093,-0.47052,-1.3831,-1.6211,-1.3578,-1.0615,-1.5481,-1.1817,-1.5897,-0.15135,-0.037221,-0.43955,0.36581,-0.34236,-0.22668,-0.79409,-0.93697,-1.6341,-2.2955,-2.4372,-2.1229,-1.8532,-1.3774,-0.96652,-0.41764,-0.47704,-0.40362,-0.48399,-0.70634,-0.55199,-1.3993,-1.8143,-1.3491,-2.0644,-0.79435,-0.46128,-0.43946,0.49607,0.3651,0.13686,-0.94216,-0.95014,-0.9586,-1.6797,-1.8812,-0.95567,-1.0283,-1.3178,-0.97378,-1.4988,-1.1593,-0.29299,-0.49821,0.30507,0.033703,0.78631,0.34417,1.4131,0.87913,1.1489,1.083,0.73908,0.086281,-0.40726,-0.46265,-0.47347,-0.67977,-0.49727,-0.086632,-0.18073,0.074705,-0.056288,0.066914,0.23944,0.51875,-0.19713,-0.078947,0.54814,1.256,0.57639,0.61559,1.066,0.58863,-0.21241,-0.67161,-0.81681,0.16171,-0.26077,-0.29427,0.48419,0.54237,1.378,0.92821,-0.044914,-0.62111,-1.224,-0.25799,-1.5125,-1.593,-1.7282,-2.273,-1.5668,-0.46277,0.088473,1.1067,0.88734,0.56513,0.77296,1.0259,0.57183,1.1865,0.22614,-0.56957,-0.57551,-0.64756,-0.90313,-0.24039,-0.629,-0.12102,-0.13682,-0.42494,-1.1757,-0.42019,-0.4538,-0.72409,-0.32022,-0.48466,0.10557,0.33529,-0.15285,-0.55834,-0.28014,0.21921,-0.14237,0.13036,-0.058545,0.58867,0.45296,-0.081372,-0.61191,-0.46591,0.037354,-0.12837,-0.98074,-0.54827,-0.04696,1.3669,0.68346,-0.51817,-0.73127,-0.96874,-0.81429,-1.9044,-2.3143,-2.0001,-1.5699,-1.665,-1.0772,-0.63849,-0.27949,-0.052315,-0.75366,-0.51032,0.71488,0.94569,1.2062,0.37012,1.7077,1.6982,0.13306,0.20413,0.49547,0.39193,-0.57688,-0.15382,-0.27842,0.9027,-0.32546,1.5483,1.3603,0.68824,1.0872,0.50465,1.5693,0.75996,0.039664,-0.39817,-0.76871,-0.59464,-0.68327,-0.30834,0.32608,0.37341,1.0844,1.1446,1.4418,1.2178,1.0684,0.32718,0.11504,0.07847,0.39709,0.31705,-0.83297,-0.39384,-0.3069,-0.50807,-0.70706,-0.50329,-0.40604,-0.094265,-0.21708,-0.2855,0.0081408,1.0692,0.29168,-0.23462,-0.46871,0.50222,-0.51094,-0.82269,-0.69436,-1.0598,-0.092771,-0.26083,0.041475,-0.022671,-0.16419,-0.21688,-1.5452,-1.2504,-1.4383,-0.73136,-1.1808,-0.56511,-0.54443,-0.78404,-0.40737,-0.93607,-1.0596,-0.88347,-1.5119,-1.4465,-1.3067,-0.83696,0.18464,-0.15265,0.43056,0.65023,0.33046,0.04282,0.38564,0.084341,0.13629,-0.25071,-1.1313,-1.0042,-1.0446,-0.35382,-0.52378,-0.27,1.1286,-0.037279,1.2422,-1.0728,0.47537,-0.85955,-0.86703,-1.7494,-2.6602,-2.2877,-1.9751,-2.2497,-2.0225,-1.6163,-1.6087,-0.93177,-0.40959,-0.88001,-1.1613,0.3945,1.0921,0.13949,0.36531,0.37489,0.72702,0.075687,-1.0418,-0.44703,-1.2475,-0.41625,-1.6258,-1.8673,-0.30997,-0.6354,-0.83229,-0.72432,-0.98642,-0.067432,0.064578,-0.26974,-0.42538,-0.27933,0.067936,0.11858,-0.8243,-0.14856,-0.50955,1.0274,0.13048,0.021933,0.24088,0.33799,0.15745,-1.3331,-1.4747,-1.8467,-2.363,-1.6848,-2.0145,-1.188,-1.6169,-0.99511,-0.86349,-1.258,-0.033699,1.0785,0.027482,0.18876,-0.34357,-0.42871,-0.63629,-0.56301,-1.0794,-0.5538,-0.067813,-1.0256,-0.19639,-0.22024,0.20215,0.037896,-0.44508,-0.10397,-0.45327,-0.25301,-0.6156,0.099909,-0.36946,0.27958,0.093982,-0.39971,0.5381,0.60538,0.66066,0.78817,0.5845,0.67346,1.1786,0.84745,1.1175,0.46394,0.30684,0.43339,-0.47277,-0.14724,0.45141,0.53515,0.22422,0.12935,0.41649,-0.096454,0.6979,-0.28322,0.23173,0.40793,0.070064,-0.68124,-0.47762,0.063009,1.2134,0.71881,0.33373,0.82491,1.8448,2.0374,1.215,0.64072,1.109,0.49956,0.66964,0.69429,-0.85274,0.45939,-0.0035594,0.067571,-1.2466,-1.2525,-1.244,-0.57268,-1.0674,-0.8017,-0.76173,-0.20081,-0.40225,-0.4446,-0.32311,0.59844,0.89915,1.3293,1.6965,1.2204,1.6304,1.3088,0.68974,0.32797,0.79913,0.20155,0.1242,-0.86845,-0.69228,0.27683,0.3426,0.28158,1.1355,0.56505,0.63312,0.40814,0.51214,-0.056009,0.92769,0.63873,0.57644,0.34537,0.6516,0.83814,1.357,1.1016,0.8378,1.084,1.0537,0.8308,0.0046171,0.20094,-0.031177,-0.2504,-0.65851,-0.94153,-0.72736,-0.50152,-0.38787,-0.87702,-0.5689,0.52776,0.092693,1.1089,0.92383,0.66352,1.0866,0.62683,1.1956,0.84494,0.29961,-0.22315,1.3239,-0.21847,0.075503,-0.5997,0.64649,0.32928,-0.06021,-0.066199,-0.24763,-0.1916,0.97344,0.53406,0.91192,0.58653,1.3877,1.3557,0.87722,0.53596,0.037859,0.16224,0.0093584,0.085368,0.090203,0.60148,0.3606,0.68767,0.59422,0.12826,-0.2557,-0.082693,0.093173,-0.072637,0.59844,0.66943,0.97961,1.3076,0.453,0.92592,1.4509,1.3671,1.8189,1.0823,1.034,0.96973,0.96536,0.7465,0.75723,0.16423,0.19484,0.22513,0.026813,0.18505,0.4163,0.33413,0.55218,0.095166,0.10239,0.016188,0.55656,0.66703,0.95511,0.74901,0.93882,0.46461,1.0052,0.83787,0.28865,0.45744,0.64818,0.57991,0.90465,0.7918,0.73464,0.73808,0.8008,0.60147,0.91057,0.3636,0.1969,-0.4092,-0.11774,0.73296,0.38583,0.49927,1.2651,1.4293,1.5072,1.5307,1.7206,1.686,1.6612,2.1644,1.7649,0.88472,1.7982,1.4121,1.1541,0.83315
0.76877,0.97723,0.82005,1.0993,1.9601,1.3206,0.19777,1.123,1.3582,0.78152,0.3476,0.82825,0.85524,-0.034717,-0.20192,0.89156,0.83633,1.1937,0.5395,1.2576,1.8824,1.3092,0.19476,0.3547,0.51107,0.062007,0.034946,2.0308,1.3994,1.1952,0.91626,2.3585,2.0433,0.26205,-0.071473,1.4029,1.4566,0.99454,0.1606,0.81575,0.35908,0.22485,0.072576,-0.34315,0.48682,-0.56121,-1.0833,-0.043349,0.04839,0.17061,-0.46441,0.28625,1.2786,0.70419,0.59436,1.4478,0.93453,0.23518,-0.83604,-1.0952,-0.19132,-1.4419,-1.3604,-1.5537,-0.055413,0.39723,0.33735,-0.22483,0.11735,1.4085,1.02,0.98927,0.40289,1.1145,1.3153,0.84072,0.18223,0.90909,1.6597,1.1393,0.031794,0.43031,1.2162,0.61265,0.42931,0.37229,1.4281,1.2028,0.63354,1.0091,1.4263,0.86471,0.034869,-0.35912,0.23825,-0.62677,-0.85865,-0.77244,-1.0137,-0.41037,0.047361,0.36473,0.78601,1.1255,0.1248,-0.74423,-0.48641,-0.75868,-0.55549,-1.2696,-1.2454,-1.1727,-0.96143,-1.0738,-2.2821,-2.356,-1.431,-1.6709,-1.7384,-1.8431,-1.1298,-0.5799,-1.0895,-1.5453,-1.2479,-0.76501,-1.099,-1.6186,-2.1319,-1.4362,-0.93496,-2.0562,-1.3695,-0.20669,-0.56644,-0.98978,-0.61996,-0.20328,1.149,0.7859,-1.001,0.10412,0.38901,0.037996,-0.07153,0.20069,0.47177,-0.09912,0.0049022,0.21501,0.4817,0.59885,-0.21474,-0.88322,0.062269,0.083151,-0.49767,-0.34553,-0.81011,-0.22268,-0.32344,-0.45408,-1.3673,-1.1211,-0.19687,-1.2751,-1.7589,-2.3956,-1.2374,-0.80403,-0.59705,-1.4242,-0.74598,-0.67329,-0.76391,-0.40984,-1.1205,-0.73372,-1.0926,-1.2124,-1.1135,0.12984,0.5602,0.28715,0.48303,0.8569,0.35601,0.44681,-0.58078,0.0008581,0.95063,0.15494,0.17393,0.17068,0.50038,0.97803,-0.024051,0.072595,0.035683,0.95847,-0.034768,0.087172,0.92321,0.98922,0.37988,-0.13109,-0.39507,-0.026555,-0.61158,-1.0362,-1.5345,-1.2093,-0.54117,-1.006,-1.7863,-1.1842,-0.94157,-0.98477,-1.6102,-1.149,0.053022,0.13839,-0.26127,-0.22785,0.28301,1.2601,1.4839,-0.037578,0.86112,0.66242,1.1057,-0.8309,-0.17503,0.29793,0.80569,-0.52236,-0.31712,0.13654,-0.14682,0.015456,-0.74989,0.48752,1.2109,0.57695,0.63137,1.5023,1.7373,1.7118,0.36834,1.633,2.212,1.397,0.42986,2.1638,2.2901,0.55249,0.77536,1.5318,1.5091,0.61074,0.34734,1.6114,1.8577,1.8331,1.4227,2.2878,1.139,0.95878,-0.098936,-1.0501,-0.97358,-1.0619,-2.0679,-2.0815,-1.9985,-1.3052,-1.2924,-0.39855,-1.3104,-0.77801,-0.61593,-1.2828,-1.8273,-3.2412,-3.3456,-2.6459,-3.0544,-3.1206,-3.6758,-2.8623,-2.2318,-1.4299,-2.3289,-2.8142,-1.2906,-1.1429,-0.71432,-0.68886,-1.5448,-1.321,-1.4623,-1.5677,-1.5025,-1.3352,0.018471,-0.096966,-0.059536,-0.43522,0.39025,0.83979,0.71494,0.23799,-0.18628,0.19959,0.62622,-1.1335,-1.6146,-2.1805,-0.69863,-0.65321,-1.4896,-2.3046,-0.20559,-0.59133,-0.10221,-0.71845,-1.355,-1.1055,-1.6355,-1.1657,-1.4121,-1.2369,-0.30821,-0.45484,-0.38154,0.58046,0.96126,-0.14454,-0.17771,0.89174,0.11788,-0.43096,-0.90482,-0.077927,0.23154,-0.12579,-0.18702,0.38641,-0.36476,-2.1616,-2.8786,-1.2626,-1.2164,-1.8014,-1.6076,0.84008,0.87069,0.44874,-0.10921,1.2003,2.2013,0.01087,0.63731,1.2732,2.4485,1.8988,1.7779,0.81111,1.5596,1.9502,0.89988,-0.47837,-0.7513,-0.11805,-0.84917,-1.9404,-0.61047,0.61509,0.2338,0.71676,0.52474,1.4139,1.301,0.45218,0.057102,0.76242,1.5528,0.8319,0.21845,1.2794,1.0403,0.57541,-0.50092,-0.91665,-1.1639,-0.14471,-0.80708,-1.0119,-0.62643,0.48468,0.61314,1.0218,0.88794,1.6318,1.7125,1.4747,0.64767,1.1693,2.7134,1.2645,0.02428,0.88832,1.3074,1.0951,0.43154,0.85956,1.8912,1.4949,0.86981,0.6167,0.93064,1.1207,0.66891,0.98588,1.0588,0.83243,0.87733,0.70236,0.98926,0.62327,0.37384,0.24939,-0.43552,-0.79709,-0.37779,-0.76446,-1.6745,-0.88269,-0.11068,0.29963,-0.50012,-0.67191,-0.58475,0.23582,-0.5711,-0.54184,-0.12445,0.81584,0.97909,0.54757,-0.53882,2.0071,1.1976,0.84102,0.16474,0.38631,0.26214,0.29716,-0.66367,-1.0392,-0.86797,-1.797,-1.5834,-3.045,-3.6395,-2.1911,-1.5634,-2.043,-1.7437,-1.165,0.032939,0.30848,-0.063601,0.41954,0.21697,-0.074025,-0.063115,-0.71009,-0.13528,-0.67347,-0.85634,0.16314,-1.676,-0.73714,-0.79064,0.4589,-1.3599,-1.3276,0.24003,0.52743,0.41635,0.24634,0.25352,0.41637,0.51126,0.46909,-1.0293,-1.2351,-1.0872,-0.71816,-1.3984,-2.8771,-1.9718,-1.6772,-0.56976,0.063164,-0.51583,0.66004,0.45704,1.4061,0.93811,-0.30648,0.24416,-0.38087,-0.80982,-2.048,-1.8385,-0.77123,-1.2397,-1.1684,-1.1425,0.21023,0.78208,-0.29834,-0.31876,0.89323,-0.034665,-1.3626,-0.80003,-0.96567,-0.34178,-1.4476,-1.3873,-0.90027,0.056634,-0.054364,-0.71272,-0.49464,-0.23298,-1.1769,-1.6414,-2.0092,-2.4146,-1.145,-0.84744,-1.711,-1.7585,-0.80366,0.73808,0.40587,-0.18517,0.31994,0.22837,0.8314,-0.10743,-0.26323,-0.40183,0.43167,0.87682,0.5316,-0.1425,-0.86503,-0.44893,-1.0074,-1.9039,-0.93254,0.327,0.85866,-0.21699,0.36487,1.425,0.8228,-0.075892,-1.6495,-0.93652,-0.49029,-0.035109,-0.97218,-1.39,-0.4021,-0.63442,-1.1067,-1.4746,-1.2189,0.29664,-0.22925,-1.0778,-1.033,0.045287,-0.28722,-0.8236,-1.4197,0.21209,-0.0061195,-0.54693,-0.27431,0.61901,1.104,0.38303,-0.065068,0.97065,1.0446,0.92047,0.53319,0.89664,1.0411,1.0464,0.10831,0.54698,0.21246,0.37693,-1.3113,-2.2836,-1.2378,-0.70587,-0.72765,-1.4927,0.31451,0.34191,0.48083,0.23045,0.35339,0.95408,0.68806,0.88217,0.77937,1.3762,2.2758,2.3851,1.5161,1.2692,2.1493,2.2855,1.3554,1.4119,1.7716,1.7676,1.7072,1.2644,0.084452,0.86019,0.59434,0.18804,-1.5029,-1.9505,-1.3915,-1.7604,-1.3032,-1.7091,-0.86359,0.65807,1.0001,1.0176,0.6052,1.3297,1.3167,1.3194,0.44527,-0.75888,-1.3378,-0.52434,-0.87438,-1.5273,-1.5952,0.076154,0.54643,0.88574,-0.41593,-0.41028,-0.13595,-0.080646,-1.6171,-2.1275,-0.48879,0.29787,-0.072045,-0.28102,1.4799,1.5727,0.65148,1.291,1.2763,0.74573,0.71106,-0.63174,-1.4822,-1.0341,-0.6727,-1.0855,-1.7428,-2.3401,-2.4895,-1.8033,-1.8515,-1.6607,-1.3707,0.068183,0.51517,0.38851,0.40194,1.0236,2.0768,2.0521,1.233,1.6721,2.3147,3.3295,1.9038,2.1984,2.9881,2.4258,1.345,0.71031,0.92032,1.7442,1.3474,-0.075209,0.42248,1.4993,1.3711,0.77238,0.62148,0.71863,1.4948,1.145,0.48546,1.4929,2.1414,2.6996,2.2237,2.2743,3.082,2.6955,2.5642,1.4402,1.8786,1.9835,1.6331,-0.48382,-1.9024,-0.39148,-1.2051,-1.1484,-2.0052,-1.6571,-1.3051,-0.72172,-0.52269,-0.18887,0.055019,0.87719,1.3643,1.5699,1.3068,2.3645,3.1375,3.3159,2.3926,3.0303,3.6897,3.4691,2.4403,1.3711,2.4013,3.0998,2.8929,2.0178,1.5374,1.2648,1.2867,0.26739,-0.06104,0.9607,1.0425,0.45625,-1.1277,-1.354,-0.22114,-1.2304,-1.0157,-1.5573,-1.7818,-1.066,-0.19554,-0.80648,-0.84024,1.0504,1.4136,0.96817,0.66643,1.416,1.2642,1.4751,0.79738,0.55027,0.85292,0.73366,-0.068909,-1.439,-1.4865,-0.97156,-1.9444,-1.8237,-1.6611,-0.21856,0.96476,0.95441,0.0041546,0.26642,0.92629,1.0894,0.7874,0.060284,-0.030221,0.55145,0.39101,-0.6265,-0.043937,1.2983,1.3623,0.68672,1.1876,1.333,1.6058,0.91814,-0.82267,-1.4441,-1.1486,-1.388,-1.2009,-2.0249,-2.6113,-2.0031,-1.8644,-2.1579,-2.6459,-1.635,-1.3465,-0.78492,-1.1765,-0.69598,0.44814,0.14644,-0.0023362,-0.13706,0.98787,1.3012,1.392,0.86349,1.7651,1.8777,0.84391,0.69127,1.362,2.0379,2.2345,0.36045,0.19269,1.2365,1.4887,0.84982,-1.4976,0.42252,0.16383,1.4388,0.069474,0.30971,1.0609,0.76868,-1.0326,-0.89935,-1.0692,0.044875,0.1776,0.45236,1.5058,2.4236,1.8424,1.198,1.8491,1.238,0.6625,-0.21422,-0.61584,0.75313,-0.26179,-0.77884,-0.75674,0.37806,0.15311,0.37009,-0.57522,-1.3438,-1.5121,-1.3395,-1.1885,-2.6742,-2.3654,-1.2569,-1.1964,-0.8886,-0.25023,1.702,1.887,1.0116,1.9378,2.158,2.4723,2.4278,0.41984,0.964,0.85142,0.41525,0.11873,-1.7069,-2.7418,-1.6361,-2.241,-2.1089,-1.844,-1.798,-0.95941,-0.55038,-0.84892,-0.15587,0.92905,0.9225,0.26429,0.40988,1.1803,1.9813,1.9043,1.0267,1.2528,2.1988,2.237,2.2485,1.2581,0.79313,1.27,0.69951,-0.23658,-1.1672,-0.60957,-0.23279,-0.61261,-1.1723,0.29104,1.5043,1.6616,0.38565,1.7576,2.1123,2.5975,1.5854,2.6593,2.7449,2.9797,1.9572,1.2656,1.1239,1.3156,0.25961,-1.1755,-1.1169,0.11026,0.45537,-0.073215,-0.4393,-0.070572,1.1189,0.4636,-0.89382,-0.93099,-0.15904,0.26668,0.28659,-0.13779,0.40146,2.1029,1.7766,0.57157,0.246,0.47663,0.93539,-0.73346,-2.4191,-1.6959,-0.98463,-1.3956,-2.1835,-1.965,-1.6982,-1.3352,-0.97852,-0.9954,-0.43625,0.19525,0.78606,-0.19298,0.40694,0.42932,0.7855,0.39224,0.028501,0.69167,1.4844,1.3947,1.1251,0.9435,1.9557,1.2785,0.43407,-0.77702,0.23303,-1.091,-0.67784,-2.1,-2.7184,-2.7415,-2.1884,-2.6018,-2.9276,-2.6748,-1.0616,-0.44549,0.35472,0.22664,0.52338,2.805,2.8395,2.1172,2.1258,3.1058,2.7625,3.0696,1.8238,1.452,2.1877,2.3459,2.0236,2.4168,0.40736,-0.29515,-0.44245,-1.2026,-1.6704,-1.0933,-0.5699,-0.12022,-0.8953,0.98907,2.1764,2.5684,0.47168,0.13625,1.6374,1.7355,0.31345,0.52439,1.3284,1.4711,1.2497,0.018963,-0.97038,1.0365,0.65876,-0.081368,-2.0571,-2.2715,-1.9961,-2.0256,-1.9937,-2.2166,-2.5419,-2.0157,-0.96476,-0.59369,-1.1568,0.46556,1.3301,1.5084,1.0895,1.0746,2.258,2.6633,1.5374,0.059338,0.58596,0.043636,0.52002,-0.16896,-2.0792,-1.8068,-0.83548,-0.66326,-1.9247,-1.2703,0.12673,0.56438,0.44072,-0.14431,-1.234,-0.70917,-0.37897,-0.88822,-2.2614,-2.2778,-1.264,-0.88321,-1.5748,-1.6328,-2.0103,-1.5014,-0.73988,-0.44236,-0.56733,-1.0137,0.36221,2.1394,2.2001,1.2689,0.94751,1.5164,2.1974,2.144,0.98179,1.1621,1.7644,1.3556,1.1682,0.15497,-0.31266,-0.75503,-0.80724,-1.574,-2.488,-1.4895,-0.85675,-0.62412,-1.7375,-1.3425,-1.1437,-1.6556,-1.1044,-1.5682,-1.9081,-1.5811,0.12118,0.37646,-1.6645,-1.5007,-1.0441,-0.69451,-0.83946,-1.6022,-2.0135,-1.7493,-2.0057,-1.5909,-1.4168,-1.922,-2.1283,-1.9908,-1.2822,-0.97941,-1.3219,-2.5158,-2.2219,-1.2299,-1.5751,-2.0449,-1.5134,-0.71242,1.001,1.6133,1.3485,0.39119,0.57723,1.0811,0.87574,0.55277,-0.7,-0.80825,-0.52806,-0.62627,-0.36677,-1.9687,-2.0705,-0.83645,-0.090025,-0.067983,-0.80446,0.25502,1.435
2.2631,1.8905,2.2423,1.5464,1.4576,2.0072,1.6672,1.4785,1.7014,1.4025,1.3199,1.2111,1.4184,1.5266,1.8767,1.8003,1.4069,3.1724,2.9702,3.0543,2.4677,3.1613,2.1561,1.5671,1.0133,1.5009,1.8743,1.2133,0.66676,1.2492,1.5657,1.226,1.5004,1.9422,2.0479,1.6191,1.8703,1.7113,2.1827,1.5182,1.2641,1.7877,0.53457,1.118,0.67921,0.56075,1.0707,0.89199,0.52186,1.1579,1.7757,2.1952,1.7714,2.6986,1.8729,1.1743,0.93855,0.4457,0.72204,0.86633,1.0364,0.56534,1.3567,1.4152,2.0978,1.6991,1.7023,2.1854,2.1512,1.9034,1.653,3.0253,2.465,1.925,1.8073,2.2586,2.2369,2.1683,1.8235,2.3292,1.8239,1.8557,1.9555,2.0638,2.1379,2.0458,2.7351,2.839,2.5345,2.5739,2.8311,2.5401,2.0697,1.4539,1.0668,1.5394,1.5652,0.98943,0.13715,1.178,1.4789,0.44969,0.27022,0.093051,-0.056291,-0.46765,-1.613,-1.3055,-1.3457,-1.284,-1.283,-1.4774,-1.2884,-0.89721,-1.4212,-1.5667,-1.3348,-1.8525,-1.4341,-1.9428,-1.7151,-1.5701,-1.7763,-1.6017,-0.67154,-1.3393,-1.6967,-0.78003,0.092012,0.25248,0.76155,0.94178,1.1114,1.1077,1.8286,1.5531,1.5482,1.771,1.4811,2.2273,1.8108,1.4713,1.4067,0.56339,0.35471,-0.11241,-0.51391,-1.7453,-1.5414,-0.62673,-0.36786,-1.4837,-1.0397,-0.74718,-0.23966,-1.0832,-1.816,-1.2849,-1.8527,-1.9121,-2.1565,-0.78348,-0.5553,-0.54892,-0.92826,-0.43585,-0.030748,0.40705,-0.18468,-0.15832,-0.22803,-0.89598,-1.4531,-1.6667,-1.245,-0.34544,-1.1271,-1.3976,-1.0186,-0.56049,-0.92778,-1.0806,-1.2954,0.20674,0.23063,-0.76837,-1.0674,-0.1876,-0.11751,0.6582,0.55351,0.95912,1.469,0.43386,1.0257,0.54741,1.2664,1.5902,1.9917,1.527,2.6683,1.3626,0.90667,0.37604,0.94803,0.64541,1.2931,1.0291,0.61388,0.99245,1.4928,0.38224,0.68333,1.3424,1.0776,-0.18324,0.26457,0.72823,0.31371,-0.54324,-0.44666,-0.17291,0.66843,0.65307,1.1672,1.5807,1.8179,2.2178,2.1164,1.3383,1.0412,1.5235,1.324,1.0505,1.7846,1.9332,1.843,1.7856,1.6302,1.0873,0.81804,0.96176,1.6415,1.9667,1.2364,1.7153,1.3135,1.5794,1.5197,1.6672,1.6771,1.8579,1.1681,0.38924,1.2658,1.449,1.5814,0.65473,1.9591,2.9853,2.0808,2.4109,2.3395,2.7694,1.5179,-0.88468,-0.9326,-1.1435,-1.9255,-1.8907,-1.3228,-1.0544,-1.3511,-1.4157,-2.4626,-2.8683,-2.5996,-2.6255,-2.8704,-2.9241,-2.1639,-2.6539,-2.3073,-1.5454,-1.9959,-1.8078,-1.1502,-0.80484,-1.4013,-1.62,-1.6059,-1.9937,-1.6471,-1.8146,-1.3288,-0.52977,-0.93877,-1.046,-0.88686,-0.64034,-1.4489,-0.64811,-0.14321,-0.18318,-0.61159,-0.14545,-0.10258,0.89264,0.779,0.10414,0.33419,1.1904,0.21393,0.30878,0.041226,-0.8374,0.29362,-0.29036,-0.60339,0.090234,0.52614,-0.20693,0.6307,0.20814,0.44076,-0.20742,-0.47854,-1.2685,-1.1625,-0.87856,-0.1396,-0.71934,-1.1118,-0.88914,-0.9418,-0.99614,-1.2733,0.068024,0.020009,-0.12887,0.27001,0.57577,0.3831,0.21541,-0.3523,-0.33555,-0.39901,-0.34915,-0.30126,-0.53265,-1.5227,-2.3588,-2.3636,-2.1822,-2.2719,-1.7634,-1.9761,-0.80523,-0.74135,0.11312,0.24877,0.58641,0.10869,-0.36951,-0.61889,-0.22539,-0.5232,-0.77991,-0.74114,-0.20959,0.049174,-0.19651,-0.043245,-0.23463,-0.38264,-0.63595,0.71323,0.163,0.57862,1.3044,1.2012,1.0831,1.6373,1.6778,1.0395,0.73013,-0.086552,-0.36698,-0.95589,-1.0305,-0.86369,-1.5259,-1.1002,-0.67364,-0.69311,-1.7308,-0.81823,-0.078394,-0.24999,-0.59288,-0.53718,0.23761,1.1518,0.56389,0.30435,0.65871,1.1256,0.49962,-0.36769,-0.2887,0.29913,-0.16044,-0.71344,-0.7856,0.18722,0.34724,-0.21134,0.051024,0.67988,0.25484,-0.0067159,1.6851,2.0647,1.3861,1.6735,1.4072,1.1131,1.1533,-0.14976,-1.3218,-1.597,-1.5918,-1.367,-1.5643,-2.3103,-1.7306,-2.2527,-2.989,-2.2004,-2.2693,-1.8408,-1.8578,-2.1263,-2.5472,-1.8624,-2.4339,-1.8951,-1.7695,-1.1297,-0.99981,-0.25989,0.05041,0.75827,0.095955,0.14527,-0.74347,-0.8872,-0.53411,-0.78958,-0.59791,-1.2359,-1.7198,-1.6326,-1.1414,-0.52604,-1.2221,-1.5628,-1.6328,-1.3792,-1.2947,-1.3412,-1.6067,-0.90486,-1.3024,-1.0353,-0.70126,-0.14691,-0.48995,-1.1405,-0.6735,-1.1493,-1.087,-0.13448,-0.39504,-1.3119,-1.6454,-1.6514,-1.4141,-2.3805,-2.1603,-0.95989,-0.46417,-1.3438,-1.0447,-1.117,-0.91574,-1.7332,-1.9978,-1.2327,-0.8701,-0.50595,-1.0495,-0.90569,-0.66818,-0.35358,-0.39653,-0.32744,0.21663,-0.68582,-0.82064,-0.61157,-1.0976,-0.38214,-0.35838,-0.90658,-1.096,-1.7125,-1.3564,-1.606,-0.6752,-0.56408,-0.15631,-0.8029,-0.73707,-1.131,-0.59388,-1.5576,-1.0528,-1.6542,-1.1645,-0.89771,0.34263,-0.12954,0.39991,0.26088,0.3457,0.60496,-0.089496,-1.4409,-1.1367,-1.4647,-1.3298,-1.4168,-2.3577,-2.4062,-2.4156,-1.9671,-0.60981,-0.8602,-0.005606,0.71822,0.35014,-0.60339,-0.53709,-0.65399,-0.45314,-1.0732,-0.75986,-0.45376,0.36257,-0.83501,-1.0079,-1.4281,-0.47556,-0.19989,-0.92674,-0.79785,0.34734,0.012259,-0.40129,-0.95922,-0.36976,-0.39453,-1.0183,-0.73719,-0.98827,-0.56609,0.26674,-0.67699,-0.57128,-0.38061,1.0568,0.40791,-0.18642,-0.56303,-0.12816,0.10537,0.042619,-0.12334,0.28761,0.19431,0.10099,-0.54007,-1.2348,-1.3352,-1.8682,-2.3811,-1.3033,-0.92645,-0.96651,-0.70031,-0.39244,0.72557,0.041361,0.28062,0.42457,1.0182,0.85866,0.81793,1.1279,0.56924,0.4322,0.39674,-0.062776,-0.010616,-0.41377,-0.16809,0.21227,-0.30807,-0.38674,0.7047,0.22533,-0.42176,-1.415,-1.2245,-1.1889,-1.8075,-0.58994,-0.80014,-0.30245,-0.50401,-0.73209,-0.58532,-0.70214,-0.8167,-0.80972,-1.0083,-0.87216,-0.52111,-0.57068,-0.78009,-0.98392,-1.0979,-0.40663,-0.93982,-1.1567,-1.5514,-2.0036,-0.8613,-1.1895,-2.2089,-1.4024,-0.48396,-1.0745,-0.37507,-0.36354,-0.3236,-0.25561,-0.11731,-1.0238,-1.349,-0.79761,-0.813,-1.2265,-1.4468,-1.325,-0.63101,-1.3052,-1.1203,-1.7099,-1.09,-1.7398,-3.1381,-3.2254,-1.352,-1.9486,-2.5676,-2.1993,-1.5427,-1.3157,-1.4404,-1.6479,-0.78901,-1.1969,-1.7918,-1.4236,-0.50709,-1.2205,-1.2483,-0.79761,-0.49446,-0.65209,-0.91011,-0.67733,-0.14384,0.31824,-0.22957,0.3963,1.5773,2.2725,1.8397,1.8424,1.6702,1.1587,0.90632,0.28811,-0.20006,0.068659,-0.1184,-0.22469,0.22582,1.4904,1.143,0.89021,0.84187,0.50204,0.73768,0.020892,-0.059456,-0.89878,0.67593,0.21152,-0.24144,-0.89803,-0.063872,0.071749,0.6824,-0.30147,0.080989,0.39819,0.33509,0.7715,0.4475,0.297,0.25348,-0.57162,0.46785,0.11136,-0.097113,-0.30844,0.26098,-0.35221,-0.11641,0.017542,-0.22091,-0.09201,-0.27344,-0.020439,-0.037521,0.47374,0.69044,0.02756,0.49422,-0.079582,0.50056,-0.31197,0.049526,-0.33388,-0.18521,-0.18583,-0.10282,0.23296,0.01878,-0.22491,-0.34549,-0.030781,0.083858,-0.67323,-0.12272,-0.76046,0.58328,-0.21613,0.49439,0.47783,0.94361,0.27125,-0.75702,-1.204,-0.97216,-0.75671,0.33774,-1.2236,-1.1963,-1.9323,-1.8536,-1.2645,-1.3589,-1.1955,-0.31234,-0.81513,-0.70652,0.25107,-0.3662,0.61329,0.17567,0.42696,0.3018,-0.37517,-0.49221,-0.37257,-0.48603,-1.3753,-0.048829,-1.3158,-1.3308,-1.9042,-1.4263,-0.42349,-1.3295,-0.71474,-0.2106,-0.9772,-0.44792,-0.65121,0.075609,0.33884,-0.15667,-0.66674,-0.14641,-0.58155,-0.2695,-1.1787,-0.83955,-0.39458,0.24576,0.24591,0.12442,0.2367,0.1618,0.47059,0.63869,0.21474,0.12135,0.15994,0.12768,0.3373,0.29743,0.56653,0.56109,0.73394,0.21338,0.075108,0.10786,0.30117,0.16702,-0.90884,-1.4337,-1.3146,-0.82944,-0.90346,-0.8653,0.037953,-0.3142,-0.22394,-0.033189,0.19387,0.19253,-0.21329,0.45506,0.23387,0.7687,0.42091,-0.39532,-0.11069,-0.63307,0.33614,-0.14941,-0.27904,0.83628,1.533,1.3271,0.11688,-0.022804,0.055963,0.040899,-1.4091,-1.2338,-0.76946,-1.0585,-0.68175,-0.41919,-1.1066,-0.58084,-1.2013,-1.5202,-1.1838,-0.79761,-1.0122,-1.2822,-1.0878,-1.1036,-1.4364,-2.0598,-2.3165,-1.6012,-1.8624,-0.62074,-0.15673,-0.51013,-0.48298,0.044761,-0.32965,-1.1609,0.12189,0.61648,0.54197,0.32198,1.0194,0.85354,0.75492,0.00068003,0.25785,1.2899,0.89483,1.667,-0.33045,0.056522,-0.18383,0.029019,-0.18994,-0.7448,-0.60007,-0.89721,0.068468,-0.53131,0.089574,0.51794,1.5825,1.1873,1.1117,1.3745,1.6804,1.5313,1.6062,0.90402,0.87478,0.56976,0.43892,-0.5446,-0.098734,0.14614,-0.065902,-0.18489,-0.68887,-0.69675,-0.29381,-0.47403,-0.33996,0.043848,0.84752,1.2031,0.61493,0.70671,1.1383,1.4206,0.43268,0.38002,0.65067,0.9576,1.1345,-0.26655,-0.4368,-0.6029,0.49684,-0.75422,-0.60092,-0.42008,0.37889,0.19774,-1.0047,-1.3645,0.17693,0.12126,-0.72371,-2.071,-2.8938,-1.1722,-0.96019,-1.1362,-1.457,-0.37454,0.36599,-0.036749,-0.53679,-0.56474,-0.67078,-0.77569,-0.39594,-0.78875,-0.62253,-0.23243,-0.24742,-0.52229,-0.47521,-0.26373,0.083586,-0.69743,-1.053,-1.1817,-1.0222,-0.88668,-0.93802,-0.9961,-0.10918,0.76665,0.2052,0.45509,0.013515,0.64325,0.053744,-0.088391,-0.078352,-0.034824,0.55437,0.67433,1.2781,1.2777,1.0197,1.3806,0.62211,-0.029081,0.96738,1.3104,1.2643,1.047,0.78417,1.7038,1.3448,1.245,0.86447,0.077966,0.70089,0.5772,1.2452,1.3252,0.53276,1.3947,1.496,0.88644,1.1941,-0.17428,-0.55856,0.6894,-1.0005,0.083613,0.42444,0.14364,-0.71142,-0.68842,-1.4817,-0.14417,-0.51994,-0.54609,0.088626,1.1977,1.463,0.4508,0.32839,0.6554,0.41066,0.33433,0.12963,0.61168,-0.24311,0.29633,0.44372,1.0257,1.8528,1.9039,2.0822,1.1321,0.85028,0.78089,1.0712,1.4393,1.1297,0.51688,0.76361,0.42683,-0.39401,-0.36171,0.11134,0.39179,0.54675,0.69184,0.66274,1.411,0.97672,1.1827,0.73357,1.0565,0.46939,0.51976,-0.31616,-0.30761,-0.25287,0.14913,0.50384,0.36714,0.37245,1.2436,1.4993,1.3513,0.49015,0.70382,0.055123,0.46659,-0.18686,-0.38954,-0.35262,-0.54383,0.41367,0.7881,0.30321,0.503,0.93355,1.2305,1.3127,1.1194,1.027,0.83927,1.0894,0.9686,0.43244,-0.01555,-0.063423,0.39348,-0.26512,-0.051211,0.15918,0.30333,0.6583,0.30058,0.31773,0.53263,0.65394,1.0314,-0.076243,0.11415,0.42487,1.3326,1.0742,0.77126,1.5498,1.7048,1.5226,1.1864,0.3799,0.28894,0.4845,0.99965,1.083,0.65127,0.25779,0.62102,0.62432,0.97277,0.24721,-0.093241,0.15919,0.8295,0.87382,0.63358,0.24324,0.24493,0.13358,-0.2134,0.65484,0.76351,0.74979,0.9715,1.0866,1.2373,0.25587,0.82653,0.56104,0.87952,1.6965,0.75747,0.98873,0.89842,1.0028,1.2099,0.30184,0.58794,0.2957,0.46206,0.79137,0.85247,0.57216,0.9111,1.4069,1.6083,1.2442,1.5212
1.0337,0.68212,0.86117,0.56671,0.76916,0.72363,0.63809,0.57983,0.49553,0.3259,-0.028448,0.20129,0.48631,0.43621,0.84577,0.59026,0.59172,0.43156,0.62176,0.29803,0.013632,-0.16519,0.26912,0.14177,0.57038,0.7177,1.105,0.54635,0.82462,0.45901,0.22653,-0.21527,-0.77692,-1.1987,-0.41415,-1.0476,-1.8345,-1.8144,-1.6265,-1.9771,-2.0016,-1.4672,-1.3175,-0.75386,-1.6012,-1.0373,-1.1184,-1.1513,-1.1508,-1.0647,-0.45008,-0.22034,-0.23613,-0.40553,-0.070227,-0.50231,-0.9635,-1.9562,-1.8464,-1.6841,-0.80438,-0.83726,0.50156,1.4561,1.2154,1.2289,1.4717,1.3065,0.74378,0.29092,-0.32654,-1.1261,-1.3717,-1.2462,-1.2337,-1.3941,-1.0207,-0.96404,-1.427,-0.54691,-0.62366,-0.68588,-0.80278,-0.76909,-0.92217,-1.0511,-0.4151,-0.68447,-0.2885,-0.91296,-0.34035,-0.85313,-0.92722,-0.23467,-0.13569,0.37672,0.52953,0.67796,1.4942,1.2394,1.2805,1.0652,0.3318,-0.33603,-1.5433,-1.6541,-1.8623,-1.6113,-1.2234,-1.0609,-1.2358,-0.91459,-1.418,-1.2147,-1.0991,-0.61734,0.068916,0.42292,1.0981,1.1057,1.3249,1.7582,1.9922,1.4825,1.0676,0.67633,0.59243,-0.10653,-0.06523,-0.12863,-0.41096,-0.41704,0.19466,0.44906,0.67958,0.34574,0.3251,0.77747,-0.37799,-0.74431,-1.5804,-2.1851,-2.3616,-2.2659,-1.8484,-1.3974,-1.5821,-1.2531,-1.6193,-1.4498,-2.7046,-2.3497,-2.3522,-1.7341,-1.195,-1.0443,-0.70287,-1.5405,-0.89359,-1.5897,-1.3904,-2.099,-1.7579,-2.8721,-1.7595,-1.7544,-0.95537,-1.0673,0.10443,0.53381,0.60393,1.9196,1.9868,2.7384,2.9344,2.4059,2.4582,2.2725,2.1835,1.0834,0.71057,0.63543,-0.34905,-0.35187,-0.41162,-0.90938,-0.73021,-0.98188,-0.87635,-0.79948,-0.51815,-0.28273,-0.72663,-1.217,-1.3306,-1.6277,-0.6611,0.58716,0.54114,1.4763,2.0759,2.2577,1.3757,2.5487,2.4031,2.7799,2.2413,2.9266,3.3564,3.0202,2.5698,2.8628,2.8729,2.3077,1.6459,2.4558,2.3014,2.0643,0.75902,0.5736,0.71968,0.47024,0.065975,0.81838,1.2916,2.2265,1.3851,1.1957,1.2987,1.0887,0.52701,0.61638,1.1621,1.4866,0.68065,0.53597,0.41559,-0.088914,-0.51242,-1.926,-1.452,-1.8129,-1.4935,-0.38828,-0.30935,0.26076,0.49942,0.38054,-0.43543,-0.68431,-1.1372,-1.2991,-0.69285,-0.77004,-0.068997,0.068604,0.62034,0.83447,1.9905,0.54114,0.55394,0.50771,0.059231,-1.2348,-1.6969,-1.5973,-1.2485,-1.9219,-1.548,-1.4563,-1.0036,-1.1362,-0.69596,-0.58842,0.19085,0.21469,0.3156,1.1069,0.72029,1.2369,0.75118,0.54855,0.76067,0.4701,-0.44198,-0.86421,-0.77328,-0.50809,-0.73405,-0.46056,0.62725,0.95108,0.54849,0.78361,0.77193,-0.19732,-0.4527,-0.73507,-0.71382,-1.4045,-1.4378,-1.4811,-1.5597,-0.97114,-2.0888,-2.6991,-2.2825,-2.9625,-2.8616,-3.203,-2.5352,-2.2217,-1.5699,-1.9292,0.37892,0.03879,0.078416,1.238,1.7089,2.4556,1.1997,1.0745,1.211,0.99022,0.87658,0.6872,0.15583,0.37359,0.32959,-0.18501,0.25651,0.72227,0.40466,1.065,1.3656,1.994,1.4591,2.1514,1.4638,1.6963,0.83171,0.56596,-0.35855,0.31231,0.3595,0.66665,0.83887,1.1942,0.9912,1.5318,0.9844,1.2132,0.84926,1.2183,0.59871,1.0674,0.16406,-0.6307,-1.3477,-1.4024,-1.6989,-2.0039,-1.6506,-1.2923,-0.65382,-0.51629,-0.76135,-1.433,-0.79564,-0.67595,-0.4962,-0.24249,0.0087988,-0.15529,-0.52919,0.21676,0.71759,0.49307,0.45675,0.19356,0.1013,-0.088669,-0.12194,-0.71348,-0.2781,-0.0090164,-0.14876,0.95404,0.73479,1.3965,1.1858,1.0998,1.1539,1.8096,1.3299,1.5016,0.89788,1.2748,1.0882,0.7239,0.73859,-0.39687,-0.99693,-1.7079,-1.2029,-1.8826,-2.0444,-2.8305,-1.8444,-2.1362,-0.73292,-0.32668,-0.36927,-0.96839,-1.3733,-1.0941,-0.66317,-0.72607,0.078192,0.3736,0.4759,0.72388,0.58146,0.4127,0.30837,1.0731,0.86548,0.46453,0.11021,0.18,-0.70612,-0.97031,-0.90322,-1.048,-0.67731,-0.2934,-0.13787,-0.34423,0.77308,1.5874,1.3543,1.1717,1.0287,1.252,0.83832,0.91884,0.67412,0.81157,0.13015,-0.69244,-0.81946,-0.47584,-1.1514,-1.3839,-0.90436,-0.55049,-0.21868,0.099292,0.3171,0.56837,0.80911,0.46724,0.21277,-0.028433,0.55402,-0.024632,0.64892,0.62936,0.9413,1.6199,1.9404,2.0972,2.0325,1.8028,0.6915,0.38942,-0.48193,-1.5645,-1.6704,-1.0177,-1.2389,-0.764,-0.71492,-0.36847,-0.25279,0.22963,-0.2937,-0.44081,-0.12848,0.45583,-0.93622,-1.6038,-1.1773,-1.0139,-0.95214,-1.6704,-0.80858,-0.7848,-0.79568,-0.74378,-0.488,-0.54428,0.4815,0.68546,0.71823,1.3642,1.7056,1.4495,2.0114,1.649,1.5039,1.5965,1.0572,1.1596,1.2374,1.6915,1.32,1.4951,1.7437,0.43566,0.6794,0.4024,0.24683,-0.20581,-0.62949,-1.237,-1.3302,-1.0676,-0.72896,-0.42933,-1.2847,-1.2161,-1.5534,-1.931,-2.4429,-1.8971,-1.6507,-1.6341,-0.34986,-0.27139,-0.37229,0.42997,0.46519,0.15623,1.1829,0.63362,0.95072,0.4772,0.089609,0.76318,1.1502,1.1583,0.72329,0.91102,0.64833,0.66088,0.83767,0.48129,0.46085,0.081473,-0.4715,-0.65401,0.0001701,0.12341,-0.074362,0.38749,0.58319,0.82133,1.0444,-0.27882,0.18461,-0.4814,-0.97137,-0.63055,-1.1601,-0.67508,-0.54669,-0.66536,-0.58779,0.11569,0.11803,0.12674,0.51324,1.1794,1.6107,2.0281,2.0809,2.7219,2.4513,2.8325,2.8148,2.5036,2.3694,1.881,2.2229,0.96884,1.0826,1.2934,0.43696,-0.26473,-0.19692,-0.62155,-1.0594,-1.1549,-1.4224,-1.5423,-1.5931,-1.905,-1.5319,-2.0852,-1.2812,-1.1612,-0.87325,-0.26361,-0.41104,0.3831,0.60123,0.97524,0.4646,0.70725,0.34226,0.19178,0.78337,0.44672,0.62276,-0.18897,-0.082498,-0.49181,-0.80297,-1.0783,-1.8089,-1.8191,-2.1185,-2.0253,-1.8496,-1.2138,-1.4007,-1.2237,-1.0794,-0.027829,-0.36186,0.18747,0.31073,0.062703,0.13764,0.55417,0.15361,0.54228,0.56391,0.75322,1.6643,1.7641,1.5222,1.9533,1.0461,0.631,0.34213,0.15548,0.41319,0.98764,0.21964,-0.19204,0.02675,-0.16746,0.37023,0.14846,-0.56877,0.10969,0.12424,0.19134,-0.13044,0.4344,-0.069848,1.5475,1.1601,1.0813,1.5057,1.2869,0.82269,0.77916,0.57779,-0.33448,-0.51945,-0.47376,-0.59242,-1.3843,-1.8441,-1.9327,-1.4834,-1.3665,-1.6518,-1.3351,-0.35983,-0.65912,-0.56369,-0.32651,0.017532,1.2298,1.5243,1.736,1.2966,1.8857,1.618,1.0647,0.16106,0.075459,-0.088592,-1.0839,-1.1781,-1.2168,-0.43664,-0.32904,0.052164,-0.18386,1.218,0.88837,1.8041,1.8871,2.2234,2.8869,2.4722,2.299,2.3478,2.1949,2.2573,1.4648,1.1637,0.58271,0.031845,-0.45946,-0.57609,-0.69813,-0.75486,-0.19282,-0.20997,0.59489,-0.059974,-0.13927,-0.14709,-0.0094213,-0.63238,-0.92284,-0.58299,-0.77762,-0.58701,-0.3074,-0.068734,0.28665,0.56597,0.73456,0.55605,0.96899,0.71582,0.37366,-0.15457,0.16729,-0.59834,-1.5068,-2.3947,-2.2684,-2.5869,-2.3735,-2.2122,-1.7753,-0.7995,-0.13342,0.51014,0.28599,1.0511,0.52037,1.0291,0.94972,0.81273,0.68112,1.2645,0.73771,0.96748,0.80532,0.65959,0.58483,0.67248,0.044336,0.65386,1.4598,2.3873,3.2817,3.2178,2.374,2.4809,1.621,1.0197,0.33514,0.14774,-0.61773,-0.92742,-1.7697,-2.2097,-1.6824,-1.9683,-1.3675,-0.82974,-1.1473,-1.2178,-0.34914,-1.3133,0.34573,0.12873,1.1391,0.94422,1.5067,0.70086,-0.49147,-1.3933,-1.5552,-2.8083,-2.5099,-2.6562,-2.6713,-2.1407,-2.2713,-2.1265,-1.7157,-2.2423,-2.2668,-2.9578,-2.3421,-2.4333,-2.6602,-2.9691,-2.7316,-1.8697,-1.2541,-1.4683,-0.86391,-0.50601,-0.26732,0.32203,0.96383,1.6834,2.2302,3.0703,3.3225,3.5632,3.9304,4.1823,4.3936,3.9899,3.288,2.1603,0.42561,-0.82511,-0.8461,-1.8906,-2.2462,-2.056,-2.5775,-2.6104,-2.6513,-2.2053,-2.7736,-2.618,-1.1606,-0.94659,-0.80346,-1.187,-0.42254,-1.146,-0.88385,-2.0999,-2.0555,-0.95523,-0.91352,-0.045121,-0.34876,-0.017827,-0.041133,0.57179,-0.095378,-0.03542,-0.21372,-0.5126,-0.61328,-0.61228,-0.98926,-1.1324,-1.0629,-0.64912,-0.21708,-0.1584,0.00089945,1.0484,1.1203,1.304,0.69437,-0.28964,-0.53262,0.65551,-0.1084,0.050759,0.26873,0.3551,1.7543,1.8002,1.6889,1.9085,1.246,1.1589,0.41282,-0.035759,-0.29293,-0.5078,-0.068633,-0.47287,-0.77777,0.34509,0.25573,0.041169,0.065718,-0.15437,0.14946,0.10669,0.73548,0.56142,0.63261,1.0102,1.3134,0.72233,0.24253,-0.062781,-0.44777,-0.99141,-1.5111,-1.5435,-1.4185,-1.307,-1.3528,-0.86924,-0.97468,-0.96186,-1.1748,-1.3414,-0.054408,-0.098285,-0.62726,-1.0925,0.13268,0.72235,1.1328,2.0903,1.9965,1.3523,0.47928,0.55654,-0.30648,-1.0021,-1.5027,-1.6775,-1.6754,-1.3001,-0.86157,0.092923,-0.31914,0.52578,1.143,1.979,2.0128,2.4591,2.4944,2.7682,3.2237,2.4849,2.8422,1.3578,2.5617,2.17,2.4496,1.1844,0.15798,-0.8064,-0.8,-1.4036,-2.1157,-2.1338,-1.4986,-1.4298,-1.0891,-0.43434,-0.40121,-0.47274,-0.37574,-1.0324,-0.36013,-0.2642,-0.25224,0.45542,0.6625,1.0773,1.524,2.2357,1.8948,0.89847,0.018374,-0.47803,-1.6062,-1.9043,-2.1407,-2.0441,-2.0736,-1.9308,-1.4293,-1.283,-2.2267,-1.7143,-2.0277,-1.5801,-2.236,-2.7074,-1.7976,-1.2218,-1.3726,-0.93184,-1.4116,-1.0922,-0.35343,-0.25577,1.392,1.6448,1.7973,1.7324,2.0305,1.9035,1.2097,0.71637,0.84043,1.1901,1.313,1.0296,0.85227,0.70509,1.2818,1.2974,1.369,1.1022,0.93674,-0.54909,-0.66482,-0.44223,-0.46556,0.60831,1.0594,0.83767,0.58943,0.2113,0.00022178,-0.11992,-0.8951,-1.3783,-1.3828,-1.5556,-1.2546,-0.98027,-1.1442,-1.0793,-0.53828,0.21236,-0.15035,-1.0473,0.25564,-0.28731,-0.60283,-0.63397,-0.41335,-0.75322,-0.048186,0.25032,0.53119,1.241,1.4994,2.0033,2.3818,2.4338,2.2133,1.758,1.3159,0.2159,-0.26737,-0.88222,-0.94918,-1.029,-1.04,-1.2116,-1.0955,-0.65948,-0.66173,-0.90721,-0.40911,-0.89191,-1.1917,-0.7658,-0.054962,-0.21789,0.25894,0.047278,0.67642,0.38482,0.59286,0.82186,1.063,0.60257,0.61882,0.52693,1.0734,0.68422,1.1438,1.3198,1.0585,1.1686,0.83649,0.73315,0.094684,-0.7427,-1.4771,-1.8246,-2.2097,-1.94,-2.2877,-1.8866,-1.5975,-1.6549,-1.5526,-1.7635,-1.5809,-1.3709,-1.3,-1.1659,-0.99487,-0.50807,-0.20485,0.32867,1.2547,1.3064,0.88067,1.0727,0.71885,0.64171,1.1024,1.4287,1.2342,0.83784,0.63583,0.91178,0.88722,0.95682,0.85029,0.669,0.81873,0.46056,0.91755,0.69293,0.52319,0.70533,0.81438,0.74929,1.3801,1.2311,0.93942,1.084,0.69206,0.92477,0.57571,1.1019,0.97969,0.81317,1.0961,0.72105,0.19074,0.54288,-0.47409,-0.021659,-0.91683,-1.0676,-0.90673,-0.85305,-0.91433,-1.1609,-1.1557,-1.6918,-1.487,-1.5935,-1.747,-1.9926,-1.6776,-1.4437,-1.6311,-1.7187
-0.56916,-0.68018,-0.6182,-0.92556,-0.61916,-0.12578,-0.2699,-0.019134,-0.13533,-0.16326,0.16807,-0.40799,-0.07016,0.70982,0.29651,-0.73368,-0.91501,-0.26494,-0.070941,-0.7292,-0.65269,-0.84427,-0.46082,-0.6539,-1.3116,0.49127,0.045409,-0.018887,-1.5124,-1.3862,-0.25008,0.063744,-0.63904,-0.54986,-0.4409,-0.45989,-0.038486,-0.64768,0.16037,-0.1371,-0.050717,-0.39937,0.1407,-0.9566,-0.12948,-0.30834,1.2462,0.012871,-0.087875,0.3807,-0.63501,-1.3302,-1.3981,-1.384,-0.93345,-0.9084,-1.5452,-0.77472,-0.31917,-0.78378,-0.62129,-0.24307,-0.88806,0.11353,-0.38992,-0.69784,-1.0905,-0.19858,-0.42284,-1.4903,-1.6927,-1.1113,-1.1761,-1.5253,-1.809,-1.3668,-0.34577,-0.56427,-1.1794,-0.88011,-0.87955,-0.52904,-0.97875,-0.55079,-0.50103,-0.19308,-1.1311,-0.67718,-0.46642,-0.96496,-1.7321,-1.7191,0.07818,-0.48787,-0.10868,-0.48783,-0.66676,0.49902,-0.36197,-2.0863,-1.2629,-1.7064,-0.24691,-0.637,-0.76874,0.41058,0.48557,-0.45936,0.11029,0.26237,0.541,0.7371,0.45548,0.85212,1.0115,1.6055,0.1237,0.58978,0.29887,-0.20297,-0.49995,0.59701,-0.54553,0.063392,-0.16594,0.085112,-0.30871,1.1251,1.2086,0.86231,0.58845,-0.15175,0.39811,-0.22488,-0.56854,-1.1938,0.13644,-0.983,0.14815,-0.72171,-0.66294,0.066505,0.36195,-0.64025,0.7268,0.83757,0.72261,1.5274,1.1306,2.042,0.63436,0.75793,0.59905,1.3963,0.86517,1.0071,0.49749,0.65345,1.1857,1.0048,0.97453,1.1815,1.5496,1.0975,0.37015,0.5577,0.075096,0.24747,-0.47593,-0.46435,0.10024,0.66978,0.17146,0.12696,0.59313,0.65984,0.014953,-0.08361,-0.10042,0.28407,0.29993,0.29803,0.80137,-0.79086,0.49457,0.032159,-0.29431,-0.022026,0.12918,-0.078296,0.30905,0.53031,0.52532,0.46098,-0.21203,1.3369,0.94419,1.6192,1.3305,-0.29289,-0.56309,0.30075,-0.84311,0.25569,-0.064686,0.0038229,-0.040835,-0.79848,-0.19597,0.40771,0.34396,0.48828,0.50411,1.1003,0.5455,0.6981,0.33738,0.39881,0.45405,0.20673,1.1519,0.479,0.56226,0.71359,0.093336,-1.4582,-1.0318,0.97441,-0.47849,-0.46082,-0.063474,-0.79758,-1.1689,0.15066,0.41641,-0.17384,1.4575,1.5318,0.88056,1.1951,0.89484,1.0772,0.67095,0.12856,0.0023761,-0.39931,-0.40068,-0.36883,-1.002,-0.34747,0.023208,-0.83594,-0.61673,-0.49788,0.89506,-0.24904,-0.074814,0.071939,0.065753,-0.72956,0.059239,-0.32544,-0.72982,0.0084564,-0.083646,-0.26609,0.60354,-0.20257,0.26018,-0.69144,-0.41626,0.25014,0.34998,0.3341,0.35221,-0.26013,0.65695,0.34709,0.029279,0.31212,0.29307,-0.17725,-0.49397,-0.63978,0.14522,0.072431,-0.036592,1.1061,1.11,0.32763,0.51891,0.86186,0.9907,1.3971,0.073049,0.90575,0.52311,0.75969,1.0197,1.3585,0.48201,0.26699,1.0447,0.99301,1.7029,0.64378,0.53879,0.81952,1.0288,1.0719,0.34673,0.50564,1.6485,0.42261,0.27185,0.26332,-0.10341,-0.30294,-1.2073,-0.25296,-0.2858,-0.5739,-1.0811,0.12589,-0.13076,-0.18847,-0.28163,0.67971,0.62578,0.60284,0.3277,1.0488,-0.073579,0.12432,0.61747,-0.47483,-0.51087,-0.78475,-0.4574,-1.1824,-0.82479,-0.54065,-0.59663,-0.1636,-0.30753,-0.48475,-0.59223,-0.96432,0.46961,0.64373,0.73987,0.85395,0.89145,0.72199,0.45105,0.45998,0.21356,0.28491,0.45043,-0.58148,0.27437,0.030236,0.414,-0.089383,-0.082681,0.67482,-0.14193,-0.16209,-0.57584,-0.55048,-0.34404,-0.0092189,-0.36471,-0.44221,-0.15141,-0.48633,-0.41722,-0.38453,-1.5372,-1.2887,-0.61358,-1.0047,-1.3966,-0.76072,-1.0371,-0.9254,0.65494,-0.34215,-0.80638,-0.023292,-0.52903,-0.026837,0.46715,-1.0559,0.10078,0.37182,0.17058,-0.5997,-0.099704,-0.16873,-0.97301,-1.2999,-0.3447,-0.40679,-0.91001,-1.0822,-0.29944,0.25529,-0.61704,0.6086,-0.067809,0.607,-0.8083,0.010496,0.07124,-0.81743,-0.43779,-0.6857,-0.52739,-0.17993,-0.34402,-1.3535,-1.0909,-0.33152,-1.7312,-1.3247,-0.9675,-0.52019,-0.19281,-0.77022,-0.17627,0.60671,0.14514,0.5415,0.88028,1.0484,0.27492,-0.1108,-0.086243,-0.10763,-0.25161,0.44545,0.15816,0.09439,0.11589,0.45245,1.0523,0.37041,-0.1734,-0.47061,-0.65336,0.48892,-0.34252,-0.60795,-1.1204,-0.38301,-0.59443,-0.69153,-0.80745,-1.3496,-0.53217,-0.63965,-0.83432,-0.4199,1.006,0.11851,0.64158,0.24769,1.1053,0.66654,0.082701,-0.47461,-0.46768,0.29738,0.49941,0.27715,0.43634,0.25269,0.88069,1.021,0.96276,1.7652,0.99799,1.6447,0.55218,0.60565,0.96627,0.052776,1.4242,-0.32566,-0.3076,-0.0053138,0.95237,0.26076,-0.23531,-0.2145,0.31039,0.035729,0.62835,0.064689,-1.0911,-0.42587,-0.22042,0.59228,-0.3812,-0.3854,-0.12662,-0.63023,0.38879,-0.8416,-0.058049,-0.78201,-0.85515,-0.74376,-0.70502,-0.46057,-0.23003,-0.42483,-0.32844,0.47468,0.58674,0.29236,0.18379,1.0653,0.71994,1.475,1.2941,0.98901,0.56817,0.61142,1.5875,0.80927,0.96767,1.3541,1.0489,0.13064,0.28234,0.0023496,1.3029,-0.35553,0.6342,1.4504,0.79655,0.80012,0.17852,0.45328,0.43332,0.5366,0.80419,-0.45743,-0.12081,0.0039712,0.051584,0.3412,-0.27297,-0.0011637,0.57477,-0.25424,-0.86484,-0.94398,-0.34297,-0.31046,-0.6841,-0.93723,-0.7951,-0.41023,-0.74379,-1.0396,-0.19523,-0.08091,0.17963,-0.48652,-1.9856,-0.17815,-1.1503,-0.46832,-1.1593,-0.27786,-0.91919,-0.42771,-0.40026,-0.62027,0.05973,-0.72419,-0.75788,-0.90024,-0.51153,-0.49796,-1.0697,-0.56716,-0.33176,0.43848,-0.70902,-0.6945,-0.43039,-0.7846,0.97155,-0.70349,-0.27825,-0.4755,0.49259,-0.06546,-0.72416,-0.32267,-0.16267,-0.040948,-0.66879,0.69212,-0.093824,-0.11032,-0.09901,0.087035,0.084946,0.45389,0.012156,-1.6891,-1.3484,-0.1129,0.60667,-0.31288,-0.13977,-0.08697,0.16332,1.6432,0.58257,1.0131,1.5339,1.8282,0.9829,1.475,1.1017,0.8503,1.3476,1.0031,1.1444,1.1044,0.33399,0.93765,0.39397,0.15648,0.97384,0.31885,0.19706,0.56987,0.68938,1.4231,0.81144,0.92844,1.0662,0.27247,-0.090864,-0.16587,-0.27792,-0.43072,0.19003,-0.38442,0.39975,0.10449,-0.88625,0.14518,0.59547,-0.48213,0.62351,-0.34682,0.28394,0.20736,0.26623,0.27842,-0.46063,-1.2654,0.46542,0.36898,-0.026726,0.15231,0.54337,0.62408,-0.5025,0.68307,0.71559,0.07576,0.27618,-0.44969,-0.20764,0.63691,-0.53281,-0.59737,1.0489,0.41095,0.4403,0.77478,1.0802,1.0007,0.96558,0.50852,1.3604,1.0966,0.044767,-0.82729,-0.094634,0.95749,0.074819,-0.010167,-0.50929,0.04616,0.13013,-0.23913,0.4802,0.76407,0.33045,0.90187,0.35943,0.66268,0.42553,0.9031,0.99822,0.84412,0.88331,1.0032,0.86686,0.72362,0.70722,0.44758,0.73809,1.2242,0.56722,1.5025,0.01111,0.57317,-0.87057,-0.32596,-0.27972,-0.41003,-0.74691,-0.66961,-0.44962,-0.10087,-0.10072,-0.18944,0.30875,0.74975,1.0098,0.31105,0.10135,0.68825,-0.13811,0.75304,0.2874,-0.057366,-0.25508,0.072019,-0.4395,-0.7849,-0.48917,-0.36077,0.30233,0.17398,0.22814,0.91028,0.66277,1.0477,0.075389,0.55102,0.48838,0.99884,1.3047,1.0403,1.3509,0.60921,1.2006,0.5331,0.12379,0.46681,-0.25213,0.01337,-0.45681,-0.8243,-1.1778,-0.29288,0.50232,0.0036391,0.49347,0.5402,0.16681,-0.061187,-0.035021,-0.36809,-0.4119,-0.24176,-1.1801,-0.60052,-0.42867,-0.49798,-0.50169,-0.37128,-0.010463,-0.20009,0.84668,0.054177,1.5685,0.21248,0.49991,0.63198,0.77265,0.91297,0.44472,0.040554,-0.41962,-0.45382,-0.35059,0.25945,0.44132,-0.53027,0.11382,0.72946,1.0928,1.2406,1.4625,0.68289,0.23504,0.37709,0.53493,0.69847,0.63014,0.71451,0.23097,0.35807,0.74526,-0.32401,0.61615,-0.23307,0.054881,0.26798,0.43201,-0.063753,-0.016145,-0.034485,0.44106,-0.072096,-0.032347,-0.37344,-0.67128,-0.95957,-0.32446,-0.5681,-0.66711,-0.93906,0.37796,-0.35775,0.13777,-0.53935,0.0012481,0.08702,-0.20345,0.010321,0.35636,0.1998,0.02774,-0.0041357,-0.1145,0.59878,1.4341,-0.78283,-0.7128,0.018876,0.15988,-0.93995,-1.1502,-1.2502,-0.59837,0.41076,0.063179,-0.1271,-0.61183,-1.2061,-0.51874,-1.4963,-1.207,-0.97832,-0.36644,-0.055498,0.083579,0.23686,0.71239,0.18066,0.14359,0.51739,0.22544,0.39226,0.2111,0.26501,-0.27694,-0.25516,-0.67657,-0.2901,0.2806,0.22013,0.68052,-0.44664,0.98455,0.27102,0.24579,-0.78688,-0.034422,-0.53165,-0.7327,-0.59937,-0.82167,-0.94336,-1.3422,-1.0182,-0.977,-0.93049,0.27802,-1.3298,-0.8043,-0.084184,-0.86983,0.71417,0.26466,0.68219,-0.037733,0.096182,-0.52403,0.020897,-0.8681,-0.51962,-0.80576,-0.51655,-0.67111,-1.0544,-0.29497,-0.85462,-0.50955,-0.32101,0.030693,-0.66607,-0.42305,-0.31659,0.17302,0.24026,-0.94576,-1.0238,-1.313,0.61387,0.70358,-1.3389,0.49369,-1.6647,-0.71133,-1.3678,-0.88596,-1.6022,-0.86358,-1.2675,-0.81277,-0.32262,-0.078314,-0.26329,-0.28954,-0.4148,-0.30891,0.61151,-0.27436,0.55037,-0.61123,-0.62545,-0.025565,-1.2414,-0.64146,-0.5367,-1.3342,-1.5184,-1.325,-1.3171,-1.0484,-0.7033,-0.70344,-0.12376,-0.46299,-1.1209,-1.2209,-0.46803,-0.34328,0.77748,-0.41497,0.0046952,-0.093034,-0.34569,0.95354,0.30892,0.068699,1.2225,0.83309,0.086315,0.1805,-0.20064,-0.1422,-0.28757,0.15031,-0.51987,0.5673,1.2485,0.93836,0.83086,1.2233,1.1155,0.43218,0.79178,0.36416,0.19045,0.80744,0.34868,-0.11251,0.68055,0.56137,0.61838,0.31484,0.23089,0.27649,0.84994,0.16798,0.67377,0.78332,1.1451,0.33138,0.30182,-0.98048,-0.6164,-0.13837,0.41396,-0.20184,-0.70028,0.0085156,-0.66886,0.01719,-1.1673,-0.36996,0.37293,-0.37881,-0.010736,-0.61761,0.31606,0.75453,0.62464,0.68071,1.2242,0.74318,1.0327,0.65847,-0.1015,-0.30329,-0.26416,0.46771,-0.63595,0.25928,1.623,1.4016,1.0186,0.63703,1.0552,1.1674,-0.098555,0.11661,0.15761,-0.18764,1.0637,0.53633,0.0096098,-0.34189,0.63843,0.82158,0.44371,-0.10454,0.31574,0.0023368,-0.096971,0.18541,0.096958,-0.20517,-0.30556,-0.20138,-0.95688,-0.63969,-0.16589,-0.2786,-0.10654,-0.56046,-0.30976,0.17015,-0.31676,0.014497,-0.060611,0.53695,0.78147,0.60358,0.33901,0.50239,0.59638,1.0883,-0.41697,-1.4084,-1.4452,-1.2185,-0.77215,-0.97551,-0.82479,-1.1331,-1.114,0.11772,-0.072838,-0.55046,-0.32977,0.14978,-0.13724,-0.28281,0.00010887,-0.4272,0.24045,0.042604,-0.50824,-0.59516,0.17823,0.345,0.17951,0.73548,0.25055,0.4408,0.73179,0.793,0.6235,0.99545,1.057,0.62129,0.99331,0.79144,0.67934,0.59028,0.834,0.56689,1.0358,-0.01831,0.02286,0.30142,-0.17247,-0.27219,-0.93867,-0.74944,-0.31372,-0.7581,-0.99239,-1.2242,-0.63386,-0.68506,-0.4116,-0.24311,-0.22868,0.24774,-0.05055,0.060589,0.38856,0.089055,-0.3957,-0.5877,-0.3888,-0.18177,-0.86763,-0.61605,-0.6342,-0.15779,-0.91576,-0.12887,-0.75647,-0.34552,-0.2046,-0.21521,-0.74805,-0.49917,-0.96391,-1.0707,-0.59845,-0.71636,0.3246,-0.49629,-0.54031,0.36479,0.39981,-0.28311,-0.355,0.12449,0.27145,0.03468,0.12193,0.14046,-0.229,-0.84557
0.96875,0.87427,0.87907,0.87137,0.69628,0.59461,0.18864,0.61524,0.063046,0.69568,0.6332,1.219,1.1286,1.3926,1.3677,1.8597,1.5501,1.5343,0.73294,0.64082,-0.31611,-0.79541,0.062571,-0.20299,-0.47183,0.84379,1.0951,1.2515,1.0908,1.194,0.60634,0.99894,0.64038,1.0665,1.2349,0.81024,-0.12933,-0.18318,0.12548,-0.15969,-0.9986,-0.99602,-0.79595,-1.5297,-1.4077,-1.2979,-0.53597,-0.64973,0.010855,0.85699,0.88002,1.1906,-0.30478,0.19161,-0.35277,-0.24818,-1.3233,-2.157,-1.9173,-1.5117,-1.808,-0.85462,-1.2748,-1.005,-1.3434,-1.6069,-1.7665,-2.4544,-1.91,-1.3911,-0.94272,-0.67003,0.37763,0.039569,0.59192,0.11669,0.1874,-0.27253,-1.1891,-1.1685,-0.71297,-0.75035,-1.6627,-0.84624,-0.26877,-0.37912,-0.47266,-0.099153,-0.10052,0.54299,-0.2003,0.71868,0.95285,1.9598,1.9092,1.752,2.1358,2.0178,2.0124,1.8747,1.5655,1.5182,0.44016,0.030131,0.3388,0.016407,0.028415,-0.19426,-0.51804,-0.049224,-0.005426,-0.99897,-0.84962,-0.3291,0.19366,-0.055953,-0.37068,-0.40497,-0.18159,-0.30831,-0.93484,-1.1307,-1.8462,-1.1077,-1.7494,-2.1336,-1.6251,0.016638,-0.086043,-0.34161,0.1501,0.08635,0.90197,0.47893,1.4303,1.0908,1.553,0.45814,0.30755,0.93405,-0.01522,-0.4303,-1.3562,-1.8326,-1.422,-1.9439,-1.6187,-1.7949,-1.2144,-0.7152,-0.52408,-1.2872,-0.59631,-1.1944,-0.67171,-0.53667,-0.80553,0.0083508,0.032825,-0.075534,0.03254,0.020748,0.20022,0.39217,-0.64294,0.068434,-0.26948,-0.089462,-0.114,-0.83095,-1.829,-1.2163,-1.4997,-1.3539,-1.8188,-1.366,-0.99736,-1.0247,-1.142,-0.0015097,-0.047303,-0.60198,0.054453,-0.26397,-0.20338,-0.49775,-0.56828,-0.8312,-0.6817,0.52146,-0.020355,0.82688,1.3923,1.1479,1.6297,1.5274,1.1307,1.1369,0.92056,-1.0468,-1.2865,-0.57745,-1.6428,-1.5034,-1.6686,-1.3954,-1.4362,-1.9125,-1.7155,-1.8194,-1.0596,-1.652,-1.5555,-1.5441,-0.25923,-1.5704,-1.9085,-0.77205,-0.66557,-0.36287,-0.75306,0.033114,0.48547,0.0043301,0.31765,-0.22762,-0.34493,-0.16039,-0.00047516,-0.36495,-0.32994,0.22131,0.87307,-0.16185,0.49528,0.95123,0.63984,0.348,-1.0125,0.0092116,0.23269,-0.043899,-0.11031,-0.2205,0.23321,0.37068,0.93895,0.16633,0.4939,0.078322,-0.48007,-0.18511,-0.022002,-0.35806,-0.85332,-0.35702,0.65081,0.41721,-0.025485,0.18765,0.0046049,0.46981,0.16781,1.3033,1.0103,-0.44904,-1.4263,-1.2883,-1.495,-1.2075,-2.8045,-1.5628,-2.04,-1.8348,-1.3813,-1.3161,-1.2132,-1.082,-0.40171,-0.68936,-0.99159,-0.76392,-0.56271,-0.55715,-0.2195,-0.39114,-0.35013,-0.81765,-0.91816,-0.33858,-0.88017,-0.60452,-0.20937,0.47998,1.7547,2.0536,1.0544,0.95476,0.89432,1.1097,0.98665,0.09137,0.39308,0.38488,0.31229,-0.4194,0.34099,0.27206,0.75683,0.43446,0.67807,0.94003,0.98119,0.5878,-0.22567,0.64486,-0.40327,0.11991,-0.38802,0.50934,0.89968,0.91836,-0.18899,-0.47168,-0.19383,-1.1739,-1.5085,-1.0408,-1.1039,-1.5625,-1.0338,-1.188,-1.7386,-1.7885,-1.1774,-1.4853,-1.9702,-1.3852,-1.3874,-1.2521,-0.98581,-0.053896,-0.22665,0.41386,-0.011968,0.39755,0.32516,0.29664,-0.033931,-0.17576,0.3809,-0.15795,-0.30578,-0.31497,0.60445,-0.33796,-0.49178,-0.68426,0.30578,1.0802,1.2594,1.2987,1.5062,1.2102,0.35527,0.26524,1.0181,1.5541,1.3415,0.88303,-0.10407,0.29775,0.18346,-0.20148,-0.44433,-0.2066,-0.41283,-0.18726,-0.076675,-0.25945,0.89655,1.0612,1.042,0.99686,1.0908,1.1964,0.8181,0.021072,0.22456,0.463,-0.47169,-0.73262,0.0079168,-0.6119,-0.094014,-0.36742,-0.52314,-0.025979,-0.39257,-0.89991,-0.92243,-0.71994,-0.85387,-0.48885,-0.79603,-0.42863,0.33086,0.24768,0.47613,0.14519,0.6653,1.5865,1.1937,0.94597,1.5168,1.2527,0.82711,0.19162,-0.45815,0.65934,-0.70742,-0.36178,-0.55681,-0.10032,-0.40916,-0.89203,-0.79026,-0.41167,-0.79442,-1.2356,-1.7327,-1.8556,-1.6829,-2.3303,-1.48,-1.8187,-1.9556,-0.89409,-0.62368,-0.44184,0.082405,0.57492,0.79953,0.0094614,0.64257,0.72959,2.1584,0.65309,1.1152,1.3243,1.8211,0.89884,1.1739,0.75244,1.3423,1.2214,0.84269,1.5957,1.4901,1.3404,0.9607,0.65181,0.14174,0.066037,0.049183,-0.1906,-0.24206,-0.31729,-0.061193,0.29462,0.35791,0.070808,0.34615,0.068442,0.94,1.068,1.3438,1.0382,1.605,1.4594,1.5417,0.58606,1.7262,1.7088,0.66973,0.1644,0.17099,0.79032,0.55402,0.7121,0.10386,0.057182,0.77784,0.69291,0.40115,1.3444,1.12,1.6537,1.0727,0.57332,0.66574,-0.0030989,0.54155,0.83257,-0.3766,-0.16868,-0.23912,-0.17272,-0.046217,-0.045688,0.94949,1.0667,1.4479,0.20418,0.38135,-0.24852,1.5089,0.55615,1.6106,2.5111,4.1838,3.7019,3.1605,3.2199,2.7687,1.6765,1.5497,0.94331,1.4693,0.93222,1.0346,1.2169,1.5812,1.0293,1.3614,0.95013,0.5819,-0.01535,-0.038283,-1.2288,-1.7299,-1.0714,-0.016049,-0.033168,-0.80582,-0.016802,0.161,0.8012,0.69488,0.15779,1.2279,0.57972,-0.10483,-0.95626,-0.62327,-0.31358,0.48311,-0.20714,-0.26613,-0.61087,-0.28681,0.58011,-0.37142,-0.34315,0.78938,0.52071,-0.44573,0.61591,0.70741,0.99503,0.48623,1.1988,0.51603,1.1226,0.56546,0.95628,0.83461,0.68668,0.67321,0.72671,0.87217,0.98252,1.2856,2.3108,1.6865,1.6939,1.61,1.5514,1.073,0.34741,0.57029,0.25536,-0.21116,0.13036,0.61208,0.050582,0.28748,-0.55195,-0.76752,0.011927,-0.54447,-0.86428,0.16767,0.45184,-0.14813,0.19537,0.9466,1.1387,0.8166,0.64592,0.25809,0.091558,0.59236,0.66817,-0.12389,0.62439,0.020786,0.81206,0.6353,-0.17103,0.54967,0.69312,0.64286,0.74769,0.61959,0.26178,0.24374,0.41043,0.46948,0.36858,0.56823,0.63433,0.44545,0.80997,0.87746,0.92597,0.70577,0.37144,0.27763,0.010241,0.34013,-0.52802,-1.0116,-1.5761,-1.3188,-1.5056,-1.9843,-1.2252,-0.66686,-0.00043984,-0.4498,0.028418,0.50929,0.72361,0.54506,0.62302,0.31308,1.1547,0.89445,1.4266,0.56731,0.7467,0.81163,1.2861,1.1499,0.67959,1.1841,0.47683,0.80932,1.0249,0.32824,0.15499,0.68668,-0.62211,-0.76453,-0.3314,0.33141,-0.19166,-0.24844,0.55501,0.67738,0.097965,0.47784,0.24485,0.55915,0.41527,0.19448,0.41782,-0.062688,0.57576,-0.34391,0.31086,-0.36576,0.037833,-0.046115,0.10698,0.97697,0.17465,0.48722,0.76604,1.4041,0.59963,0.56093,0.53371,1.5427,0.76936,0.92691,0.37226,0.70986,0.28086,0.109,0.13662,-0.40326,-0.053278,-0.13461,0.70189,-0.082358,0.96224,-0.17279,-0.87777,-1.0605,-1.5101,-0.17108,-1.2697,-1.5018,-0.90087,-1.0737,-1.0599,-0.92079,-1.0996,-0.47022,-0.57236,-1.0564,-0.77059,-1.0119,-1.2823,-1.609,-1.7749,-1.0926,-0.69806,-0.61671,-0.91388,-0.40667,-0.06876,-0.33617,0.27564,-0.51537,-0.54912,-0.30401,0.059633,-0.17916,-0.084818,-0.29219,-0.2458,-0.35009,-0.42372,-0.6735,-0.32858,-0.29527,-0.26896,-0.41824,0.058497,0.26165,1.1785,-0.13485,0.24732,-0.65137,-0.56477,-0.35603,-0.38446,-0.10475,0.025521,-0.17083,-0.30579,-0.6789,-0.07083,-1.1521,-0.69599,-0.95651,-1.0691,-0.98135,-0.27111,-0.66535,-0.53284,-0.29957,-0.50185,0.18266,-0.13363,0.69892,1.1829,1.0451,0.6949,0.79185,0.38312,0.095803,-0.053145,-1.2865,-0.65047,-0.61587,-0.45875,-1.7221,-1.0846,-0.2951,0.54471,0.87366,0.13003,1.2094,1.0804,1.458,0.2926,0.037239,1.684,1.654,1.0349,0.89839,1.1731,0.63706,0.51479,-0.18899,0.45188,0.60619,1.1774,0.12156,0.24493,0.37988,1.6047,0.94713,1.129,0.61726,0.51109,0.74993,1.0677,0.70868,0.24375,0.64134,1.0986,1.5924,1.309,1.2644,1.0679,0.75303,0.50491,0.32839,0.19525,0.049853,-0.40565,-0.82243,-1.0411,-1.6263,-1.0384,-1.003,-0.78674,0.011382,0.17502,0.27337,0.48241,0.73013,0.53797,0.63656,-0.0059566,-0.62559,-1.4738,-0.77907,-1.6985,-1.6327,-1.9184,-0.9485,-0.99903,-1.5095,-2.304,-1.9198,-0.70879,-1.8295,-2.3506,-2.2331,-1.0103,-0.91716,-1.0075,-0.1678,0.58301,0.15505,-0.30233,-0.093552,0.29594,-0.30704,-0.049399,0.42293,0.52713,0.4416,0.0033576,-0.49282,-0.88092,-0.44556,-0.85289,-2.8442,-2.6511,-2.4535,-1.0031,-1.2002,-1.3533,-0.79797,-0.069864,0.18059,-0.19795,0.23925,0.37972,0.11324,-0.29862,-0.17418,-0.89206,0.94523,-0.39128,-0.40293,0.72604,0.088296,0.14269,0.77485,-0.43025,0.183,-0.072417,-0.043846,0.028772,-0.24953,0.055044,0.24077,-0.26273,0.0008864,-0.32383,-0.1465,-0.43909,-0.64612,-0.96856,-0.4527,0.21115,0.19529,0.19931,0.51593,0.50111,0.15691,-0.69756,-0.74635,-0.50855,-0.72921,-0.69727,-1.7722,-1.0453,0.020186,0.28365,-0.24349,-0.57912,-0.17529,0.12182,-0.17936,-0.1173,-0.13247,-0.48122,-0.26801,-0.29721,-0.63712,-0.58314,-1.1243,-1.6437,-2.2574,-1.5861,-1.2307,-1.5242,-1.5009,-1.2204,-2.0391,-2.1219,-2.6708,-3.2105,-2.7218,-2.8111,-2.3848,-2.3409,-1.8182,-1.1068,0.84975,0.62053,0.9847,1.3355,1.651,1.4576,0.72669,1.6653,1.0583,2.2264,1.5589,0.89068,1.1098,0.074522,0.20906,-0.012096,-0.18232,0.073508,0.023337,0.061708,0.094672,-0.16837,0.21469,-0.09055,-0.30708,-1.322,-0.74436,-0.08354,-0.21501,0.030293,0.2447,0.50009,0.048416,-0.33061,-0.2403,0.52923,-0.20077,0.24058,-0.47794,0.013326,0.40409,0.049713,0.036978,-0.24946,-0.19753,0.20531,0.94607,0.38567,0.36064,0.54095,0.71287,0.22776,0.25947,0.2128,0.70196,1.1841,0.43663,0.0064168,0.48395,0.58551,0.13555,-0.74201,-1.4363,-0.12308,-0.4248,-0.21243,-0.60303,-0.85169,-0.093729,0.81395,0.13518,-0.59095,-0.5482,-0.45595,-0.53481,-0.25958,0.086563,0.79814,0.58403,0.26186,0.83057,0.93263,0.61026,1.1383,0.90947,1.1665,0.98262,1.2666,0.94475,-0.73964,0.64701,0.78569,1.2985,0.48656,-0.24043,0.2131,-0.34909,0.24106,-0.10594,-0.4077,-0.021955,0.40265,0.23396,0.19103,0.38524,0.27352,-0.15464,-0.30578,-0.26144,0.39257,0.53814,0.36761,-0.32834,-0.63259,-1.1702,-0.49122,-1.4498,-1.3128,-1.026,-0.6503,-0.52472,-1.0566,-1.1008,-0.29883,-0.44715,-0.39439,-0.033548,-0.28248,-0.33296,0.36026,-0.42263,0.11467,0.25845,0.46181,0.24131,0.38505,0.051693,-0.27655,0.075615,0.055393,0.34399,-0.54708,-0.29106,-0.15742,0.35996,0.45481,-0.14514,-0.47692,-0.22699,0.25949,-0.34398,-0.63853,0.014145,-0.70415,-0.68929,-0.85212,-0.76025,-0.71072,-0.20759,-0.084785,-0.74235,-0.52358,-0.32897,-0.1657,-0.053635,-0.65028,-0.60769,-0.55686,-0.722,-0.27044,-0.47034,-0.046381,-0.7179,0.044239,0.24662,0.065394,0.38674,0.78332,0.21435,0.95132,0.69184,0.60528,0.96107,0.72121,0.85322,0.91196,0.52734,0.23823,0.27976,0.0024819,0.41859,0.44646,0.56097,0.55174,0.22787,0.33855,0.61812,-0.48836,-0.39698,-0.83463,-0.34379,-0.80361,-0.78739,-1.1497,-1.1991,-0.76891,-0.7084,-0.61191,-1.2519,-0.90381,-0.70283,-0.55889,-0.6443,-0.35875,-0.33598,0.3401,0.0091732
0.36582,0.54677,0.84507,1.2895,1.3318,0.68068,1.4702,1.3673,0.699,0.97566,0.65385,0.57743,-0.13139,-0.050045,-0.085243,-0.048956,0.71733,0.66817,1.2582,1.596,2.4711,2.1778,2.3932,2.1511,2.6428,1.2062,0.92127,1.0059,0.82091,1.6892,1.4664,1.7472,2.3456,3.0937,1.3796,2.2367,2.9517,2.7135,1.9943,2.3463,2.7909,3.7712,3.2704,2.8729,1.7266,1.2836,1.1454,1.4224,0.77603,1.5572,1.9234,1.4303,1.265,1.0492,1.3049,2.4376,1.9016,3.482,2.8645,2.7499,2.6994,2.7822,1.9586,2.2489,1.9656,1.0041,1.4774,2.4157,2.5425,2.5592,2.6597,2.1398,2.1226,1.9882,2.4169,1.9392,1.8045,2.4271,2.4247,2.3665,3.1639,3.4922,2.6079,2.5443,2.6287,2.397,2.5049,2.0841,1.9898,1.5216,0.4046,0.85558,1.3794,1.1105,0.107,-0.65118,-0.078295,0.18234,-0.085505,0.018292,1.9641,0.90331,0.61838,2.0908,1.3365,1.4724,1.0833,0.69458,0.73286,0.58611,0.68791,1.0013,0.35229,0.24156,0.32816,0.28498,0.05672,0.30519,0.084119,0.50174,0.040795,-0.30805,0.61197,0.74214,0.44735,-0.25516,0.24965,-0.39754,0.14149,-0.87368,-0.42807,0.11742,0.43925,-0.30797,-1.2251,-0.29356,-0.14665,0.062933,0.66336,0.88332,1.4413,0.51147,0.62355,1.3371,0.8556,1.0588,0.83605,0.66068,1.0492,0.10345,-0.1518,-0.32444,0.11084,-0.23733,-0.31949,0.12954,0.45368,-0.7228,-0.72011,-0.35475,-0.54444,-0.78813,0.65088,0.46819,0.092713,-0.13815,0.6619,0.59218,0.59253,1.0729,0.64089,0.70251,0.93187,0.69027,-0.061271,-0.23639,-0.22704,0.38415,-0.57657,-0.6155,-0.25064,-0.235,-0.22096,0.40526,0.46474,1.06,1.5289,1.1642,1.1439,1.4581,0.40462,0.84942,0.72736,1.9856,0.81644,1.0751,0.48613,1.4146,1.6669,1.4647,0.43459,0.29428,0.72333,0.99115,-0.19367,-0.37744,0.025339,0.72157,-0.18013,0.42582,0.20989,0.99509,0.18198,-0.4165,0.55547,-0.24969,-0.19052,-0.80658,-0.54206,-0.58622,-2.0837,-1.4263,-0.65333,-1.0018,-0.75938,-1.0389,-0.076649,-0.27763,0.021723,-0.086401,-0.93858,-0.3534,-0.73388,-0.3393,-0.94761,-0.57189,-0.70945,-0.41661,0.20314,0.59028,0.67487,0.59358,0.92635,0.68691,1.2537,0.68365,-0.090955,1.105,1.4543,0.96783,0.67711,1.3555,1.2811,0.9106,0.41446,0.71379,1.0352,-0.046108,0.53391,-0.050449,0.35974,0.015028,-1.4341,-0.94777,-0.92032,-1.1284,-0.85145,-0.6297,1.3528,0.46879,0.077176,-0.61741,0.57003,0.17914,0.10196,0.3524,-0.93545,-0.23132,0.086932,-0.36059,-1.1374,-0.11382,0.011662,-0.13147,-0.83775,-0.019022,0.44779,0.67967,0.22234,0.26803,-0.071208,-0.828,-0.5869,-1.4834,-1.086,-2.1273,-1.3248,-0.30846,-0.17333,-0.67178,0.32711,-0.10078,0.0054652,0.46254,1.2362,1.3314,0.60696,0.9983,0.55059,1.0704,1.1865,0.84883,1.5769,0.52563,-0.40539,-1.2192,-0.64204,-0.74151,-0.8311,-2.4977,-0.27709,-0.15039,-1.5285,-1.4836,-0.31694,-0.48139,0.447,-0.23383,0.24121,-0.1114,0.98007,0.33481,0.45236,0.48995,0.33398,-0.0060839,0.38798,0.1514,0.19879,-0.16229,-0.6981,-1.3018,-0.56143,-0.99829,-1.187,-0.79756,0.011934,-1.3613,-0.97665,-0.91606,-0.64425,-2.2328,-1.806,-1.2025,-1.6831,-1.8161,-2.4772,-0.43293,-0.11992,-1.2583,-1.5003,-0.60749,-0.9179,-0.94409,-1.3323,-1.6351,-1.1824,0.011881,0.10357,-0.81794,0.20589,-0.41157,-1.2766,-1.1578,0.065043,-0.95167,-1.1193,-1.5819,-0.92506,0.15365,-0.42039,-1.2394,-0.94293,-1.2441,-0.31235,-1.0878,-1.0101,-0.84852,0.25063,-0.36893,-0.1942,-0.85828,-1.2162,-0.28707,-0.91833,-1.1423,-0.60684,-0.57877,-0.6867,-0.31447,-0.7401,0.38857,0.45291,0.71114,0.73892,0.60102,0.85339,-0.085368,-0.10055,0.1224,0.49964,-0.42544,-1.0543,0.023954,-0.38498,-0.40665,-1.7998,-1.7494,-1.2606,-1.1833,-0.88892,-1.6926,-1.349,-0.62659,-1.3036,-1.3199,-0.11851,-0.54825,-1.3612,-0.032959,-0.48495,0.098845,-0.26955,-0.66995,-0.6552,-0.23208,0.014339,0.32011,-1.6487,-2.5286,-1.3552,-1.3394,-1.0126,-1.8833,-1.3455,-0.6079,-1.297,-1.9148,-1.9096,0.086056,-1.0679,-1.3399,-1.4665,0.32044,-0.98864,-0.42215,-0.43823,-1.6712,-0.98716,-0.71842,-1.2776,-0.70954,-0.86845,-1.9283,-1.9301,-1.7967,-1.3927,-1.6158,-1.6096,-2.1998,-1.8952,-2.3357,-2.1894,-1.6275,-2.4843,-2.1731,-2.1373,-1.5911,-1.7549,-3.036,-1.9691,-1.98,-1.3364,-0.89465,-1.3652,-1.3176,-1.8629,-1.6422,-1.8696,-0.57433,-0.79195,-0.44267,-0.35236,0.23425,0.33227,-0.30089,0.1603,0.85781,0.39601,0.039672,0.25,-0.43521,-0.26351,-0.62004,0.18003,-0.31227,0.16902,-0.92944,-1.2795,-0.54823,-0.59549,-1.3159,-1.0678,-0.66697,-1.3144,-1.6142,-1.5783,-0.74273,-1.6659,-1.0542,-2.8869,-2.801,-1.9297,-1.9024,-2.2042,-2.3107,-2.1023,-2.0218,-2.0113,-1.9574,-2.0576,-2.2039,-1.6093,-1.9865,-2.3012,-1.8391,-2.0763,-1.5682,-2.4614,-1.6353,-1.4415,-1.9571,-2.0403,-1.9728,-1.8876,-1.2817,-1.1589,-2.2631,-1.292,-0.97623,-0.15121,-0.68098,-0.91838,-0.76982,-0.19644,-0.14135,0.015179,-0.94118,-0.65125,-1.6093,-0.86449,-2.2968,-1.4267,-1.9015,-1.2423,-0.80637,-1.3756,-0.75613,-0.93815,-0.47767,-0.59568,-0.25749,0.20834,0.8186,0.25497,0.060477,-0.17791,0.18714,0.4903,0.11593,-0.3681,0.12017,-0.068702,-0.54015,-0.41411,-1.5063,-1.1559,-0.93231,-0.9355,-1.1783,-0.89391,-0.65879,-0.89401,-1.5633,-1.4051,-1.7857,-1.4708,-1.4258,-1.443,-0.65732,-0.62266,-0.18266,0.37525,0.33868,0.34326,0.30685,-0.068243,0.36939,0.21753,-0.16888,-0.059594,0.83474,1.2428,0.22525,0.16135,-0.028166,0.69353,-0.3332,-0.54783,-0.44763,-0.38274,-0.32127,-0.93866,-1.5353,-1.5196,-1.1154,-1.2861,-1.9142,-1.6002,-1.6012,-1.4243,-1.0865,-0.98218,-0.87993,-0.68594,-0.83538,-0.75859,-0.80382,-0.26905,-0.36861,-0.30194,-0.4439,0.46906,-0.78062,-1.0933,-0.32076,-0.18084,-0.94333,-0.81853,-0.19897,-0.33456,-0.55782,-1.1572,-0.02547,-0.20004,-0.15268,-0.36259,-0.41349,0.035252,-1.5358,-0.63174,-0.73795,-0.68328,-0.35892,-0.7619,-0.82529,-0.76133,0.088645,-0.51395,-1.1017,-1.7579,-1.9458,-0.65363,-1.2484,-1.8249,-0.93158,-1.0615,-0.77717,-0.20205,-0.70701,-0.63307,0.0030619,-0.16173,-0.37079,0.76869,0.94981,-0.17364,-0.11226,-0.1249,-0.7941,-0.17955,-0.74861,-0.63432,-1.1214,-0.4681,-0.48492,-0.187,-0.24659,-0.45432,-0.52961,-0.24679,-0.8948,-1.3788,-1.5423,-0.82897,-1.0093,-0.9945,-0.89271,-0.94522,-0.84956,-0.41081,-0.98466,-0.92262,-1.022,-1.6295,-1.1984,-0.96817,-1.2216,-1.5324,-1.6449,-1.3475,-0.84262,-1.4792,-1.2168,-0.5972,-1.3619,-1.1278,-1.16,-1.3408,-0.97003,-0.59422,-0.50513,-0.41772,-0.31693,-0.013794,0.53128,-0.68717,-0.20564,1.032,0.26217,-0.49561,0.044783,-0.083395,-0.12755,0.091457,0.26942,0.23653,0.22449,-0.10806,0.1553,0.10124,-0.10158,0.085365,0.11881,-0.73438,-1.0142,-0.59998,0.0097889,0.027731,-0.42529,-0.50341,0.096872,-0.16284,-1.1558,-0.78286,-0.85466,-1.0184,-0.76871,-0.47178,-0.86651,-0.98326,-0.88564,-0.50143,-0.68629,-0.63609,0.18779,0.1423,-0.62798,-1.1143,-0.68975,-0.79325,-1.6142,-0.42819,-0.38116,-0.95762,-0.62942,-0.86495,-0.86188,-0.74576,-0.90986,-0.5035,-1.1809,-0.30391,0.29508,-0.49195,-0.28191,-0.2121,1.0228,-0.10313,-0.80346,-0.92201,0.47467,-0.31038,-0.7217,-1.1295,-1.631,-0.90249,-0.65466,-1.1468,-0.77027,-1.3813,-0.45814,-1.4061,-0.50001,-0.92897,-1.0866,-0.72207,-0.64892,-0.58835,-0.99372,0.019066,-0.65809,0.19462,-0.49463,0.59751,0.66643,-0.25196,0.87301,0.38543,0.78474,0.85825,0.8768,0.41084,0.20177,-0.048374,-0.52297,-0.28393,-0.49394,-0.43091,-0.53909,-0.89383,-0.77469,-0.74674,-0.43631,-0.41544,0.0081184,-0.23078,0.2152,-0.19399,-0.1903,0.49016,0.87289,1.0008,0.78871,0.28962,0.77956,1.3516,1.6198,1.3274,1.5296,1.9061,2.5392,3.392,3.1995,1.5285,2.1743,2.2988,2.3039,2.3972,2.6655,2.3407,2.0844,2.6169,1.3826,1.4732,0.71364,-0.44284,0.1488,-0.13647,-1.2583,-1.3006,-0.59735,-0.80157,-0.71818,-1.0309,-0.42022,-0.54248,-0.027821,-0.25936,-0.65196,0.59622,1.1611,1.0309,2.1297,2.6793,-0.0026097,-0.32425,0.30894,0.050156,0.060924,0.23474,1.5061,0.25094,0.73395,0.21041,0.59399,0.66946,0.39636,0.96401,1.1904,1.4379,1.9905,0.81701,0.47544,1.1789,1.9259,0.96423,0.72346,0.57824,0.41678,0.032454,-0.19946,-0.27146,-0.24516,-0.42262,0.10302,0.17615,0.2585,0.29167,0.18001,0.62845,0.84895,0.93939,0.90776,0.46978,0.11035,0.036847,0.76802,0.88116,0.84716,0.67669,1.285,0.87573,1.0034,-0.022627,1.4228,0.27754,-0.42836,-0.2842,-0.32035,-0.23202,0.27505,-0.63071,-0.09889,-0.035122,0.63737,0.89302,0.55894,0.82745,1.9973,1.4798,0.89169,0.89126,1.1327,1.8489,1.2666,0.71174,0.86634,1.1535,0.64866,1.3308,0.48259,1.4341,1.6154,0.89193,0.68628,0.44733,2.6306,0.63826,0.85951,0.11148,0.7339,1.3489,0.89479,1.5385,1.1057,2.023,1.4835,0.48853,-0.027807,-0.24899,-0.4565,-0.090693,-0.10225,-0.64616,0.097702,-0.24676,-0.47749,-1.025,-0.71203,-1.3602,-1.1598,-1.8793,-0.19082,-0.51507,-0.73156,-0.47012,0.062327,0.78946,-0.34971,-0.28571,0.0803,0.77934,0.74079,1.3704,0.88592,0.4485,0.13111,0.51376,0.47962,1.0083,-0.61126,0.11819,-0.54058,0.026776,-0.36103,-0.43803,-0.035121,-0.43308,0.048283,0.16269,0.61661,1.0151,0.85379,1.057,1.2505,1.6907,1.1089,0.93202,0.77769,1.1962,1.0517,0.072345,0.32943,0.22675,-0.1009,0.32276,-0.78617,-0.56969,-0.33556,-0.61217,-1.2283,0.68202,0.34149,-0.72664,-0.63137,-0.89779,-1.2062,-1.4,-0.5417,-1.7124,-0.80731,-0.98083,-0.83056,-0.12791,0.31535,-0.035676,0.32049,0.43853,0.19766,0.87714,1.1445,0.069873,0.51569,0.24199,-0.58367,-0.25453,0.099055,-0.4284,-0.93806,-0.85172,-0.42323,-0.5979,-0.068982,-0.15856,0.29951,0.56442,1.1711,1.1407,1.5062,1.4915,0.59617,1.666,0.95353,1.7369,2.0895,1.1495,1.5115,1.5623,1.3793,1.3719,0.23593,0.83239,1.1853,0.85924,0.9067,0.36942,0.34482,1.1118,0.61473,1.0191,0.88338,0.60643,0.76309,0.11056,0.1496,0.17111,0.17926,0.37497,-0.05021,-0.42759,0.087501,0.3652,0.43864,1.0396,0.6507,0.27879,0.99251,1.3562,1.2423,0.58123,1.0953,0.89879,1.0686,1.2908,1.2138,0.78782,1.4774,1.1111,1.3544,0.50472,0.57953,0.47634,0.69532,1.0836,0.38075,0.94397,1.4739,1.6492,1.2112,0.63609,0.46456,0.53369,0.37512,0.27375,-0.4502,0.088726,-0.17456,0.12948,-0.042831,-0.98145,-0.42999,-0.11859,-0.29842,0.055909,-0.17793,-0.20075,0.075937,-0.0037669,0.42027,-0.11142,0.023569,-0.28819,0.029063,0.23706,0.46058,0.57961,1.321,1.7263,1.9145,1.809,1.881,1.355,1.3262,1.8029,2.3203,1.7259,0.86054,0.95176,1.7129,1.3417,1.3575,0.89488,1.549,1.7392
0.13823,0.51618,0.83968,0.46561,0.15576,0.51647,0.60055,0.51556,0.56564,0.078893,0.38783,0.14678,-0.11083,-0.34021,0.59036,-0.12079,-0.13016,0.30803,-0.2833,-0.060116,-0.6215,0.63809,0.29135,0.66602,0.38453,-0.60041,0.051477,-0.34059,-0.54496,-1.1854,-0.98216,-1.1487,-1.6546,-2.147,-2.3073,-1.7726,-1.7343,-1.9774,-1.0534,-1.4956,-1.9164,-1.2385,-0.87504,-0.73392,-0.64661,-0.39015,-0.82158,-1.4613,-1.0666,-0.81571,-1.0169,-0.84415,-0.96347,0.43581,0.40146,-0.69636,0.052641,-0.573,-1.2383,-0.93039,-1.1911,0.11135,0.46252,0.47927,1.0238,1.5347,1.0144,1.1837,-0.18597,0.52739,-0.78366,-0.92887,-1.7103,-1.6643,-1.187,-1.0093,-0.1423,-0.14866,0.5643,0.89656,0.6122,0.60995,-0.16804,-0.32098,-0.18019,-0.14964,-0.080373,0.78482,0.20728,-0.50347,-0.805,-1.6203,-1.1883,-1.6327,-2.026,-2.0267,-1.3607,-0.68346,-1.2065,-0.17985,0.75966,-0.075454,-1.0794,-1.5626,-0.91631,-1.3343,-1.6972,-0.76126,-0.98818,0.16284,-1.1056,-1.1703,-1.2909,-0.77742,-0.43451,-0.65101,-0.15195,-0.090689,0.083825,0.019839,0.3357,-0.23104,0.28507,0.79231,0.51881,0.85221,0.43601,0.4152,0.40579,-0.18504,-0.31397,-0.3585,-0.023576,-1.1792,-0.68636,-0.15368,-0.4907,0.17223,0.29785,0.97009,0.82244,0.0069533,0.34734,0.90468,1.1076,0.7647,-0.094994,-0.21055,0.28554,0.55861,0.34124,0.81519,0.29674,0.9916,0.7537,0.50317,-0.23174,-0.43134,-0.084622,0.054087,-0.26413,0.75183,0.81006,0.77825,0.19444,1.168,0.28863,0.34429,0.12715,-0.27361,0.58422,0.14274,0.27587,0.44541,0.0048105,-0.38598,-0.1737,-0.78854,-1.3093,-1.3227,-0.71177,-1.4293,-1.2096,-0.7175,-1.2856,-1.6837,-2.053,-1.2702,-0.47522,-0.71388,-1.15,-0.95038,-0.57037,-0.47586,-0.51927,-1.2,0.64994,0.21136,-0.047622,0.34758,1.0099,1.0048,1.3596,-0.060856,1.0543,0.62601,0.055631,1.0099,1.1782,0.93938,0.67252,0.34296,0.43781,0.9824,1.2008,0.0051634,-0.06303,-0.45907,-0.35498,-1.3035,-1.4644,-1.8178,-0.6774,-0.66719,-1.0654,-0.79893,-0.70664,-0.65102,-1.6643,-1.062,-0.64356,-0.365,-0.51699,-0.058803,-0.72063,0.090524,0.47218,0.59898,1.6401,0.87883,0.33001,0.11317,1.2201,1.1812,1.5592,0.708,0.70507,0.54135,0.81784,0.2928,0.81171,1.3806,0.36327,0.16626,0.90435,0.35036,0.26971,-0.48386,-0.079268,0.47899,0.32969,-0.78295,0.0074261,0.65008,-1.0507,-1.8553,-1.4962,-1.5857,-1.1788,-0.53531,0.2173,0.66643,0.43926,0.30845,-0.39382,0.15305,0.45009,-0.36627,-0.1146,-0.046502,-1.1288,-0.5866,-0.38729,0.16935,-0.16287,-0.5095,-0.14032,0.13852,-0.013675,-0.0010037,0.36744,0.2247,0.7646,-0.15125,-1.0904,-1.2371,-1.5446,-1.3942,-1.3135,-1.5288,-1.6889,-1.9478,-1.5621,-1.6265,-1.2943,-0.53776,-0.63351,0.3403,0.28076,0.30773,0.32754,0.40457,0.69716,-0.45188,1.2553,1.0114,0.82581,-0.14953,0.22959,0.67491,1.2008,0.035596,0.27358,-0.15574,0.58135,0.9453,0.78045,0.39124,0.34344,1.1324,0.95643,1.1495,1.3182,1.8291,2.2422,1.8565,1.7858,1.3152,1.072,0.38773,0.61002,1.6511,0.93164,0.56487,0.90161,1.1839,1.231,1.1154,1.2374,0.59156,0.39354,0.28785,0.54853,1.1197,1.2387,1.1202,0.6713,-0.14666,-0.38198,-0.098897,-0.39634,-0.33057,-0.15765,-0.20956,-0.091843,-0.15173,-0.0075436,-0.57437,-0.36796,0.15609,0.56018,-0.1903,-0.40809,0.3971,0.7986,0.3478,0.51643,0.93523,1.173,1.0902,0.92066,0.7274,1.2779,1.6872,1.1022,1.0913,0.10052,0.20359,0.23114,0.17174,0.049824,0.28171,0.67524,-0.54412,-0.10803,-0.025368,0.04875,1.119,0.68549,-0.11604,-0.18215,0.36345,0.065516,-0.37178,-0.23708,0.22063,0.06165,-0.74877,-0.30256,-1.0648,-0.43933,-0.99827,-1.2874,-1.2901,-0.81319,-1.2664,-0.65367,-0.087301,0.34418,0.50403,-0.86611,-0.47886,-0.095372,-0.72616,0.19061,0.17151,0.64618,0.38788,-0.59123,0.018219,-0.8324,-0.26998,-0.74221,0.29562,0.77938,1.6743,1.808,1.4888,1.1927,1.5625,0.70612,0.55974,0.10404,-0.54146,0.17857,-0.72799,-0.58761,-1.3133,-0.15456,0.056578,0.010108,-1.2758,-1.0338,-0.56896,-0.44767,-1.1619,-1.4869,-1.0217,-1.0487,-0.32744,0.028758,0.44266,0.32278,0.79407,1.1288,0.33378,0.82048,1.2837,1.6823,0.30644,0.1746,-0.056418,-0.34252,0.0071589,-1.1921,-0.96648,-1.6353,-1.6736,-1.0783,-1.3341,-0.98324,-0.54295,-1.1412,-0.9403,-1.9977,-1.3672,-0.82471,-0.71508,-1.6561,-0.21178,-0.91159,-0.041543,-1.1949,-0.70621,-0.84437,-0.82621,-0.29584,0.31614,0.0020692,0.69868,1.3379,1.4229,1.4626,1.153,1.6063,1.6084,1.1643,0.94664,0.53839,-0.63528,-0.2344,-0.59136,-0.51941,0.32507,0.72736,0.56174,0.058648,1.3061,0.80037,0.80884,-0.68821,-0.64734,-0.90035,-1.7456,-1.7697,-1.2221,-1.0695,-1.1304,-0.9631,-0.54315,-0.55066,-0.83813,-1.5398,-0.97864,-1.4606,-1.3758,-1.514,-1.0391,-0.8408,0.2053,-0.63427,0.48627,0.17442,-0.36376,-0.36876,-0.85944,-0.41911,-0.924,0.50691,0.23125,0.57385,1.1602,1.2841,1.3895,1.435,2.2974,1.4396,0.84659,0.40629,0.04696,0.44773,0.63028,-0.1531,0.28238,1.0854,1.2802,1.0665,0.55461,1.495,-0.11547,-0.27332,0.84023,0.84099,1.3499,0.3661,0.79716,1.0166,1.5475,1.0701,0.6038,1.0939,1.2592,2.0088,0.82237,0.79147,1.0377,0.50775,0.13082,0.5657,0.051453,0.39311,0.89759,0.51347,-0.2986,-0.95472,-1.4133,-1.2743,-0.91569,-0.25671,-0.43153,-0.80135,-0.45048,-0.07525,-0.8438,-0.54323,-0.62816,-0.28725,-0.86753,-0.32352,0.016951,0.05435,0.41621,0.54016,-0.00052517,0.42332,0.40979,1.2835,0.32135,0.5686,0.84051,1.5165,0.8263,0.45011,0.074563,0.90499,0.1756,-0.5738,-0.053404,-0.42979,-0.83778,-1.0027,-0.86461,-0.62411,-0.1864,-0.23455,-0.44731,-0.11819,0.53005,0.32622,0.60903,0.65524,1.1148,1.17,1.9735,2.2438,1.4791,1.0227,1.0171,1.2762,0.97554,0.77067,0.63473,-0.087043,-0.067078,0.35926,0.5489,0.81256,0.91708,1.3619,0.69434,1.1149,1.7987,1.1848,1.7409,0.53335,0.41257,0.75405,-0.080404,0.23017,0.40962,0.70702,0.70812,-0.23652,-0.05133,-0.038468,-0.17965,-0.38446,-0.54541,-0.074568,-0.22508,-0.77291,-1.1838,-1.1141,-0.46717,-0.86881,-1.0903,-0.55681,-0.51643,-0.71346,-0.18129,-0.15562,0.24899,0.53731,0.74254,1.1072,1.4764,1.1843,1.056,1.4652,1.2986,0.89006,0.46366,0.38224,0.047843,0.59676,-0.24265,-0.15197,-0.17721,0.19436,-0.22509,-1.3965,-0.56208,0.31085,-0.72759,-0.15682,-0.92683,0.14785,-0.20308,-0.073748,-0.28106,0.15625,-0.38086,-0.65179,-0.42971,0.036775,-0.012229,1.1281,1.2398,2.1071,2.1198,1.9277,0.91239,1.4047,0.59884,0.58406,-0.34444,0.22195,0.1079,0.0097361,-0.65868,-0.89287,-0.23989,-0.08847,-0.084874,0.51395,-0.24984,0.22848,0.21829,0.098419,1.0068,0.92823,0.75476,0.84752,1.0012,0.49088,0.1803,-0.13319,0.25372,-0.50591,0.024943,0.40856,0.35241,0.25021,-0.35037,-0.98394,-0.11136,-0.36599,-0.227,-0.14357,0.5196,0.26798,0.42215,0.15761,0.92797,1.4477,1.5971,1.9867,1.7193,1.3957,1.9876,1.7981,1.2845,1.5826,1.4722,1.414,0.60564,-0.055075,-0.021731,-0.87915,-1.29,-1.1441,-0.73864,-0.82686,-0.5461,-1.4632,-0.994,-0.4815,-0.82048,0.28081,0.28013,-0.39502,0.63933,0.77766,0.64552,-0.60735,-0.27048,-0.43347,-0.80816,-1.0024,-1.272,-0.79359,-1.4978,-1.5836,-2.7676,-1.4559,-0.49835,-0.59897,-0.13974,0.048489,0.17251,0.54258,-0.48143,0.19446,0.27027,0.79749,0.83622,-0.82664,0.56709,0.21503,0.54848,0.25574,0.22542,-0.21055,0.028583,0.32518,0.17174,0.00021228,0.0071624,0.72266,0.86746,0.39119,0.34783,0.040592,0.21612,0.16669,-0.82524,-0.88691,-0.68684,-0.86247,-1.264,-1.6372,-0.14108,0.21668,-0.071357,-0.054011,-0.66268,-0.55862,-0.33416,-0.22215,-0.64567,-0.33857,-0.21584,-0.86687,-0.91928,-0.86412,-0.62335,-0.57106,-1.3413,0.13234,1.0121,0.62041,0.67779,0.21602,0.39039,0.65495,-0.91326,-0.99234,-0.98895,-0.68215,-0.32801,-0.63044,-0.36484,-0.38477,-0.074289,-0.77132,-0.99186,-0.70188,-0.69714,-0.51452,-0.27688,-0.13727,0.47509,0.13468,0.021062,1.443,1.5061,1.9006,1.993,0.94179,1.8922,2.0093,0.5493,-0.10162,0.41118,-0.24752,0.063618,-0.071699,0.28032,-0.067284,0.35202,-0.52197,-0.50687,0.60931,0.3058,1.2111,1.2892,-0.30177,0.033164,0.23582,-0.24904,-0.050366,0.36722,0.1115,0.11943,-0.0042485,-0.56279,-0.50187,-0.36112,-0.7951,-0.34134,-0.20224,0.21821,0.296,-0.086444,-0.6192,-0.82035,-0.41338,-0.31265,-0.214,0.17885,0.89153,1.2373,1.452,1.0669,1.4817,0.17051,-0.17457,-0.31334,0.50923,1.3532,-0.074682,0.093555,0.24629,0.018637,0.74265,-0.19319,0.4544,0.13255,0.18009,1.2891,1.3072,1.4523,1.3679,2.4455,2.4431,1.3423,2.1718,0.95793,0.93787,0.28171,-0.22415,0.55088,0.56516,0.39714,0.58249,-0.14361,-0.49924,-0.48005,-0.85457,-1.9065,-1.0922,-1.1895,-0.77581,-1.1616,-1.0418,-0.91307,0.21929,-0.81554,-0.94724,-0.19211,0.6331,0.82598,0.33805,1.1446,0.91137,0.69197,0.90427,-0.10633,-0.43458,-0.12628,-0.63892,-0.61791,-0.49321,-0.10236,-0.39684,-0.53566,-0.12849,-0.24719,-0.017775,0.26348,0.051234,0.37429,0.34096,-0.11626,-0.38404,0.1104,-0.0662,0.30738,0.22065,-0.31146,-0.43671,0.11338,0.6015,1.0733,0.36821,0.063645,0.24868,0.43964,-0.0048899,-0.8438,-0.61944,-0.35829,0.22501,0.24723,1.06,0.66521,0.88668,1.3798,0.66958,1.654,1.5009,1.0531,1.8564,0.43807,0.50495,0.99012,0.93227,-0.16061,0.34373,1.1809,1.6968,2.5103,0.90935,0.13957,-0.12118,-0.11746,-0.86843,0.15682,-0.55395,-0.25753,-0.70852,-0.17886,-0.27465,-0.289,0.796,0.092618,0.56764,1.2318,1.0086,1.2663,1.1085,0.36951,1.1165,1.0175,1.1916,0.97185,0.91314,0.97872,0.61566,-0.24439,-0.64951,-0.94964,-1.0375,-1.1833,-0.80786,-1.3127,-1.2468,-1.1411,-0.41136,-1.1153,-1.0204,-1.528,-0.56351,-1.0225,-1.1361,-0.92122,-0.50175,-0.36994,-1.5416,-1.3471,-1.4835,-1.1432,-0.355,-1.4165,-1.3118,-0.58033,-0.19522,-0.33611,-0.53819,-0.067629,-0.12069,0.77065,1.1516,0.99734,0.57588,0.46622,0.41137,0.10116,-0.48772,-1.4808,-1.0992,-0.44171,-0.50577,-0.58084,-0.77117,-0.77719,-0.21484,-0.068332,-0.38152,-0.36081,-0.083337,-0.20583,-0.36981,-0.21746,-0.19745,-0.15788,0.54014,-1.235,-1.2521,-0.38194,-0.51413,-0.22842,-0.48051,0.53244,-0.24134,0.30183,-0.0033952,-0.5916,-0.63072,-0.53105,-0.54556,0.12271,-0.7697,-1.1356,-0.61138,-0.3963,-0.16652,-0.55281,-0.93107,-0.62831,-0.22452,-0.077742,0.50271,-0.2831,-0.085667,0.12159,0.14266,0.79613,0.2812,1.1833,0.6364,0.30724,-0.22706,-1.9072,-1.1318,-2.4675,-2.8589,-1.029,-1.6375,-0.88848,-0.58556,-0.5272,0.44225,-0.94901,-0.77456,-0.039897,-0.51909,-0.55259,-0.25148,-0.99099,-1.2583,-0.67984,-0.41873,-1.0192,-1.1877
-1.4081,-1.9659,-1.1565,-1.4603,-1.8957,-1.2824,-0.86673,-1.7402,-0.72475,-1.4907,-1.3662,-0.90868,-0.86716,-1.2019,-1.2879,-0.92514,-1.258,-1.0799,-1.2407,-0.85911,-0.95029,-1.0741,-0.96509,-1.3883,-1.2774,-1.7685,-0.59247,-0.35093,0.40153,-0.44482,0.5209,0.41222,1.6417,0.96514,0.83446,0.92389,0.68229,0.37224,-0.0071375,1.1377,0.010656,0.4286,0.19245,-0.86439,-0.0093349,0.56879,0.37729,0.77894,1.6188,1.7891,0.57986,0.96505,0.91079,0.44912,1.5344,1.2093,1.0297,0.16539,0.96613,0.2458,0.84648,-0.22417,0.14999,-0.77055,-0.55318,-0.41747,-0.9496,-0.4251,0.32145,0.046296,-0.020973,0.3254,0.21144,1.2408,0.74738,-0.054184,-0.13568,0.37688,0.62145,-0.57287,-0.4995,-0.22114,0.45765,0.95406,-0.0251,-0.8758,-0.075271,0.65598,0.19172,1.4442,0.49138,0.1067,0.019519,-0.18667,0.2451,-0.70918,-0.70535,-0.31371,0.099644,-1.0881,-1.4773,0.29276,0.23365,0.6403,-0.38856,0.42934,0.17726,0.60931,-0.6789,-0.66051,0.15626,0.084926,-0.16506,0.18291,0.36492,-0.25579,-0.033714,-0.0072563,-0.33603,-0.1411,0.271,0.98562,-0.46561,0.28833,-0.31273,-0.3049,-0.15754,-0.26957,0.56704,0.50313,0.015527,0.24393,-0.3003,-0.79725,-0.84017,-0.25518,-1.1418,-0.22315,0.017553,-0.50116,0.3694,-0.16019,-0.93754,-0.028984,-1.1602,0.086951,-0.53747,0.2542,-0.6775,0.020555,-0.43898,-0.83528,-0.65791,0.13836,-0.34346,0.088547,0.25444,-0.44001,-0.43353,0.22705,0.19997,-0.49049,0.076937,0.05988,0.0004557,-0.44685,-0.5308,0.37233,0.10404,-0.57684,-0.34125,-0.34607,0.23061,0.094413,-0.32696,0.0051716,-0.24486,0.50524,-0.57996,-0.20553,-0.026653,-0.039083,0.6027,-0.03968,-0.18563,1.1185,0.51571,-1.0366,0.73592,0.15384,0.5349,0.55363,-0.54717,-0.60229,-0.3221,-0.81889,0.20209,-0.3399,-0.23557,-0.25862,-0.37196,0.51134,-0.062717,0.21172,-0.26642,-0.071047,0.0061642,0.27794,-1.2338,-0.6267,0.7543,-0.069937,-0.89491,-0.67591,-0.68562,-0.061035,-1.2243,-0.09387,-0.24072,-1.0018,-0.36142,-0.45479,-0.67526,-0.47079,-0.56005,-0.51068,-0.17658,0.25468,-0.6777,0.26933,0.080528,-0.49856,0.26212,0.014396,0.059275,-0.34912,-0.50268,0.16193,0.019932,-1.2214,-0.76252,-0.57613,-0.65124,-0.61247,-1.2174,0.16466,-0.74787,-0.074035,0.1843,0.54714,0.42301,0.60457,1.1032,0.7545,0.13151,0.23829,0.90086,0.77699,0.28356,0.098891,0.38375,1.1832,0.2703,0.031778,0.35724,1.1213,0.95019,0.75255,1.5341,1.4352,1.5836,0.92006,0.13848,0.02059,0.51843,0.6532,0.095918,0.15951,-0.18263,0.25011,0.7404,1.2376,0.40845,0.47725,0.42325,0.34119,-0.82282,-0.49544,-1.3873,-1.3421,-1.1868,-1.3577,-1.4266,-0.52728,-0.2787,0.64093,0.31686,0.15883,0.59227,0.82997,-0.012819,0.40086,0.46961,-0.26555,-0.021011,0.27896,-0.25528,0.14048,0.46209,-0.02974,-0.10318,-0.062715,-0.36559,-1.1702,-0.94239,-0.77464,-1.7123,-0.24836,-0.64252,0.16663,-1.16,-1.0668,-0.42029,-0.65675,-0.94267,-0.16011,-0.7237,-0.55508,-0.87403,-0.9327,-1.3892,-1.5156,-1.2133,-1.4717,-1.7031,-1.0963,-0.38806,-1.0789,-0.49077,0.25253,0.73006,0.54139,0.057713,0.19878,0.42954,0.54345,-0.96687,-0.1723,-0.86763,-0.69706,-1.2148,-0.65012,-0.98335,-0.68021,-0.3997,0.03007,0.31249,0.34834,-0.16602,-0.58726,0.46572,0.28156,0.29573,1.6315,0.080834,1.0005,0.44765,1.1424,1.036,0.95384,0.7112,1.1153,0.18791,1.0785,-0.79023,0.71625,-0.34223,1.3001,0.57415,0.62187,0.76586,0.70325,0.53288,-0.136,0.049438,1.452,0.55139,0.50223,-0.54408,0.24417,-0.073308,-0.82244,-0.84117,-0.26417,-0.11989,0.02062,-0.98735,-1.2861,-0.017798,-0.03506,-0.3491,0.090363,-0.01675,0.46331,-0.078169,-0.3143,-0.10902,-0.069537,0.52465,0.13801,0.33944,0.020904,0.70645,0.68506,-0.39095,0.27107,0.038536,1.1492,0.996,0.58866,1.5494,1.2963,1.3596,1.1996,0.90178,0.54576,1.2058,0.58591,0.99665,1.0894,0.94115,0.44814,0.96822,0.48226,0.98453,1.4992,-0.089496,0.19158,0.033366,0.4554,-0.64707,0.54124,0.71,2.0931,1.3387,0.95003,0.77979,1.4143,0.87892,0.24968,1.2739,0.46115,1.1503,-0.017741,0.53073,0.30937,0.94316,1.117,0.58183,-0.12859,0.73933,0.098187,-0.72768,-1.3619,-0.56811,-0.55598,-0.24719,-1.1096,-1.5363,-0.66243,0.31572,0.31276,0.4456,0.76536,0.69104,0.87076,0.79086,0.78271,0.46377,0.45966,-0.15253,0.26847,0.70415,0.79038,-0.40344,-0.91974,-0.71901,0.22825,-0.10538,-0.16555,0.50068,0.5627,0.59413,0.61638,0.35326,0.40007,-0.041043,0.73134,0.4861,-0.16049,-1.5431,-1.2735,-1.2047,-0.56115,-1.3035,-0.74777,-1.0068,-0.62009,0.83863,-0.030944,-0.021615,0.24766,0.92405,-0.19889,-1.1354,-1.1726,-0.36134,-0.18677,-0.95319,-1.8519,-1.9205,-0.73543,-0.6052,-1.5255,-1.4834,-0.45375,0.63021,-0.39241,-0.47621,-0.054512,0.019892,-0.66671,-0.38744,-0.9978,-0.98387,-0.68521,-0.8719,-0.88419,-0.12555,-0.16717,-0.45789,-1.2234,-0.85666,-0.04438,-0.2166,0.51021,-0.22707,1.0492,0.62182,0.80937,0.6298,-0.27523,-0.34948,0.10172,-0.43429,-0.54897,0.11633,0.59652,-0.51741,-0.16438,0.35317,-0.36139,0.32748,-0.81129,-0.1577,-0.4827,-0.73627,0.3368,1.0219,0.82736,0.95691,0.64533,0.82215,0.84204,0.72149,-0.82481,-0.76624,0.083958,0.17478,-0.10415,-0.75854,-0.66561,-1.1641,-0.49328,-0.64749,-0.77086,-0.215,-0.10893,0.48986,0.12885,0.2052,0.26576,0.056579,0.40437,-0.21107,-0.016765,0.93424,1.3832,1.2352,1.3476,0.94827,0.43999,0.36991,0.22352,0.98327,0.77541,0.2494,-0.12337,0.22878,0.17836,0.25294,-0.90401,-0.056014,0.36033,-0.26509,-0.15721,-0.9006,0.6196,0.085874,0.73628,0.57766,-0.34261,-0.64803,0.14555,-0.13146,0.18449,0.54525,0.19678,0.82761,-0.55312,0.64894,0.41438,1.1411,1.0547,0.69056,0.54314,1.5314,1.3225,1.0779,0.24854,1.7341,0.52052,0.26548,-0.1743,0.35912,-0.0095295,-0.62893,-1.3378,-0.32679,-0.012596,0.31557,0.34452,0.45143,1.9753,1.1968,1.0972,1.5568,1.0759,0.6021,0.76755,0.85652,-0.0065296,0.38919,-0.4136,-0.38932,0.22771,-0.33167,-0.80418,0.35272,1.0046,0.36272,0.24722,0.18483,0.0018986,1.1069,1.2423,0.99864,1.6102,1.3595,1.4832,0.81371,1.3131,1.0431,0.64436,0.17116,0.89723,-0.30745,0.50778,-0.12869,-1.3615,-0.92416,-0.9062,-0.77497,-1.8861,-1.3134,-1.4494,-1.0051,-1.3135,-1.1138,-0.019502,-0.048588,0.25142,0.41656,0.50087,-0.0051511,0.42087,0.39877,0.13259,-0.32388,0.46287,0.16394,-0.53919,-0.34961,-0.12702,0.85007,-0.29798,-0.26533,0.098927,0.78366,0.055303,-0.34869,-0.34243,0.63962,0.90425,-0.51224,0.070654,0.99972,1.5525,0.74119,1.5134,0.92567,1.5244,1.4245,1.2417,1.9228,0.93941,0.86336,-0.2208,-0.50092,-0.79645,0.28931,-0.83872,-0.60124,-1.5093,-0.97776,-0.35713,-0.59195,-0.76277,-0.19173,-0.79633,-0.36578,0.71561,-0.32986,0.7226,1.5168,1.3296,0.88985,0.72146,-0.019633,1.0197,0.2835,0.58678,0.47344,0.21305,0.65438,0.091759,0.21661,0.65773,0.33973,1.3399,-0.28603,0.6121,-0.2386,0.91798,1.0744,-0.71905,-0.29452,0.28074,0.078589,0.073616,-1.3876,0.16397,-0.35953,0.39184,-0.6278,-0.097757,0.67962,0.77068,0.94279,1.3734,1.4216,2.1975,1.9359,1.7983,1.3455,1.3504,0.4582,0.98063,0.2054,1.9364,0.10773,-1.3251,-1.5981,-0.64816,-0.29841,-0.098689,-0.4907,-0.16019,0.83703,0.40969,0.281,0.055783,0.32595,1.0452,0.15885,0.47124,0.46262,0.35613,0.33241,0.52855,-0.14722,0.22439,-0.23454,-0.23172,-1.014,-0.76411,-0.53392,-1.17,-0.063674,-1.5506,-1.4139,-1.4125,-1.3201,-1.6071,-1.9311,-1.6075,-1.6749,-1.8269,-1.731,-1.7186,-0.58546,-0.66009,-0.30803,-0.71316,-0.011839,0.56812,0.30742,0.54107,-0.10975,0.31701,0.96696,1.0832,0.020785,0.5893,0.75811,0.28317,-0.14368,-0.28625,-0.16563,0.36926,-1.7083,-0.54195,0.03751,-0.31961,0.80382,0.69453,0.14003,0.15615,-1.1257,0.25553,0.07377,0.17361,-0.14332,-0.077689,0.032282,0.27329,0.37627,-0.042949,-0.13626,0.70314,1.06,0.55219,0.55422,1.0873,1.5718,0.22307,-0.33883,-0.26881,-0.45051,0.066528,0.05413,-0.31489,0.2985,0.23826,-1.413,-0.6341,-0.32803,-0.26465,-0.65355,-0.41166,0.10778,-0.21828,0.65686,0.54842,0.77967,1.3446,1.4741,1.295,1.2685,1.2899,1.2966,1.5925,0.46237,0.29024,0.016533,-0.75446,-0.81031,-0.90047,-1.1879,-1.2533,-0.70142,-0.20231,-0.072588,-0.67889,-0.38496,0.80914,0.63538,0.55096,0.50982,1.0929,1.4548,0.75366,-0.02502,0.64505,0.50974,0.64926,0.44395,0.12461,0.97574,1.1984,0.7544,0.87994,-0.41455,0.0066637,-1.2715,-0.19902,-0.54008,0.47358,0.32845,0.9982,0.68841,1.9234,1.4927,1.6185,1.0657,1.6772,1.1928,1.042,0.789,0.5858,1.2044,1.2551,-0.45803,-0.58278,-1.1712,-1.2544,-0.55616,-0.65344,-0.27084,0.57261,1.0422,0.17784,0.63034,0.3202,0.34352,0.23817,0.83123,-0.051328,-0.15376,0.29436,0.40531,-0.30968,-0.66827,0.1255,0.40175,-0.17324,-0.53479,-1.2695,-0.47431,-0.44709,-0.68807,-0.66642,-0.92106,-1.1175,-1.3644,-0.65782,-0.68687,-0.31022,-0.15797,0.50528,0.53282,0.87127,2.089,0.69521,0.79681,1.2469,1.5352,1.3473,0.89248,0.69229,0.98396,0.48268,0.51201,-0.93229,-0.39156,-0.44765,-0.25556,-1.1655,-1.5169,-1.1159,-1.2134,-2.0771,-1.5474,-1.0914,-1.3462,-1.2676,-1.1228,-0.75845,-0.086418,0.38819,0.40824,0.40256,0.70702,1.1237,1.0531,1.3574,-0.094063,0.27622,1.0196,0.44121,0.010656,-1.0045,-0.10772,-0.96,-1.1923,-1.2506,-1.4401,-0.56267,-0.46398,-0.8255,-0.020096,0.093311,0.74756,0.7261,-0.46374,0.70012,1.4375,1.2514,0.30012,-0.49327,0.45922,0.4717,1.2825,-0.39233,-0.13204,0.62253,-0.04177,-0.24588,-0.98486,-1.0675,-0.065467,-0.73846,-0.75041,-1.0729,-0.43934,-0.53725,-0.84973,-0.92177,-0.5886,-0.073542,0.52335,0.74621,1.2877,1.5206,1.6018,1.9378,1.2228,1.3935,1.115,1.2992,0.91323,-0.30347,-0.54459,-0.48565,-0.6593,-1.1184,-0.17598,-0.92713,-0.74947,-0.75878,-0.67179,-0.32889,-0.59099,0.38877,0.34735,-0.36782,0.065394,-0.1733,-0.31307,-0.67859,-1.0086,-1.0986,-0.8,-0.77694,-0.74873,-1.0628,-0.71866,-0.63848,-0.84592,0.070219,-0.27966,0.24603,0.50919,0.94926,0.21925,1.0149,1.3274,0.83327,0.20058,0.267,0.20085,-0.35064,-0.28709,-0.6642,-0.30919,0.51884,-0.78908,-0.49061,-0.24237,-1.3971,-1.0837,-1.0505,-0.29367,-0.078828,-0.94789,-1.0309,-1.5305,-1.1788,-0.60557,-1.0287,-1.3765,-1.2695,-0.85623,-1.3642,-1.1806,-0.57468,-1.5262,-0.61601,-0.89,-1.0918,0.11312,-0.61838,-0.93167,-0.89485,-0.76063,-0.68231,-0.65164,-0.75937,-0.61729,-0.42262,-0.45553,-1.0386,-0.68382,-0.054604,0.058269,-0.40597,0.098695,-0.27701,0.034088,0.12913,0.058672,0.44439,-0.17786,0.45123,0.14283,-0.31008,-0.31852,-0.31729,-0.44093,-0.4552,-0.43577,-0.35334,-0.31118,0.23923,0.5321
0.48781,0.51402,0.65122,0.74665,0.56498,0.62461,0.18818,-0.33014,-0.54392,-0.83215,-1.1391,-1.5041,-1.2883,-0.72756,-0.28338,0.206,1.5939,2.452,2.4105,2.7199,2.9826,2.6525,1.5177,1.153,0.20505,0.32905,-0.00050376,-0.25374,0.71151,0.45355,0.72916,0.65491,1.3211,1.7029,0.64657,0.13906,0.87402,1.9021,1.1574,1.0097,1.323,1.4014,1.0488,0.73591,0.39321,1.4229,0.7455,-0.62115,-0.27998,0.035285,-0.068988,0.50159,0.88971,1.0486,0.9714,1.3143,0.98254,0.084357,0.72962,0.61899,-0.12239,0.16967,1.4327,0.91981,0.34418,1.5221,1.7929,2.4871,2.1213,2.1601,1.7427,2.4144,1.7586,0.84464,0.66043,0.36461,0.82232,0.1392,-0.13257,0.22496,1.4517,0.44874,1.7983,1.6499,1.5166,2.3909,2.3437,2.4242,2.2034,1.7811,1.7679,1.2627,-0.39908,-1.5475,-2.2147,-2.6255,-2.5246,-2.3709,-1.6053,-0.97443,-1.1026,0.24148,0.2623,-0.12177,-0.52132,-2.4329,-3.2154,-3.1979,-3.8416,-3.0228,-3.7925,-3.5995,-2.6457,-2.5396,-2.5576,-3.2553,-3.0218,-3.0481,-3.127,-3.3219,-3.8274,-3.0615,-3.051,-3.0907,-2.8561,-2.4449,-1.8758,-1.3896,-1.1094,-0.52256,-0.75527,-0.20439,-0.23982,0.0032708,1.0252,0.95865,1.5679,1.5788,2.1954,1.9846,1.4306,1.5263,0.75766,0.37338,-0.15299,-1.5865,-2.1329,-1.9171,-1.6053,-1.4896,-1.9129,-1.4292,-1.2019,-1.1359,-2.2451,-2.3212,-3.251,-2.8581,-2.8896,-2.9049,-1.996,-0.76739,-0.48251,-0.63288,0.044186,1.3167,0.92707,1.9062,1.4735,2.4363,1.1033,1.0647,0.02701,-0.16884,-0.32608,-0.65107,-1.1059,-1.1309,-0.82417,-1.3285,-1.2659,-0.92461,0.44123,0.80322,-0.16995,-0.054993,-0.47731,-0.081028,-0.44936,-0.091048,0.26819,0.89966,0.52642,0.28703,0.46458,0.85223,0.28797,-0.1661,0.54019,0.88543,0.97121,0.83661,0.63428,0.53351,-0.070979,-0.59069,-0.067112,-0.25248,0.14178,0.25385,-0.36738,-0.46693,-0.34015,-0.32287,0.039463,0.33101,0.17982,0.14559,-0.084178,-0.94481,-0.95894,-1.3371,-1.6021,-1.3256,-0.6961,0.39556,0.30104,0.38414,0.13697,0.2917,0.066558,0.17581,0.24785,0.092547,-0.21751,0.28113,0.81799,0.72974,1.2708,2.0286,2.0735,1.3343,2.7323,2.9498,2.8142,2.8929,3.0911,2.4864,2.5182,3.0163,2.3979,2.9377,2.97,2.9236,1.2697,0.77675,0.50386,0.19348,0.29587,0.023465,0.63281,0.56042,1.7009,1.3705,0.43834,-0.62582,0.26153,-0.69946,-1.5776,-0.93745,-0.39289,-0.256,-0.16581,-0.97337,-1.0052,-1.0048,-1.6372,-1.9972,-2.8811,-2.7621,-1.7781,-1.4138,-0.84205,-0.17786,0.13926,-0.47358,0.0042231,-0.43312,-0.89415,-0.99129,-0.86264,-0.67842,-2.0409,-1.2754,-2.4688,-2.7731,-2.2645,-2.2252,-2.63,-2.1629,-1.7428,-1.5979,-0.39007,-0.067323,-0.45627,0.26121,1.4639,1.0039,1.29,1.5155,1.6421,0.82244,0.63773,-0.063597,-1.3415,-1.7088,-1.403,-2.0687,-0.89185,-0.04276,0.12876,-0.11539,1.1597,1.5264,1.8707,2.6659,2.1391,1.8292,1.7726,0.99628,1.217,0.77519,0.71956,0.73657,1.0973,1.2341,1.2421,1.337,1.8121,1.7774,1.6023,1.6732,1.678,1.7476,1.6154,1.9067,2.2685,1.1831,0.66062,0.18045,-0.19159,-0.73091,-1.3069,-1.1373,-1.5877,-2.0933,-2.2625,-2.2185,-2.4675,-1.5219,-1.273,-0.80376,-0.6846,-0.16018,0.78441,0.19995,0.27909,0.23898,0.51919,0.91402,-0.40746,-0.33801,0.14028,0.20313,0.68533,1.1503,2.2405,2.2135,2.8366,2.514,3.3297,2.4381,2.0736,2.355,2.6575,1.9998,1.7134,1.835,1.6101,0.81996,0.22324,-0.81076,-0.79591,-0.74578,-0.62476,-0.42517,1.1386,0.99785,1.7711,2.1825,3.1186,3.4604,3.1875,3.0048,3.3375,3.0836,3.051,1.6708,0.95201,0.028788,-0.46904,-1.3396,-1.8709,-2.2896,-1.3994,-0.67739,-0.29826,0.21765,0.062509,0.72897,0.63255,1.2372,1.068,1.0907,0.77205,1.352,1.1985,1.0013,-0.0070496,-0.21869,-1.5648,-2.015,-2.2643,-1.6336,-1.6081,-1.2752,-1.1411,-1.6166,-1.3036,-1.7984,-1.5155,-2.4722,-2.346,-1.814,-1.5496,-1.7022,-1.0068,-0.43264,-0.31363,0.87259,0.87928,1.5794,1.3408,0.47984,0.66308,0.10371,-0.2617,-0.0013112,-0.48052,0.15266,-0.88917,-0.18524,-0.029461,0.18777,0.02122,0.03558,0.05159,0.63709,0.37948,0.27772,-0.096821,0.17376,0.021379,-0.45756,-1.3948,-0.51419,-0.74432,-0.52158,-0.28736,-0.65023,-1.0417,-1.0084,-1.0303,-1.053,-1.6805,-1.1046,-1.8758,-1.3971,-1.5994,-1.4879,-0.88794,-0.38746,-0.72391,-0.39871,-0.53761,-0.54185,0.11315,0.41902,0.095106,-0.096346,0.50888,0.79445,0.88558,0.47383,0.96308,0.96996,1.2982,1.3849,0.64847,0.25515,0.29272,0.11879,-0.14228,0.077752,0.74172,0.4086,-0.40217,-0.71338,-0.29003,-0.59968,0.038302,-0.40889,-1.1917,-1.8996,-1.9729,-2.1288,-1.9806,-2.0009,-2.1836,-1.9538,-1.3755,-1.4302,-1.11,-1.1063,-0.23863,-0.28715,-0.36091,-1.2479,-1.7048,-1.377,-1.6982,-1.7128,-1.7507,-1.7035,-1.2133,-1.1574,-0.68719,-0.030946,0.18569,1.0663,0.97631,1.245,0.7693,-0.049899,1.0657,0.49039,0.6636,0.45998,0.96939,0.71734,-0.54097,-0.75784,-0.66846,-0.75208,-0.51581,-0.12302,1.3384,1.2334,0.5618,0.75766,0.47871,0.51714,0.25464,-0.20296,0.30251,0.78558,0.9961,0.75224,1.1842,0.94253,1.6146,1.7605,1.3782,1.2355,1.3588,0.81236,0.79939,0.23115,0.24608,0.30291,0.026974,0.5162,0.39437,0.58134,0.50305,-1.0801,-1.2564,-0.5783,-0.073998,-0.67788,0.0049389,0.94313,0.65676,0.83196,1.1418,1.4242,1.9814,2.5272,1.6387,1.2667,1.054,0.85666,0.98162,1.4231,0.63146,1.4,2.29,-0.065781,1.3775,0.98783,0.99224,0.65566,-0.56174,-0.64775,-1.5535,-1.6303,-2.0302,-2.0759,-1.7574,-1.9468,-1.7415,-1.5373,-1.3951,-1.2438,-1.3224,-1.2042,-0.81891,-0.8397,0.30999,-0.057801,0.17221,0.071874,0.055447,-0.31974,-0.092246,-0.64288,-0.20772,0.32677,0.29151,0.27404,0.48067,0.22889,0.65118,0.95671,0.76812,0.90436,0.86719,1.266,1.7703,0.52428,-0.33316,-0.236,0.21946,0.047154,0.79473,1.2481,1.6521,1.6505,1.2415,-0.032777,0.073523,-0.82287,-2.0671,-1.7632,-1.5346,-1.3241,-1.8474,-1.6084,-0.73452,-0.74153,-0.84304,-1.758,-2.1165,-2.0851,-1.5972,-1.6375,-1.327,-1.5678,-0.77855,0.16968,-0.54051,0.035071,-0.51074,0.0070027,-0.3753,-0.36789,0.03133,0.23031,0.22206,-0.22547,-0.28058,-0.13291,-0.11422,0.052255,-0.39066,-0.72007,-0.51199,-0.96034,-1.0751,-1.4653,-0.94826,-1.1336,-1.5571,-2.0453,-1.516,-2.1323,-2.3049,-3.0005,-2.1991,-1.8859,-2.1002,-2.1426,-2.273,-2.3432,-1.5003,-1.2352,-0.69659,-0.0055351,0.44513,1.2778,1.5033,0.59961,1.4819,1.8176,1.0032,-0.20378,0.44519,0.084129,0.74957,0.81256,0.23044,-0.07271,0.50702,0.24305,0.31367,0.44373,0.6601,0.63497,1.1208,1.4792,1.2893,1.4954,1.1878,0.4277,0.084293,-0.44098,-0.11162,-0.68185,-1.5001,-0.09195,0.27005,-0.23207,0.32117,0.50983,-0.34445,-0.91302,-0.79883,-0.72507,-0.93582,-0.803,-0.71976,-0.23086,-0.41569,0.22803,1.3166,1.0766,0.98785,0.3965,0.41632,0.70747,0.81495,0.43255,0.44006,0.20718,-0.14872,-0.71414,-1.2826,-0.95384,-0.87929,-1.4365,-0.92981,-0.64341,-0.11904,-0.0094537,0.18295,-0.49374,-0.32343,-0.062388,-0.62565,-0.76752,-0.9376,-0.98673,-1.2925,-1.1922,-0.94689,-0.059008,0.70151,-0.004532,0.15721,-0.70066,-0.83938,-1.3368,-1.9536,-1.5739,-1.5973,-1.0147,-0.70034,-0.089568,0.1531,0.26324,0.44816,0.78208,0.6539,0.79452,0.93453,1.0828,0.96347,0.34924,0.36718,0.57008,0.34578,0.18539,-0.47903,-0.50584,-0.35105,-0.78632,-0.61164,-0.66379,-0.7991,-0.603,-0.61054,-0.34836,-0.41425,-0.50678,-0.89626,-1.0779,-1.0504,-0.95883,-0.69101,-1.3499,-0.14075,0.58647,0.35328,1.2219,1.1084,0.97213,1.4803,0.91562,0.93614,1.0347,1.5601,0.46626,1.2175,0.59783,0.13879,1.1385,0.50258,0.05364,0.3902,0.40706,1.1474,0.91374,1.6285,1.5399,1.5386,1.3596,0.3605,0.1631,-0.43313,-0.20444,-0.66469,-0.60497,-0.90654,-1.0262,-0.15788,-0.1823,-0.29699,0.0053498,-0.70531,-0.50866,-0.85923,-0.11164,0.32291,0.44142,0.91461,0.93616,1.6573,1.3202,1.8587,2.0547,2.6636,2.3264,1.7182,1.4318,0.95368,0.77246,0.65448,1.013,0.76707,0.15793,-0.24206,-0.39015,-0.58953,0.2896,-0.055122,-0.24113,-0.95622,-0.83155,-1.3526,-1.295,-0.16196,-0.53506,0.26917,0.1733,-0.18967,0.055619,0.089657,0.16705,0.80857,0.9769,1.4872,1.7341,1.1628,0.88525,0.40956,0.0055766,-0.41193,-1.2458,-1.671,-1.3115,-0.49078,0.33697,0.87201,0.25554,0.19939,0.52645,0.1978,0.91996,1.2559,1.5503,1.3627,1.5517,1.1517,1.2519,1.1284,0.79416,1.0611,1.0819,1.0566,1.7232,1.4389,1.1289,0.30467,0.45131,0.061422,-0.28742,0.49632,0.94114,0.8689,0.30537,0.85472,0.28375,-0.29921,-0.53331,-0.92966,-0.63409,-0.37757,-1.205,0.79119,0.1772,0.46225,0.47851,0.10172,-0.6485,-0.50157,-0.47566,-1.182,-1.1483,-0.99026,-0.72108,-0.7215,-0.58765,0.055866,-0.16441,0.64785,0.55033,-0.038576,-0.86872,-1.085,-1.4796,-1.8416,-1.7545,-0.88607,-0.48597,-0.049736,-0.1272,-0.0075364,-0.31678,-0.63919,-0.90568,-0.64974,-0.6714,0.27213,0.76858,0.30873,-0.056938,-0.24722,-0.46996,-0.26229,-0.88668,-1.3565,-1.259,-0.48573,-0.70091,0.066672,0.7563,0.15832,0.15811,0.21808,0.73936,0.49665,0.58241,0.27178,0.44363,0.57428,0.63423,1.0132,0.64165,1.2785,0.15996,1.0313,0.0098063,0.64874,0.049468,-0.046129,-0.24914,-0.58076,-0.34172,-0.0057781,0.76522,0.61779,1.1144,0.99296,1.5429,1.0739,0.14509,-0.61734,-0.90427,-1.0875,-1.0268,-1.3275,-0.26653,-0.038929,0.72467,0.98631,0.72555,1.5839,0.7741,0.89452,0.48136,0.42417,0.2165,0.59632,0.57544,0.41994,0.52031,0.66346,0.62604,0.89315,0.056594,0.34378,0.35383,0.22863,-0.018475,-0.30163,0.11259,0.15391,0.013865,-0.19419,-0.12588,-0.34708,-0.4349,-0.18877,-0.04208,-0.24454,-0.27961,0.81596,1.2737,1.6478,2.2136,1.8397,2.7331,2.1885,1.0236,0.73651,0.68011,0.83752,-0.18494,-0.61426,-0.3887,-0.82528,0.16943,-0.41985,-0.010869,0.1127,0.68008,0.45945,0.32121,0.13069,0.21827,0.35031,-0.077132,-0.33622,-0.43125,-0.095903,-0.11503,-0.25597,-0.6482,-0.51133,-0.89981,-0.86631,-0.82109,-0.78993,-0.6914,-1.3106,-0.37552,-0.74559,-0.98209,-1.3367,-1.6074,-0.67378,-1.001,-0.75551,-0.66493,0.13475,-0.27995,0.10054,-0.13518,-0.099381,0.017902,0.95269,0.38244,0.12556,-0.42191,-0.24401,-0.17794,-0.59656,-0.95332,-0.96088,-1.1521,-0.3681,-0.49817,-0.55381,-0.39923,-0.80964,-0.78322,-0.48021,-0.9698,-1.0815,-1.1017,-0.68342,-0.994,-0.54866,-0.57157,-0.54272,-0.41535,0.18624,-0.54701,-0.27267,-0.13661,-0.24502,0.36038,0.59702,0.12383,-0.16315,-0.13258,0.28737,0.81936,0.72355,1.1522,1.7208,1.9554,2.4332,2.5982,2.6116
-0.16649,-0.88454,-0.45095,-0.87555,-1.0137,-0.49229,-0.61504,0.25246,-0.56839,0.36903,0.080047,-0.17887,-0.053493,0.35756,0.32701,-0.45069,-0.81372,-1.4143,-0.58287,-0.48272,0.0024098,0.071819,0.8822,-0.52027,0.044217,-0.45845,0.87393,-0.13989,-0.024695,0.73869,-0.74168,-0.38508,-1.5106,-0.30961,-0.33099,-0.69021,-0.57942,-0.3029,0.27666,0.20053,-0.23245,-0.25283,0.24612,0.80407,0.69541,0.52995,0.85255,0.15647,0.21312,0.21373,1.2123,0.11553,-0.44243,0.044855,0.5014,0.10702,-0.33035,-0.35176,0.76587,0.92407,-0.18289,-0.20412,0.11577,1.2866,-0.14646,-0.5594,-0.13148,0.31258,0.36577,-0.49894,-0.97616,-0.12544,-0.049522,-0.30751,-0.38032,-0.36513,-0.40956,-0.95725,-0.50862,-0.23333,0.64968,-0.49306,-0.11552,-0.4276,0.36949,0.078257,-0.24637,0.57188,0.11768,-0.28544,-0.7633,0.13521,0.61158,-0.43925,0.52746,-0.64525,0.17785,-0.019921,0.34465,-0.64384,-0.84008,-0.056182,-0.81728,-0.042694,-0.088821,0.0040144,-0.75045,0.12833,0.18081,0.62135,0.14103,0.1393,-0.28026,-0.51259,-0.11779,0.60993,0.043095,-0.26096,0.15423,-0.22057,-0.40261,-0.077394,-0.25117,0.13527,0.55015,-0.032029,0.3997,1.105,-0.24912,-1.0637,-1.4929,-0.084632,-0.53634,-0.36027,-1.6958,-1.092,0.0097601,-1.6908,-0.87353,-0.56859,-0.29199,-0.56237,-1.3471,-1.7029,-0.2602,-0.6519,0.47997,0.212,0.17368,-0.91053,-0.39828,-1.0094,-0.10745,-0.4893,-1.3048,-1.1545,-0.54612,0.057569,1.105,0.072743,0.13004,0.10575,0.71514,0.069527,0.059943,0.78945,-0.050065,0.66953,-0.21332,-0.23342,-0.42804,1.2177,-0.26439,0.22347,-0.021575,0.34734,0.016478,-0.57568,-0.12718,0.91116,0.36493,-0.077461,-0.058375,0.13783,0.72611,-0.98886,-0.91746,0.083339,0.70181,-0.53858,-0.54968,-0.69009,0.30359,-0.38591,-0.76302,-0.61202,-0.7227,0.10961,0.014123,-1.97,0.067491,0.49474,-1.0229,-0.30173,-0.67041,-0.15539,0.64615,-0.79114,0.40458,1.4801,1.1395,0.78312,0.17318,0.18875,1.1342,0.50737,0.10709,0.5961,-0.355,0.13775,-0.80665,-0.78485,0.061459,0.36923,-0.043967,-0.054181,1.1113,2.0052,0.71371,0.89268,0.19314,1.3234,0.37438,0.21097,-0.4549,0.77225,0.0091381,-0.76918,-0.19454,0.52722,0.73225,0.70531,-0.77175,0.0071879,0.13185,-0.24735,1.1952,-0.42146,-0.96606,-1.0473,-0.70665,0.16488,-0.31404,-0.11917,1.8102,0.33847,0.33766,0.961,-0.22318,1.8352,-0.19624,0.638,-0.11232,0.12252,-0.7425,0.49847,0.16791,0.63175,0.91591,-0.37101,-0.38691,-0.082313,0.051998,0.87129,0.09802,0.63964,-0.20008,0.2791,0.73003,0.070796,0.025162,0.021375,-0.18723,-0.22236,-0.76569,-0.38536,0.05619,-0.093753,-0.08352,-0.008625,0.26603,0.89298,0.74619,0.20313,-0.2346,0.085815,-1.1503,-0.076263,0.19289,0.15838,0.12941,0.25851,0.24138,0.43848,0.33383,0.49741,1.7482,1.1733,0.29507,1.0229,0.15551,0.85499,0.2993,0.38178,0.28409,1.5954,1.2085,0.14502,0.32125,0.72982,-0.3155,1.2778,-0.4581,0.52986,-0.014228,0.86895,-0.3311,0.57609,-0.69012,1.0119,0.074185,-0.085008,0.00050442,0.72782,0.85938,-0.093423,0.56765,0.93124,1.2673,0.21438,0.66041,0.89955,1.1305,0.12763,0.83919,0.56434,0.14377,-0.42703,0.22657,0.61559,-0.069261,0.43859,0.64226,0.6731,0.95372,-0.27739,-0.43835,1.0014,0.49135,0.15688,0.59,0.85112,1.6229,0.13371,-0.23567,0.094559,0.76129,-0.20485,-0.39926,0.26194,-1.0391,0.37885,0.092702,0.28392,0.38056,-0.91505,-0.70193,-0.13294,0.20003,0.080854,-0.16946,-0.42164,-1.0101,0.26134,-0.049708,0.50021,0.21348,0.63969,1.0266,0.61104,0.3661,0.24909,0.30098,0.23487,0.61743,-0.60011,-0.42592,-0.11546,-0.5349,-0.1971,-0.054251,-0.22956,-0.11561,-0.62566,-0.73051,-1.1758,-0.4598,0.12189,-0.41693,1.5193,0.82375,1.3944,0.27215,1.3888,1.4081,0.2863,-0.20893,0.16459,1.0137,-0.40308,0.5016,-0.27182,0.47011,0.11615,-0.45745,0.29779,0.65811,0.089858,0.28496,0.50713,1.2224,1.1059,1.1362,1.1455,0.62821,1.582,1.1026,-0.12412,-0.32165,0.5311,-0.09866,0.78877,-0.62579,0.71001,0.032172,0.0093209,1.2464,0.12587,0.77358,-0.41036,-0.77886,-0.44407,-0.3452,0.80005,0.37908,0.30395,0.10057,0.46741,0.64867,0.51793,0.33461,-0.15168,-0.58371,-0.18277,0.73901,-0.66787,-0.37249,-0.44937,0.73459,0.44982,-0.61161,-0.40641,-1.0651,0.17767,-1.2654,-0.96736,0.12727,0.62919,-0.42324,-1.0611,0.31264,0.57654,0.38805,-0.084446,-0.20699,-0.19081,1.3161,0.042631,0.74612,-1.2189,0.40575,0.72402,0.37682,-0.39403,-0.73729,0.46477,-0.45225,-0.12201,0.2364,-0.27117,-0.25774,0.71035,0.1439,0.17201,-0.35412,-0.41269,0.0073637,0.15937,0.41197,-0.30398,0.47427,0.56617,-0.25224,-0.16568,-0.56092,1.5418,0.88225,-0.13117,-0.63705,0.24568,0.36514,-0.37195,-1.3549,0.10276,0.32151,0.54166,0.064882,0.24561,0.50243,0.31102,0.51278,-0.17853,0.2121,0.08597,0.076388,-0.64529,0.24778,-0.50076,-0.33252,-0.35057,-0.31299,-0.11896,-0.55229,-0.17136,-0.96498,0.5621,0.75961,0.4565,-0.60255,-0.37837,0.73095,0.38287,-0.3494,-0.15549,0.31185,0.34575,-0.38028,-1.1556,-1.3423,-0.024209,-0.44192,-0.44345,-1.0747,-1.4928,1.716,-0.083175,-0.94602,0.038413,1.2383,-0.29071,0.14659,0.14733,0.43517,0.19427,-0.73597,-0.4286,-0.60752,0.7084,-1.4133,-1.1595,-0.55037,-0.75631,0.23224,-0.62404,-1.133,-1.3683,-0.48032,-0.62527,-0.27763,-1.0647,-0.25455,0.33934,-0.88734,-0.36576,0.018857,-0.5792,-0.23995,-0.69535,0.10223,0.97694,-0.15959,-0.46888,0.023873,0.46927,0.24403,-0.56922,-1.1506,-0.47594,-0.40972,-1.1253,-0.52537,0.082578,-0.26829,0.1331,-1.013,-2.2773,-1.0332,-1.5535,-1.6751,-2.4755,-1.3296,-0.67058,-1.1984,-0.19832,-0.51782,-0.096936,0.16468,0.90553,-0.73146,0.92007,0.61514,0.0043683,0.9333,0.4564,1.2116,0.21791,0.83785,0.25612,-0.23294,0.67742,-0.12873,-0.028153,0.32817,-0.25178,-0.39871,-0.12029,-0.017851,-0.43584,0.74865,0.22691,-0.49235,-0.57238,-0.054118,0.24514,-0.65652,-0.80167,-0.10097,-0.18388,-0.26265,-0.31788,-0.91544,-0.49024,-0.0023833,-0.15846,-0.23448,0.29306,-0.25182,0.077187,-0.57263,-1.1361,-0.97705,-0.47169,0.034456,-1.2032,-0.15823,1.2006,-0.47289,-0.02943,0.14452,0.38266,0.19798,-0.78795,0.26928,0.20373,0.33182,-0.0054975,0.21951,0.11393,-0.19713,-0.039451,0.17088,-0.08191,-0.67497,-0.066603,0.41537,0.073904,-0.92102,-0.89188,0.22135,0.73093,-0.74712,-0.55029,-0.92093,-0.049121,-0.15324,-0.25152,-0.97778,0.67724,-0.42226,-0.14079,-0.5712,-0.44524,-0.27361,-0.29054,-0.99231,0.016068,0.72289,0.85082,0.50888,-0.084338,0.48414,1.2595,0.34106,0.13707,-0.19897,0.76817,0.38838,0.10781,-0.72119,1.0155,0.2476,-0.50355,0.49391,-0.061967,0.56588,-0.82862,-1.2722,-1.3203,-0.97537,-1.2197,-0.83069,-1.1593,-0.69355,0.48915,0.014328,-0.33326,-0.63942,-0.53546,-0.14243,-0.46255,-0.60958,-1.2264,-0.34829,0.44968,-0.42153,-0.40923,-0.35089,0.70929,0.18989,-0.13718,-0.22511,0.87568,1.1853,0.42641,0.78043,0.55985,0.7073,0.10566,-0.1043,0.56372,0.31336,1.0311,0.9034,0.42195,0.0076686,0.84238,0.55039,0.49099,0.73855,-0.22306,0.96565,0.39906,-0.36978,-0.52718,0.88868,0.50415,-0.52471,-0.51727,0.092418,0.023592,0.41845,-0.08122,-0.47008,0.68218,-0.084343,-0.41991,0.19599,-0.14396,0.30096,-1.2943,-0.057873,0.22327,0.046263,0.061076,-0.82062,-1.7337,-1.4615,-0.58185,-1.8053,-0.97568,-1.0254,-0.29132,-0.87075,-0.32415,-0.22851,0.64946,0.73382,0.25072,0.06975,0.75985,0.75625,0.76397,-0.17089,0.53873,-0.056011,-0.44339,-0.5335,-0.62748,-0.87201,-1.1044,-1.0171,-0.83579,-1.2849,-1.4622,-0.65313,-0.4814,-1.2668,-1.0547,-1.0943,-0.50551,-0.87983,-1.2832,-1.1589,-0.76652,-0.58012,-0.35425,-1.1586,-0.028236,0.67393,0.10762,-0.52054,0.3803,0.91692,0.12384,-0.18442,0.055719,0.8268,-0.065837,0.1036,0.082444,1.5572,1.9792,0.9327,0.83271,1.3901,1.2679,0.92194,0.53982,0.47778,1.1962,1.6833,1.7455,1.1614,1.6286,1.3227,-0.72446,-0.22249,0.86147,1.0793,0.31735,0.25522,0.66085,1.5831,0.92366,0.45567,0.36154,0.97741,0.96641,0.95207,0.81217,0.86503,0.97339,-0.13421,-0.11729,0.36062,0.96574,1.4308,0.010148,0.68572,-0.1588,0.20949,0.76771,0.31452,-0.29544,0.7454,0.14091,0.090269,-0.10469,0.12224,0.38655,-0.98916,-0.040693,0.35763,-0.37199,0.30602,-0.59152,-0.65667,0.22533,0.72258,0.56999,0.12505,0.11792,-0.81918,0.21491,0.3983,0.13258,0.9307,0.35072,-0.073657,0.026846,0.50814,0.48351,0.81457,1.3866,1.0931,1.1457,0.11125,1.6299,0.91969,1.7687,0.10117,1.3395,1.2287,1.5598,1.5031,-0.40938,1.6827,0.89566,0.81768,-0.090011,-0.45996,0.20523,0.51372,0.60126,0.27788,0.44379,0.037596,0.13012,0.49824,0.67481,0.07977,0.5708,1.2045,1.5887,0.68387,1.0757,0.42568,0.69874,0.27563,-1.0777,-0.64591,0.58725,1.2461,0.38289,0.33276,0.21639,1.5931,0.99155,0.18864,-0.38201,-0.22638,1.4586,0.041989,-0.72429,0.22646,-0.17877,1.4145,-0.14541,-1.3873,-1.4686,-0.92496,-0.089242,-0.95598,-0.98092,-0.35347,-0.55876,-0.88551,-1.055,-1.0176,-0.63758,0.11918,-0.56579,0.2798,-0.43772,0.90158,0.32298,0.20514,0.14488,1.2938,0.89073,0.24556,0.54746,0.40639,0.35815,0.1898,-0.88569,-0.024362,-1.1827,0.83319,-0.29705,-1.0145,-0.16695,0.53113,0.52136,-0.63358,-1.0402,-1.1611,0.1083,-0.19528,-0.070027,-0.25734,-0.19523,-0.15954,0.13829,0.45119,-0.43348,1.2976,0.71453,0.50734,0.27687,-0.42416,0.72376,1.0988,-0.0317,0.39946,0.48427,1.0814,0.15694,-0.099023,0.1057,-0.057876,0.039878,-0.2567,-0.84093,0.43813,0.59074,0.44284,-0.631,0.65126,0.90733,1.1049,0.25499,-0.30052,0.8013,-0.087802,0.62725,-0.91634,-0.71251,-0.14049,0.13748,-0.90024,-0.52583,-0.82665,0.30337,0.32562,-0.32022,-0.55695,-0.41758,-0.037425,-0.24876,-0.73091,-1.4315,-0.46775,-1.0575,-0.2088,-0.58,-0.14409,0.41582,-0.20754,-1.0061,-0.56091,-0.1978,0.33202,-0.5408,-0.35009,-0.27178,0.42431,-0.60492,-0.51361,-0.21119,-0.64392,-1.1497,-0.8316,-0.97849,-1.3891,-1.5583,-0.38409,-1.7597,-1.3076,-0.86791,-0.46756,-0.846,-0.01932,0.041133,0.17002,-0.051757,0.36282,0.47264,0.066782,0.12291,0.32078,2.0477,1.1148,0.28403,1.4813,1.2321,1.3995,1.3034,1.5062,1.3204,0.59088,0.95812,0.7027,1.0205,1.2482,1.1269,0.71847,0.5174,1.0885,0.66758,0.27486,0.090202,-0.22914,-0.26185,-1.0663,-0.11637,-0.13233,-0.46665,-1.2678,-0.85958,-0.46009,-0.22732,-0.90499,-0.4629,-0.91827,0.18251,-0.37154,-0.56629,-0.35535,0.040098,-0.90967,0.019844,-0.14474,-0.52036,-0.73988,-1.756,-0.8022,-0.14833,-0.60613,-1.0504,-1.1055,0.31535,0.051506,-0.17213,-0.8858,-0.67363,0.030473,0.093099,-0.95656,-0.56072,-0.29531,-0.50326,-0.13568,-0.54005,0.088469,-0.35297,-0.17956,0.56785,0.36662,-0.0025733,-0.15599,0.56923,0.63367,-0.60403,-0.82608
0.80537,0.85536,1.0989,1.0819,1.4207,1.1445,1.0187,1.2084,0.15631,0.65414,0.75532,-1.2018,-0.39444,1.5479,1.1997,-0.62908,0.44351,2.0996,1.8109,-0.65609,0.55208,1.7327,1.6815,-1.3796,-0.40997,1.8134,1.3048,-1.3655,-0.95283,1.8732,1.9755,-1.8262,-1.2582,1.8614,-0.12785,-1.3553,-0.81768,1.3525,0.57725,-1.3761,-1.0343,1.1515,-0.37496,-2.1681,-0.96054,-0.81385,0.32552,-2.0412,-1.4663,-0.16621,1.3847,-1.8568,-1.55,-0.49844,0.72415,-0.41409,-1.2555,0.32486,0.33767,-0.12943,-2.1245,-1.6317,-1.0188,-0.50807,-1.0627,-1.457,-0.77989,0.52444,0.41613,-1.1694,-0.45083,0.13822,-0.19626,-1.0234,-1.3337,-0.52243,-0.08962,-1.7916,-1.1698,-0.93577,0.23687,-1.3916,-1.4305,-0.78009,0.27346,-0.79187,0.13691,-0.86659,0.006301,-0.65428,-0.94119,-1.2626,0.39942,-1.1003,-2.2137,-2.0176,-0.84204,-1.7166,-1.6198,-1.2338,0.84657,-1.7231,-2.1325,-1.4071,-0.94565,-1.1408,-2.6571,-2.3078,-2.149,-1.6563,-1.9089,-2.8897,-2.2878,-1.8215,-1.502,-1.6103,-1.9452,-1.4176,-1.9669,-1.6045,-2.0474,-1.177,0.093082,-0.54348,-1.2012,-1.5972,-1.7471,-0.50956,-1.8652,-0.90032,-1.4183,-0.5158,-0.85015,-2.1722,-1.4274,-0.23081,-1.0311,-1.1889,-1.2944,-0.49878,-0.60729,-1.6261,-2.2027,-1.2721,-0.1809,-1.3142,-1.9073,-1.0682,-0.94966,-0.61067,-2.0628,-1.7738,-0.52531,-0.88388,-1.4608,-1.1736,-1.1159,-0.37437,-1.0817,-1.3217,-1.8768,-0.79041,0.149,-1.9982,-1.8422,0.066989,0.35759,-0.13978,-1.6993,-0.034102,1.1828,0.82973,0.17952,0.96669,0.52468,0.12123,-0.98216,-0.37499,-0.0032,0.31596,-0.56398,-1.5468,-0.06992,0.25701,0.021817,-1.7568,-0.51029,-0.084413,-0.7284,-1.3913,-1.5752,-0.50119,-0.54252,-1.0098,-1.5716,-1.214,-0.31405,-0.22164,-2.0403,-0.32084,0.090836,-0.30488,-1.0785,-0.41822,0.25878,-0.023843,-1.2936,-0.20308,-0.24442,0.38215,-0.78252,-0.28612,0.84967,-0.14266,-0.13733,0.084419,0.1792,-0.17923,0.19671,0.42046,-0.99808,-1.1411,-0.063005,-1.022,-1.2441,0.36789,0.78429,0.45277,-0.31913,0.72372,0.33247,1.06,-0.38689,-0.30392,-0.098682,0.39379,-0.35886,-1.3334,-1.3072,0.8289,0.88539,-1.2754,-0.94116,0.15329,0.54375,-0.85674,0.087047,0.46678,0.61457,-0.033733,-0.13334,0.96243,0.63656,-0.27207,0.028235,0.6271,-0.86313,-0.86819,-0.55704,0.95646,-0.93533,-0.77266,0.73002,0.49713,0.45289,0.010633,-0.22103,-0.24995,0.9174,-0.26738,-1.0402,-0.59722,-0.29478,-0.07341,-1.3419,-0.4274,-0.20468,-0.029075,0.35159,0.26957,0.356,-0.24146,0.89862,0.4554,0.48932,-0.6997,-0.31295,-0.51593,-0.86341,-0.9418,-0.42461,0.79043,0.34676,0.38551,-0.081551,0.25758,-0.5413,-0.25334,-0.54912,-1.2761,-0.76091,-1.2333,-0.80072,-1.1562,-0.25403,-0.22575,0.069887,0.22625,0.60367,0.011906,0.58023,-0.072716,-1.1266,-1.3414,-0.40646,0.24903,-0.12082,-0.25571,0.21491,0.80551,1.0443,1.437,0.24359,1.6562,1.234,2.2567,0.76286,0.54985,0.86448,1.0839,0.64108,0.24029,0.53595,1.2122,1.1497,1.2116,0.90011,2.0406,1.1315,1.2959,1.9477,1.8093,0.9733,0.94194,1.0659,0.26801,1.0598,0.48216,1.3411,0.3715,0.91966,0.050589,0.70499,1.9906,0.93173,0.22455,0.30398,1.0476,0.38647,-0.10097,0.43355,0.90229,0.93756,0.087871,0.98208,1.1928,1.0369,0.70205,0.044896,0.30003,0.16561,-0.38541,0.15878,0.3393,0.91418,-0.36938,-0.15191,0.68736,1.5109,2.3257,1.4517,1.8746,0.90105,2.5091,0.91393,1.0296,2.1463,2.0375,1.4306,1.7046,1.2975,0.99588,1.1916,0.54406,0.36506,0.4749,0.28358,1.0504,1.141,1.1102,1.7584,1.227,1.2422,0.68801,0.2629,0.77718,0.47669,0.42274,-0.021114,0.96185,0.99693,0.27873,0.11298,0.012377,0.60733,-0.28303,0.38693,0.63833,0.94309,1.3779,0.77525,1.5841,0.93733,0.59142,0.93024,0.24461,1.2366,1.305,0.56178,1.293,0.69166,0.32137,-0.80281,-0.40224,0.45668,0.5192,0.07574,-0.3412,0.18457,-0.5131,0.94427,0.82367,0.31725,-0.11318,0.9785,0.85817,-0.036641,0.38747,0.14987,1.4482,0.08104,1.2233,1.1978,1.0688,1.4932,0.8596,1.2121,0.99893,1.063,0.6689,0.40779,0.20028,0.47219,-0.10449,0.11378,0.27389,0.3093,0.5746,0.84634,0.51116,0.61577,0.68973,1.531,1.7762,0.10012,-0.1031,0.40862,-0.36961,-0.67393,-0.67582,-0.672,0.16979,0.84475,0.026708,0.23315,-0.20642,0.50156,0.47783,-0.082802,0.73792,-0.094929,0.69001,-0.14996,0.44782,0.76025,-0.24769,-0.029992,-0.072171,-0.20344,0.034253,0.34304,0.26865,0.7843,0.71153,0.61556,0.24919,1.3995,1.5215,1.4818,0.95571,1.2532,0.83267,0.2103,0.56246,1.3421,0.06545,-0.22896,-0.13819,0.1269,-0.19565,-0.21346,-0.22222,-0.57903,0.51144,0.59458,-0.60781,-0.28177,-0.016895,-0.46499,-0.21651,-0.50764,-0.49431,0.12014,-0.62231,-0.76684,-0.85548,-0.88336,-1.1391,-1.1043,-0.67694,-0.94963,0.10322,-0.29849,-0.14432,0.18371,1.3461,0.77319,0.9745,0.62774,0.60876,1.488,0.24208,-0.0051191,0.34723,0.97981,0.53443,0.19081,-0.58587,-0.41898,0.45681,0.1805,-1.0821,-0.0041678,0.36819,0.18292,-0.11471,-0.040859,0.52911,1.659,0.8581,0.090394,0.21517,0.58868,0.89458,-0.54412,0.41246,0.35355,-0.03072,-0.11134,-0.38675,0.41914,0.76353,0.69865,0.53318,0.5517,0.73252,0.38927,0.36412,0.14306,1.1163,0.96045,1.1584,0.95111,1.0651,1.0675,1.3357,-0.10614,0.099163,0.54889,0.29449,-0.73925,0.17621,0.72298,0.3347,-0.30168,-0.34301,-1.4432,-0.69298,-0.89648,-1.8829,-1.4709,-0.5442,-1.3558,-1.2359,-2.0363,-1.529,-0.27114,-0.52747,0.56952,0.23325,0.34107,0.9961,0.739,-0.0039602,-0.0061303,0.87702,0.95963,0.97996,0.078024,0.38902,-0.22845,-0.44316,-0.26442,-0.56008,0.52924,-0.0031405,-0.075,-0.21273,0.49626,0.63731,-0.23163,-0.29065,0.33601,0.35292,-0.11998,-0.30939,0.33561,0.16256,0.38405,0.68882,0.30581,1.2488,1.3122,1.0088,1.0084,0.97326,1.1963,1.3446,1.5067,0.62751,0.30782,0.6879,0.29187,0.71322,0.69563,0.55651,0.48472,0.13709,0.41116,-0.2373,0.032866,-0.21564,-0.037582,-0.90196,0.52327,0.65145,0.31104,0.40085,1.26,0.79332,1.1344,0.20494,-0.041462,-0.32231,-0.30861,-0.44455,-0.53823,-1.1149,-1.124,-1.0907,-1.4347,-1.616,-1.0029,-0.27243,0.18619,0.056153,-0.35656,0.60958,0.26165,0.87679,0.42992,1.0215,1.1989,0.92177,-0.16684,-0.039789,0.24041,0.30924,-0.59772,-0.17194,-0.20994,0.095188,-0.64767,-0.94865,-1.3763,-0.08841,-0.30175,-0.41172,-0.78645,-0.74346,-0.086208,-0.17129,-0.28611,-0.19106,1.039,0.51798,-0.21135,1.1709,0.55822,1.0577,1.3274,0.67282,0.63186,0.61825,1.5126,1.183,1.0452,0.49203,1.0481,1.2222,-0.19848,0.18376,0.10277,0.54095,0.27153,0.40793,0.53913,0.63969,1.0323,1.2233,0.98764,0.70682,1.1602,1.4733,0.75055,0.38947,0.95951,1.1391,-0.38854,0.27881,0.22049,0.67062,0.73998,-0.648,-0.61631,-0.045674,1.0528,0.37448,0.059639,0.057327,0.51464,-0.029919,0.5187,0.44257,0.45786,1.0492,0.40096,-0.72517,-0.45335,0.454,0.56734,0.22889,0.17266,0.15586,0.78579,0.7018,-0.15549,0.45192,0.73039,0.80332,0.84819,0.56681,0.58756,0.90228,-0.29282,-0.82807,-0.44806,-1.5427,-0.20972,-1.1176,-0.75152,0.047541,-0.74219,-1.0645,-1.006,-0.42855,0.78517,0.97655,0.47589,0.40037,0.45882,1.2382,-0.29485,-0.39751,-0.24925,-0.53358,-1.089,-1.0255,-0.91982,-0.56475,0.56588,-0.33316,-0.14142,-0.28823,-0.63277,-0.094198,-1.276,-0.33633,-0.97645,-0.35424,-0.78888,-1.2563,-1.2911,-0.79371,-0.47807,-0.51511,-0.82071,-0.49779,-0.14252,0.44434,0.24148,0.26558,0.6358,1.2984,1.2035,0.24733,0.49047,1.5277,0.62695,-0.013947,-0.23353,0.31094,0.34665,-0.27065,-0.54102,0.23015,-0.61697,-0.22794,-1.916,-0.48262,-0.2326,0.72407,0.62597,0.50778,0.065389,0.075293,0.25065,-0.88319,-1.7189,0.13133,0.33928,-0.20938,-0.58598,0.71738,1.0363,0.50453,0.75528,1.1433,1.5475,0.40075,0.33309,0.86987,1.3309,-0.42897,0.24844,-0.27619,0.44302,0.17017,-0.58678,-0.47698,-0.47188,-0.0072296,-0.37369,-0.93833,-0.47901,-0.21426,0.5868,0.11417,0.10181,0.35374,1.2142,0.74042,0.89345,1.0093,0.92139,1.1591,0.63106,0.66127,0.41445,-0.27155,-1.6957,-0.55205,-0.72931,-0.92177,-0.60917,-0.25246,-0.14359,-0.13398,-0.15106,0.38369,0.044149,0.29098,0.27193,1.0325,0.71384,0.54196,0.92884,0.82478,0.76216,-0.26808,-0.021777,0.49536,-0.1351,0.41086,-0.16995,0.068176,-0.22361,-0.16972,-0.58381,-0.63165,-0.41351,-0.49562,-0.69157,-0.3701,-0.37881,-0.15316,0.3805,0.14031,0.27105,1.2632,1.1146,0.71226,0.65032,0.92178,0.37595,0.27354,-0.13645,-0.51113,-0.43575,-0.10394,-0.28882,0.85513,0.24985,0.65577,0.23811,0.18251,-0.613,0.44811,0.91538,-0.76507,0.63288,1.0433,1.1939,1.21,0.73701,1.5325,1.5172,1.6186,-0.27426,-0.035493,0.0932,-0.49606,-0.34443,-1.8864,-1.1585,-1.2475,-1.1121,-1.357,-0.87031,-0.86899,-0.74718,-0.20501,-0.49303,0.23547,0.37514,0.77639,0.28157,-0.014981,0.57114,1.0502,0.29695,0.13122,-0.14652,0.47838,0.50961,-0.64162,-0.59242,-0.50965,0.27517,-1.1125,-0.87445,-0.24561,-0.99925,-1.2393,-1.2845,-0.50495,-1.1424,-0.90754,-0.67662,-1.4544,-0.45564,-0.73211,-0.3154,-0.54317,-0.72682,-0.25102,0.45769,0.88902,0.97228,0.24728,0.88768,1.554,0.77067,0.49857,0.03949,0.35868,0.79737,0.14911,-0.48853,0.14762,-0.46047,0.50408,-0.2763,-1.546,-0.80758,-0.65292,-0.042575,-1.7101,-0.61806,0.088276,0.23328,0.50613,0.064214,1.7966,0.68202,0.31931,-0.51827,-0.71504,-0.064413,0.18536,-0.3039,0.45782,-0.82217,-0.32937,-0.38681,0.059199,-0.048045,-0.67761,-0.17205,-0.21829,-0.29045,-0.49722,0.009161,0.29992,0.74441,-0.13583,0.12402,0.20353,1.082,1.0336,0.72752,0.89945,0.88872,1.0279,0.074586,-0.046804,-0.48723,-0.2777,-0.49326,-1.8454,-0.79382,-0.54211,-0.48617,-1.0672,-0.40572,-0.4197,-0.36233,0.099903,-1.5157,-0.48085,-0.77269,-0.037609,0.45203,-0.48924,-0.12188,-0.44842,0.69519,0.32021,-0.84292,0.19214,-0.72938,0.4157,0.36531,-0.18512,0.55634,0.61319,1.003,0.83259,1.1285,1.0474,0.83927,0.80966,0.063627,-0.47177,-0.24115,-0.66912,-0.7514,-0.8925,-1.1173,-1.3909,-1.3754,-1.2711,-1.4228,-1.4292,-1.5155,-1.2874,-1.3774,-1.1878,-1.3391,-1.5941,-1.4526,-0.9992,-1.351,-0.76014,-0.4177,-0.39943,-0.1879,-0.66322,-0.58685,-0.34282,-0.17736,-0.040103,-0.80554,-0.18852,-0.19569,-0.11357,0.10529,-0.84751,-0.35517,-0.14117,-0.49295,-0.067954,0.058467,-0.39412,-0.29062,-0.22407,0.0099137,0.48223,-0.6338,-0.65915,-0.37097,-0.070757,-0.35441,-1.1104,-0.64765,-0.74724,-0.32463,-0.15957,-1.0816,-1.0528,-1.1448,-1.1145,-0.66998,-1.2037,-1.7664,-1.5423,-1.752,-0.85791,-0.66685,-1.1258,-1.0954,-1.1096,-0.34693,-0.52459,-0.46987
-0.29467,-0.12579,1.4181,0.39047,-0.25731,-0.22086,1.0463,1.0541,0.47137,0.86543,1.3218,1.4847,-0.107,0.37985,1.5852,1.5869,-0.56744,-0.23051,0.55891,-0.29761,-1.0195,-0.32373,1.1266,0.60802,-0.58143,0.9094,1.6631,1.8468,0.17192,0.77486,1.1766,1.2236,-0.35113,-0.56584,1.1575,-1.0319,-0.43249,0.22642,0.93393,0.10207,-1.7682,-1.4457,0.31117,-0.89845,-1.182,-0.99454,-0.26309,-0.49264,-1.6552,-0.14418,1.061,1.2556,-0.2585,0.48893,0.73941,-0.73716,0.36805,-0.41554,0.03206,-0.62745,-0.9932,-2.0729,-0.90032,-0.26985,-0.8374,-0.55595,-1.0439,-0.15036,-0.19971,-1.1957,-1.4565,-0.78247,0.96606,-0.42685,-1.0353,-0.75633,1.1123,0.28308,-0.36736,-0.31139,-0.22221,0.45089,-0.79005,-0.32874,0.99021,0.90372,0.043239,0.57009,1.0071,0.98163,0.58433,1.4174,3.1227,1.6274,0.67806,1.1478,2.2885,2.456,1.6084,-0.4449,1.6936,2.924,2.0425,0.07923,0.95974,1.4894,0.85722,-0.78279,-0.37242,1.409,0.76167,0.56297,-0.40622,0.57903,1.3848,0.088647,0.059066,-0.39293,1.3649,1.3846,-0.02799,0.59491,0.36613,0.93122,0.43228,0.87032,0.69458,1.5419,1.0198,0.50085,0.81617,1.6927,1.8275,2.257,1.8484,2.4772,2.403,1.9593,0.80892,1.8197,2.5004,1.4176,0.87581,0.651,0.13472,0.28665,-0.4773,-0.62051,-0.50128,0.76937,-0.44733,-0.59087,-1.1529,-0.25218,-0.9453,-1.5342,-0.47212,-0.032647,0.76525,-0.55857,-0.36194,0.12146,0.93424,0.26129,-0.95476,-0.6663,0.76704,0.29287,-0.54457,-0.72058,-0.01095,0.71901,-0.23876,-0.65236,0.67518,1.362,1.4751,1.4634,0.23228,1.3194,1.7211,0.63077,-0.78783,0.46854,1.7731,1.1811,0.096632,1.3176,1.0608,0.93931,0.40976,-0.12306,1.1935,0.91618,0.42584,0.12782,0.93904,0.86095,0.62263,-0.77007,0.48313,1.5338,0.73135,-0.26186,-0.63625,1.1494,0.91644,0.92312,0.09199,1.1891,1.0863,0.23974,0.040035,0.45834,1.285,0.27313,-0.46059,-0.15958,1.4067,0.95788,0.66425,0.95401,1.3265,2.1114,1.7689,0.71823,2.5338,2.864,2.0088,0.46479,0.9012,2.9495,1.6367,1.4108,0.61177,2.6159,2.3411,1.8392,0.67009,1.4283,1.629,1.2973,0.7234,0.95275,1.2788,0.51687,0.49254,1.2151,1.1563,0.38241,0.37851,1.2543,0.95978,0.25799,0.041249,2.258,0.60353,1.0116,0.98129,2.4822,2.6142,0.023566,0.33528,1.4531,0.85737,0.50361,-0.69569,0.13033,0.97581,-1.0422,-1.9044,-1.6502,-1.5052,-0.38605,-0.9212,-1.7802,-1.2923,-0.76539,-0.042058,-1.3452,-0.56159,-1.3613,-1.4682,-1.6495,-1.5864,-2.2378,-1.6194,-1.1193,-0.4554,-1.3595,-1.3508,-1.3601,0.12905,-0.15747,-0.27211,-0.42638,-0.16598,0.70356,1.1155,0.36139,-0.61575,1.0598,0.15862,-0.033229,-0.85153,-0.62191,-0.46241,0.65927,0.30042,-0.62007,-1.1059,0.41417,0.69612,0.66885,-0.57505,-0.47415,1.5716,-0.45261,-0.26895,-0.90711,1.345,1.1303,-0.35978,-1.022,-0.23441,-0.042516,-0.47616,-1.8237,-1.2101,-0.6654,0.083794,-0.39046,-1.2069,-0.43252,-0.21597,-0.70404,-0.86664,0.03166,0.34311,-0.94984,-1.3419,-0.14678,-0.27011,-1.317,-1.9326,-0.10095,-0.64462,-1.5382,-2.1858,-1.4393,-0.50279,-0.80748,-1.9222,-0.32779,-0.0014476,-0.39369,0.39323,2.0415,2.0236,0.95685,-1.0148,1.6429,1.3571,-0.074706,-0.23837,0.36923,1.616,0.084676,-0.62309,-1.1037,0.70654,0.51884,-0.63725,-1.9818,-1.3774,-0.6166,-2.1968,-1.2885,-1.4904,-0.1621,-1.1305,-2.1325,-1.901,-0.73397,0.25714,-1.8061,-1.3416,-2.0034,-0.83355,-1.3736,-1.4355,-1.621,-2.0664,-0.35205,-1.1131,-1.8698,-1.6647,0.4697,-1.0202,-2.0554,-2.3353,-0.72815,-0.056345,-1.0093,-1.3562,-0.71648,0.20966,-0.0037661,-1.0027,-0.78208,0.90439,-0.42093,-0.64707,-0.5387,0.74905,0.45443,-0.79052,-0.72408,-0.37066,0.15557,-1.6549,-1.0306,0.95474,0.23905,-0.92567,-1.4111,-0.36134,-1.1534,-1.6441,-1.9431,-1.2342,0.41042,-0.29463,-1.6374,-2.3093,-0.6355,-1.3824,-1.799,-2.1532,-2.0137,-0.74213,-0.15427,-0.66189,-1.7274,-0.68613,0.67329,-0.4149,-1.6952,-1.2622,-0.2667,-0.48041,-1.9377,-1.4908,-0.56052,-0.38633,-1.4976,-1.9255,0.091153,-0.30803,-1.0787,-1.6944,-1.7203,-2.191,-1.1577,-1.0112,-2.0998,-2.1185,-1.7007,-1.0171,-1.0696,-1.4251,-1.0621,-0.96507,-0.22892,0.24071,-0.20147,-0.71324,0.72991,0.089911,-0.99857,-1.0716,-0.88999,-0.46683,-0.99477,-0.71059,-1.4295,-0.33817,-0.47355,-1.6295,-2.1742,-0.3336,1.2117,-0.074746,-1.6334,-1.1344,-0.89283,-0.20494,-1.4234,-1.7046,-2.6339,-1.6744,-0.63677,-1.0621,-1.9437,-2.0475,-1.5142,-0.85047,-1.0733,-1.4529,-1.2568,-0.75543,0.4441,-0.92917,-1.7558,-1.3059,0.042563,-0.58908,-1.6625,-1.8445,0.39809,-0.30941,-1.2459,-0.59017,0.39566,0.82242,0.23062,-0.031624,0.7285,0.43755,-1.0605,-1.0503,0.69615,0.70903,0.17726,-0.38876,-0.79763,-0.27231,0.43787,-1.0257,-1.9125,-1.434,0.20355,0.29014,-0.71272,-1.6705,-1.3737,-0.39168,-0.88839,-1.5192,-1.7074,-0.38175,0.026161,-0.68042,-1.7013,-1.6961,0.0013403,-1.9202,-1.52,-1.8354,-1.0843,0.066477,-0.80032,-1.8764,-1.4651,-0.27129,-0.52628,-0.5426,-0.93465,0.07793,-0.37089,-0.73687,-0.94725,-0.23742,0.61548,-1.3468,-1.6184,-2.2023,-0.85482,-0.64133,-1.367,-1.7808,-0.61122,0.22472,-1.5114,-0.882,-0.59134,-0.082019,0.44786,0.088941,-0.21711,0.78392,-0.12744,-0.43459,-0.65956,0.82411,1.2065,0.15525,-0.68084,1.0222,0.66317,-0.57035,-0.94086,0.17099,0.8342,-0.62865,-0.77669,-0.080572,-0.27277,-0.49688,-1.3284,-1.2394,0.17912,0.65114,-1.4279,-1.3091,0.20419,0.039979,0.84104,0.14338,-0.15757,0.86717,1.32,1.3389,-0.02894,1.3801,1.7719,1.4064,0.77459,0.82821,1.9252,1.7259,1.0615,0.12468,1.3892,1.471,0.3343,0.17871,0.057444,0.18679,0.017081,-0.50328,-0.69144,-1.6751,-0.77098,0.19877,-0.87538,-1.1419,-1.3765,-0.15938,-0.015091,-0.93827,-0.76726,-0.36924,0.51402,0.16328,-0.80629,-0.89622,-0.71561,-0.17311,-0.37967,-1.3024,-0.80944,-0.30853,0.0027464,-0.90075,-1.2334,-0.72179,0.44302,-0.68194,-0.82272,-1.387,0.54197,2.3128,0.55372,-0.56399,1.0531,1.1813,0.99989,-0.47985,0.31111,1.0458,-0.047997,0.22813,-0.51137,1.0481,0.82465,0.0051846,-0.526,-0.95134,-0.074258,0.64656,0.15984,-0.88163,0.76361,1.4977,1.0684,0.65129,0.16167,1.9988,2.0525,1.5891,1.5029,1.0864,2.8596,2.5762,1.8718,1.2714,2.1971,2.8159,1.0997,1.284,1.6288,2.1683,1.0803,1.2236,1.3066,1.9975,1.3577,1.0887,1.288,2.0821,1.9538,0.21069,0.41895,0.82324,2.4672,2.1955,-0.38017,0.75041,2.2012,1.5556,0.60948,-0.55758,0.66229,0.96008,-0.77513,-1.154,-0.99474,0.73058,-0.45376,-0.66946,-0.77847,-1.4338,0.025211,-0.10324,-0.80451,-0.54417,0.24987,0.91663,0.8018,0.073779,0.33336,0.43248,1.2385,-0.0857,0.10344,1.2462,1.628,0.53376,0.22792,0.81869,1.5233,1.6084,1.1378,-0.063898,0.22847,1.4968,0.92237,0.14528,-0.57498,0.85322,0.98224,0.48369,0.03571,-0.72886,-0.11438,-0.46082,-0.56824,-1.1765,-1.0965,-0.78885,-0.5417,-1.2314,-1.0064,-0.12177,-0.057184,0.075066,-0.17379,0.62296,0.88969,-0.1641,-0.2248,0.1025,1.3722,1.3128,-0.1271,0.26897,-0.70602,0.34334,-0.75796,-2.198,-1.9748,-0.37353,-0.22232,-2.1041,-0.51744,-0.88209,1.3231,0.83325,-0.82598,-0.23908,0.98315,1.1942,0.62295,0.15077,0.30801,1.0766,0.42334,-0.48994,-0.74768,0.3319,0.3058,-1.0863,-1.2109,-1.1357,-0.32211,-1.7442,-1.6251,-2.1486,-1.2013,-0.11675,-0.63727,-1.5156,-0.75255,-1.2059,-0.2291,-0.12092,-0.8563,-0.10201,0.40559,0.74654,0.66604,0.52747,1.2688,1.8113,1.3074,0.69251,1.5844,1.9653,0.8994,0.78194,0.72253,1.6128,0.50653,-0.11761,-0.19727,1.6354,1.3433,0.66863,-0.59536,-0.49467,0.59642,-0.47941,-0.041446,-0.27709,1.0074,0.43265,-0.57441,0.13769,0.079328,0.35084,-1.3923,-1.9304,-0.74641,0.33719,-0.70815,-0.4456,-0.26831,1.2511,0.97194,-0.24603,0.81223,1.33,0.61873,-0.066824,-0.045681,1.7869,1.0337,0.75986,-0.36893,0.19721,1.1665,-0.34558,-0.91369,-2.1531,-1.5648,-0.76853,0.23803,-2.0236,-1.6484,-0.15795,-0.16541,-0.58352,-0.66974,0.051241,0.34625,-0.21184,-0.72941,0.58005,1.1886,0.09832,-0.74943,-1.2369,-0.34883,0.081044,-0.81554,-1.1447,-0.91509,-0.47641,0.16454,0.023939,-1.1191,-0.34491,0.51566,1.6409,-0.04318,0.35513,1.5487,1.7959,0.93073,0.21038,1.2154,1.9023,1.0296,0.83231,0.13852,1.3566,1.7815,1.1611,0.31049,-0.58255,0.15087,0.12194,-1.5923,-2.5997,-0.20435,0.86904,-0.55169,-0.96646,-0.11771,0.92039,0.52979,-0.37718,0.38113,0.81358,0.27824,0.46346,-0.97824,-0.56266,0.3763,-0.40834,-2.2823,-2.4831,-1.4717,-1.1162,-0.83998,-1.2788,-0.29242,0.32876,-0.47698,-1.6974,-0.74153,-0.058682,1.0563,-0.78852,-1.0728,0.19394,0.21489,-0.19617,-0.55983,-1.3273,0.43004,0.60322,-1.1448,-1.4286,-0.94911,0.80402,-0.33325,-0.20869,-1.0323,-0.47592,0.37342,-0.98849,-0.46636,-0.68279,0.074789,0.34432,0.392,0.21669,1.061,1.9026,0.92965,0.34173,0.52533,1.6258,1.1239,0.3179,0.67401,0.97729,1.1316,0.69635,-0.10461,1.0221,0.58679,-0.40478,-1.6443,-0.80027,-0.68043,-0.47329,-0.68039,-1.903,-0.98614,-0.20952,0.65658,-0.2246,-0.65517,0.38739,2.0268,1.731,0.88886,0.81263,1.139,1.7334,0.49663,0.36593,0.30496,0.78478,0.83737,-0.19245,0.093542,-0.97808,-0.65842,1.2688,-0.091332,-0.48952,-0.15069,0.42139,0.053075,-0.85354,-0.45749,1.1184,0.9048,-0.85383,0.021974,1.9296,1.4249,0.40538,1.0354,1.3657,1.3987,0.60889,-0.04337,0.13031,2.1494,0.47835,-1.0965,-1.2,-0.7021,-0.12837,-0.21898,-1.1648,-1.5095,-2.1259,-0.88098,-0.41741,-0.49423,-1.0648,-0.52897,0.0033631,-0.22646,-0.42566,0.3109,0.64404,1.4782,1.3988,0.59272,0.68003,1.8081,1.4566,0.23911,-0.7296,-1.0192,0.27455,-0.3683,-1.4394,-1.4188,-0.64903,-0.2079,-0.46022,-1.1775,-0.35487,-0.014094,0.1682,-0.54693,-1.3727,-1.3197,-0.34567,-1.0788,-1.969,-1.6484,-1.385,-1.4785,0.21806,-0.4449,-0.49981,-0.3651,0.33137,1.1355,0.76199,1.1447,0.86111,1.4275,2.4054,1.4027,1.1415,0.75429,1.4757,1.3549,0.90775,0.28364,0.46387,1.1809,0.67295,-0.44565,-0.10173,0.0065058,1.1406,0.53231,-0.12623,0.7405,1.74,1.5907,0.71569,-0.3342,0.40672,1.3638,0.53342,-0.042146,-0.69216,-1.425,0.26847,0.58428,-0.4946,-0.31067,-1.3947,-0.22719,0.25748,-0.070847,-0.7161,-1.2376,-0.54443,0.49672,0.12361,-0.35088,-1.1322,-0.059853,0.23779,-0.01932,-0.29473,-0.42102,-0.37619,0.1997,0.93549,1.2036,0.5149,0.40414,1.0617,1.6982,0.92959,0.14543,-0.10799,-0.048191,0.75657,-0.036714,-0.64892,-1.1074,-0.87403,-1.1746,-0.021775,-0.8938,-0.72708,-1.067,0.30789,0.022894,-0.66827
-1.0478,-1.652,-2.1614,-2.0946,-1.7563,-1.0397,-1.9129,-2.2194,-2.1347,-1.8348,-2.2175,-1.4722,-1.6564,-1.7109,-1.9076,-1.5407,-0.85266,-1.4385,-1.7352,-1.2791,-0.6186,-0.95041,-1.4175,-1.5959,0.0043794,-2.077,-0.54251,-0.8365,0.16404,-1.165,-1.9356,-1.2615,-0.01156,-0.664,-1.3187,-0.50942,0.061709,-0.70558,-0.52626,0.33267,1.0773,0.27982,0.16952,-0.173,1.3225,0.66898,-0.17986,-0.88539,0.60388,-0.21897,-0.72179,-0.93251,0.0065285,0.59658,-0.75192,0.052183,0.89378,0.73757,0.11265,-0.37863,0.43651,0.59658,0.93525,0.36162,0.20664,1.0482,0.25545,-0.48886,-0.32561,-0.66822,-0.14406,0.056393,-1.0713,-0.18576,0.2901,-0.39763,-0.32848,-0.81231,-0.12776,-0.0060641,-0.16889,-1.4417,-1.1444,-0.62546,-1.3249,-1.4837,-0.86771,-0.94352,-1.8259,-1.6375,-0.65606,-1.4599,-2.0994,-1.8534,-0.77841,0.0099363,-0.18954,0.030921,0.028223,-0.53873,-1.6832,-1.3065,-0.3794,0.60714,-0.49577,-0.056536,0.3082,1.461,0.77658,0.347,0.10005,0.60998,0.85619,0.50467,0.78269,-0.0026018,0.76004,1.2241,0.78218,0.25975,0.28605,0.59725,0.68886,-0.96946,-0.46338,-0.13076,0.4693,-1.0607,-0.49899,-0.7106,0.33512,-0.48422,-1.0207,-0.94848,-0.40533,-1.0616,-1.1539,-0.75418,-0.63161,-0.20869,-1.119,-0.50626,0.046334,0.7066,-0.70658,-0.33159,-0.8264,0.10121,0.80511,-0.71219,-0.88397,0.045349,-0.44326,-0.58068,0.53957,0.20617,0.25793,0.49399,0.26919,0.035897,-0.39091,0.23221,-0.20142,0.33954,1.0026,1.3283,-0.16115,-0.07718,1.4844,1.7717,1.0837,-0.012074,-0.095794,0.15539,0.35736,-0.99332,-1.0534,0.5421,0.28131,-0.79613,-1.015,-0.25857,-0.11051,-0.25866,-0.4423,-0.42394,-0.28551,-0.36584,-1.0798,-0.27372,0.0015284,0.33098,-0.62417,-1.1084,-1.208,0.049039,-1.182,-1.0131,-0.41366,-0.57602,-0.56487,-0.45135,-0.47989,-0.2627,-0.016407,-0.33807,0.83657,0.77732,0.31067,0.14896,0.67083,0.76534,0.78436,-0.50476,0.86468,-0.10004,-0.95814,-0.37199,-0.508,-1.7177,-0.79308,-0.71612,-0.99611,-1.5472,-0.41171,-0.78847,-0.43431,-0.94872,-2.1976,-0.40538,-0.20069,-1.7631,-0.39346,-0.63166,-0.65558,-1.8755,-1.8072,-2.6638,-0.58367,-1.4652,-1.501,-1.5207,-1.4174,-2.7734,-2.1869,-2.2504,-1.4901,-1.8436,-1.7292,-1.5638,-1.1908,-0.079944,-0.6734,-0.15863,0.58575,0.086769,-0.091633,-1.4515,-0.76203,-0.84602,-1.9166,-1.1348,-0.43699,-1.3883,-1.1588,0.90879,1.8283,1.106,0.40998,0.093255,0.26684,0.93747,-0.33953,0.23239,-0.08574,0.66775,0.80915,0.74583,1.2725,0.70452,1.0472,1.5311,1.2974,1.0149,1.2647,1.1857,0.73058,-0.82702,-0.63207,-0.082936,0.70725,0.3181,-0.79564,-0.11584,-0.022519,0.39694,-0.090935,-0.82249,-0.1934,-0.84173,0.8142,0.51903,-0.40484,-1.3924,0.40836,-0.21151,0.035588,-0.64898,-1.02,-0.61631,0.18931,-0.1726,-0.56732,-0.39329,-0.036774,-0.38887,-1.8405,0.029273,-0.055425,0.70555,0.32398,-0.15663,-0.32361,-0.13517,-0.089945,-0.17854,-0.050407,0.0094372,-0.099401,-0.25472,-1.4629,-1.461,-0.26433,-0.53174,-0.68925,-0.5252,-0.14705,-0.25707,-0.37136,-0.15488,0.57437,0.02263,0.089172,0.36951,0.86963,0.92365,-0.38349,0.10429,0.74069,0.62222,-1.1192,0.52346,-0.44287,-0.58651,-0.99878,-0.11586,0.83206,-0.036667,-0.49924,0.26944,0.98496,0.99475,-0.98839,0.16059,0.15852,1.1606,0.29398,0.064118,0.43931,1.5314,0.96804,-0.33122,0.36896,1.4433,0.96482,-0.37154,0.57029,1.1265,0.93728,-0.51648,0.046823,0.33598,0.63164,0.21306,0.35875,0.83889,1.5472,2.0132,0.54521,0.92803,1.2315,-0.17938,0.59666,-0.31502,0.66106,0.39429,0.38145,-0.95391,-1.7309,0.44351,0.1609,-0.2736,-1.0332,-0.42387,-0.21014,-0.10284,-0.9457,-0.55727,0.34546,0.41886,-0.77215,-0.38943,-0.25895,0.16848,-0.88856,-1.1135,-0.73362,1.0304,0.18516,-0.29293,0.68958,0.8155,0.04947,-0.47314,0.17338,0.92789,0.31618,0.27437,0.79931,1.3831,1.3563,0.70885,0.72835,1.3058,1.1716,0.38901,0.67056,-0.38601,0.11875,1.4072,1.2778,0.47169,0.80188,1.1441,1.8805,0.84281,0.38971,0.67529,1.2628,0.15772,-0.24641,-0.63374,0.84214,-0.21639,0.42416,1.0019,1.4978,1.0261,0.33972,1.0614,0.83351,1.0033,1.0637,0.60886,-0.96199,-0.79057,-0.034721,-0.20781,-0.75482,-1.0523,-0.088453,0.64916,-0.26155,0.7601,0.38527,1.5443,1.4668,0.77222,0.55667,1.6625,1.2121,1.8609,0.77706,0.21035,0.29959,1.698,0.073118,0.03901,1.4182,1.8681,1.0355,1.1862,0.43218,0.67682,0.77266,1.0072,1.0772,0.80687,1.395,0.56012,0.52887,0.17449,-1.2494,-0.57803,0.062415,-0.010511,-0.45755,-0.079257,-0.42634,0.48992,0.11319,0.0080191,-0.4974,1.3606,0.7486,-0.37627,-1.2001,0.78093,0.38407,-1.6157,-0.6313,-0.56986,0.0054894,-0.62153,-0.38685,-0.020975,0.81325,0.24733,0.35799,0.68179,1.0608,0.69613,-0.67825,-0.64979,0.44197,1.1333,0.30681,-0.22299,-0.012822,0.54197,0.8103,-1.1796,-0.66139,0.010047,0.51288,1.1421,0.9081,-0.31737,0.84964,0.25873,1.7088,0.70157,0.99633,0.78204,1.2848,0.68551,0.41746,0.8463,0.61069,0.69134,-0.47313,1.2999,1.496,1.1408,-0.029438,0.96341,1.6843,1.2123,0.019996,0.43404,1.392,1.2456,0.92028,0.51688,1.0573,0.33088,1.1578,0.52765,-0.72327,0.26253,0.5664,0.49278,0.046848,1.2427,0.39302,0.12838,0.64766,0.65669,1.0079,1.352,0.89412,1.2452,0.85414,0.17767,0.45957,0.25712,-0.38407,1.7072,0.76386,0.29349,1.3804,0.88477,1.2058,0.39944,0.19106,0.57566,1.0716,0.71485,0.61539,0.61759,1.8133,0.52033,0.82172,0.89019,1.6475,1.1766,0.55618,0.65026,1.4745,1.2387,0.76819,-0.15345,-0.6785,-0.16903,-0.869,-1.2373,-0.38772,-0.011987,0.16229,-0.78373,-0.61574,-0.21428,0.48226,-0.15227,-0.044555,-0.15537,1.0174,1.7957,1.1652,1.0954,1.2723,1.0328,1.1887,1.5838,0.33157,0.57645,0.82866,0.4255,-0.73746,-0.36276,0.43516,0.60464,0.64856,0.85017,0.54979,1.3413,1.3089,1.4199,1.2473,1.7507,1.0141,1.167,0.60738,0.52009,0.71758,0.67762,0.39576,0.53586,1.0291,1.1008,1.1489,0.19703,-0.041362,1.1019,1.6113,1.3011,0.55843,1.1483,1.6493,1.4289,1.0206,1.22,1.3268,1.846,2.3277,2.0498,1.5861,1.2838,1.0642,0.90962,0.57869,0.94715,0.54997,0.073293,-0.57737,-0.1565,-0.19744,0.76814,0.040435,-0.78,-0.3779,-0.57131,0.66216,0.1196,-0.21434,0.60301,0.0084301,0.29313,0.071306,-0.029004,0.26787,0.61838,-0.099557,-0.068345,1.4926,0.40604,0.35428,0.14966,1.3924,1.1278,0.082494,0.40513,0.72173,0.79973,-0.53819,-1.0552,-0.080726,0.11928,0.83847,-0.77967,-0.52989,-0.41648,0.61758,0.45578,0.70454,0.67426,0.77275,1.0538,-0.4564,0.13127,0.23595,0.4119,0.18403,-0.77813,-0.55336,-1.0475,-0.030258,-0.12391,-0.55867,-0.47505,-0.38775,-0.21022,-1.0868,0.14191,0.20613,0.71495,0.047002,-0.30476,0.21082,0.22251,0.59166,0.086449,-0.82753,-0.53124,0.87693,0.67307,-0.18168,0.47612,1.1803,1.0616,0.86665,0.95604,1.4659,1.0853,1.537,0.75329,0.86638,0.61479,0.8247,0.095486,-0.40117,-0.36624,0.76121,0.42262,-0.37625,-0.029591,-0.11762,1.0276,0.47002,-0.031284,0.21317,0.9466,1.3573,0.99492,1.2118,2.1654,2.6569,2.4603,1.6672,1.9746,2.0852,1.1155,-0.24715,-0.45161,0.41741,0.94316,0.28347,-0.53638,0.51375,0.25366,0.51819,0.36167,0.091101,0.70046,0.44612,-0.058321,0.20698,-0.023167,1.4837,0.74275,0.74989,0.50807,-0.47908,0.91456,1.7768,-0.64031,0.40628,-0.28545,0.12422,0.29561,-0.48433,-0.42612,0.28034,0.58389,0.085656,-0.49583,-0.48722,-0.021867,-0.49979,-0.82024,-0.23025,-0.11257,0.15971,-0.28384,-0.015576,0.30313,0.37541,-0.23391,0.42213,-0.25905,0.87433,1.4624,-0.16509,0.64789,0.85771,1.4064,1.2683,0.34258,0.43788,-0.044609,0.82191,0.16137,-0.42171,0.040981,0.97382,1.2564,0.5798,0.32419,0.82594,-0.49427,-1.0944,-0.065916,0.2214,0.1397,-0.72221,0.14689,-0.14962,0.83048,-0.26239,0.25128,0.27529,0.46248,0.43692,0.43028,0.52004,0.92002,0.33337,0.87133,0.76254,0.57695,1.1208,0.80656,1.0398,0.83714,1.4073,-0.060317,-0.76766,-1.513,-0.49627,-0.86841,-0.43796,-0.10543,-0.40281,0.33642,0.90321,0.33084,0.082193,0.32021,1.303,1.4087,0.91433,2.2175,1.348,1.5186,1.58,1.4598,0.077771,0.64363,-0.40687,-0.68226,-0.43083,-0.41872,-0.59078,-1.243,-0.75785,-0.52402,-0.28523,-0.85397,-0.27377,-0.55031,0.29706,0.010291,-0.87032,-0.24705,-0.026442,0.042868,0.52837,0.69939,0.12445,0.35128,0.58134,0.95931,1.0409,-0.47567,0.32094,0.26361,-1.8611,-1.0999,-0.66626,-0.44081,-1.6896,-0.82232,0.1326,0.49296,-0.15532,-0.28043,0.42976,0.56504,0.74445,0.38858,1.0397,0.55443,1.5874,0.33184,-0.28194,-0.36546,0.48436,0.94401,0.053302,0.22308,0.65697,0.81382,-0.46428,-0.75314,-0.38593,0.9415,0.0030863,-0.66209,0.054392,-0.18636,-0.55178,0.14452,-0.39144,0.020277,0.95871,0.8143,1.4113,0.77692,0.41562,0.92889,1.0516,-0.23967,-0.2324,-0.51744,0.080311,-0.73998,-0.86284,-0.22896,0.14888,0.016523,-0.17353,-0.12458,0.78414,-0.11711,-0.47089,0.18108,1.0346,0.32523,-0.44318,0.21648,0.75349,0.52751,1.1122,-0.1058,-0.063856,-0.18358,-0.062976,-0.13528,-0.064185,0.0093954,-0.76774,-0.39767,-0.79054,-1.7874,-1.5462,-0.98381,-1.8544,-2.021,-1.7028,-0.42711,-0.32218,-0.98384,-1.2496,0.023555,0.64501,0.53239,0.17459,-0.57697,0.091627,-0.13025,0.42373,1.424,0.7439,0.17989,-0.54506,-1.0548,-1.8284,-1.4618,-0.56412,-0.58478,-1.2604,-0.55475,-0.24105,-0.58531,-1.1466,-1.317,0.20673,0.043089,-1.4303,-0.86931,-0.38824,-0.28952,-0.0020164,-0.77189,-0.76118,-0.79518,-0.57126,-0.9423,-0.40629,-1.188,-0.084855,0.17501,-0.35233,-0.7404,-1.2435,-1.3417,-1.5146,-1.2084,-1.569,-1.668,-0.73245,-0.7624,-0.19991,-0.55659,-1.0495,-0.027921,0.80427,-0.032152,-0.5014,0.18612,-0.028507,0.60261,-0.62522,-0.69369,-0.63118,-1.3667,-0.88981,-1.3378,-0.65279,-1.1281,-0.08606,0.50767,-1.0429,0.084523,-0.24483,0.35682,0.96279,0.32544,-0.13725,0.13442,0.15078,-0.38937,-1.3846,-1.886,-1.9336,-1.6774,-2.3344,-2.9597,-3.0526,-2.4344,-1.796,-1.0839,-1.6294,-0.85283,-0.32164,-0.10792,-0.34322,-0.73788,-0.44739,0.022891,-0.33014,-0.49152,-0.89681,-1.1066,-0.92007,-0.216,-0.82535,-0.78409,-0.064746,-1.0831,-0.36608,-0.43659,-0.59459,-0.065179,0.063108,-0.49073,0.020124,-0.13807,-0.32767,-0.76497,-0.41762,-0.75996,-0.075021,-0.36147,0.35852,-0.10475,-0.48252,-0.23965,-0.68442,-0.19144,0.063802,0.047332,-0.27812,0.063368,-0.81083,-0.30776,0.25316,-0.14015,-0.66547,-0.88962,-0.29844,-0.60745,-1.3626,-0.88921,-1.2108,-0.91943,0.041631,-1.0327,-0.38519,-0.047827,-0.35905,-0.40908,-0.083026,0.30934,-0.53067,0.058153,-0.31298,0.048682,-0.90059,-1.1597,-0.8997,-0.86096,-1.5435,-1.7072,-0.79362
1.9105,2.492,2.0025,1.6763,1.3197,0.80706,0.82245,0.21291,-0.031873,0.6319,0.22739,0.72125,0.6289,0.49728,1.2161,1.3599,1.1244,1.0955,1.0616,0.82091,0.79255,0.57361,-0.024787,0.52877,0.48211,0.50301,0.66388,0.70936,1.162,1.5596,1.3876,1.2447,1.6922,1.4091,0.75099,0.16048,0.37858,1.3964,0.36333,0.60431,0.28292,0.80869,-0.28543,-0.57118,-0.77963,-0.63646,-1.1253,-0.58553,-0.33757,0.3001,0.38301,-0.1008,-0.27588,1.0441,0.30996,-0.4756,-0.34761,-0.2274,0.14833,-0.57423,-0.41944,-0.24608,0.59901,-0.56555,-0.037679,0.2037,-0.031757,0.27638,-0.27765,-0.27019,0.66297,1.0943,0.88465,0.14533,0.41166,1.3005,0.87307,0.92048,1.6078,1.5036,1.1052,1.4591,1.3079,1.0364,0.97852,1.1983,1.1844,1.801,1.5529,1.168,1.4206,0.81057,1.1194,0.90211,0.83666,0.53222,0.9409,0.83475,1.6004,0.74063,2.0557,1.5541,2.4898,2.5359,3.0852,1.5755,2.2741,2.0661,1.5184,1.7142,0.94807,1.1428,0.96689,0.77663,0.57348,0.43801,0.57413,0.1518,0.70813,-0.16681,-0.87905,-1.1586,-1.4325,-1.7441,-1.828,-1.8798,-1.5025,-1.5019,-1.3495,-0.94335,-0.28196,0.73583,0.2217,0.67327,1.1638,1.5085,1.1416,2.5699,2.3413,1.8733,1.7982,0.99816,0.86495,-0.16044,0.050274,-0.42594,-0.72153,-0.4349,-0.54359,-0.28063,-0.35321,0.18792,-0.46329,-0.35935,-0.016307,-0.006649,-0.50923,-0.34286,0.14,0.68255,0.56346,0.53921,1.125,0.63754,1.0081,0.34782,0.2587,0.098631,-0.90433,-1.183,-1.5014,-1.3211,-1.3178,-1.3304,-1.1062,-0.34705,-0.051527,-0.30063,0.17561,0.20934,0.1524,0.098713,0.25848,1.059,0.96664,1.4055,1.6503,2.6027,2.0111,3.2257,3.6364,3.3651,3.1684,2.8439,2.2529,2.5098,2.6287,1.4932,1.68,0.93013,0.058779,-0.353,-0.18857,-1.0642,-0.79081,-0.34327,-0.89874,-1.1695,-1.6081,-1.3829,-1.6933,-2.0079,-1.1729,-1.1564,-0.065467,-0.34625,0.24834,0.35347,0.88377,0.83155,1.1448,1.9741,1.548,0.83617,1.038,-0.5586,-0.36593,-0.67873,-0.69731,-0.78178,-1.4668,-0.62127,-1.4885,-1.3418,-0.29353,-0.72792,-0.31233,0.18742,0.47334,0.96774,0.24571,0.10582,0.71703,0.39805,0.91314,0.9082,1.4494,2.0037,1.918,2.1029,1.8754,1.0286,0.91327,-0.21144,-0.96034,-0.86603,-0.78618,-0.27659,-0.1071,1.1801,1.543,2.0399,1.476,0.8315,0.41547,-0.70701,-0.81043,-1.1058,-0.5026,-0.47469,-0.00028542,0.4709,0.90303,0.30862,0.16744,-0.22112,-0.14695,-0.79389,-1.1539,-1.227,-0.80164,-1.5358,-0.7154,-0.60259,-0.12133,0.27536,0.014252,-0.032703,0.28067,-0.72657,-0.64923,-1.2298,-1.149,-1.3892,-1.2316,-0.545,-0.4725,-0.26783,-0.13182,0.11519,0.0043742,0.41315,-0.71956,-0.33743,-0.75454,0.14295,0.32109,0.55272,0.91863,1.0242,1.2205,0.83037,1.1257,0.92399,-0.59306,-0.75593,-0.93298,-1.1324,-1.4478,-1.1631,-0.65779,-0.68819,-0.63551,-0.66368,-0.28422,-1.0289,-1.0227,-0.68901,-0.1734,-0.41786,-0.0609,-0.30355,-0.31535,-0.32816,-0.73366,-0.59648,-0.73404,-0.56032,-1.2384,-1.0133,-0.72446,-0.35577,-0.055867,-0.39305,-0.47597,-0.079428,-0.55161,0.55973,0.27609,0.33086,0.54641,-0.6256,-0.94899,-0.57606,-0.38723,-0.43812,-1.1549,0.15563,-0.219,0.52853,-0.37358,0.35188,-0.53212,-0.78517,-0.64762,-0.23744,0.10031,-0.18475,0.20268,0.57175,1.4321,0.55536,0.83648,0.27737,1.0394,0.53471,-0.15844,0.49314,0.3641,0.43181,-0.39869,-0.086259,-0.033414,-0.12917,-0.71972,-1.006,-1.0036,-0.75641,-0.8257,-0.26459,-0.60051,-0.34096,-0.13541,0.21684,0.24657,0.5894,0.59197,0.74253,1.1331,1.054,0.62794,0.57622,0.60982,0.57735,1.0977,0.68082,0.90303,0.36779,-0.098811,-0.72237,-0.64064,-1.0251,0.36576,0.23579,0.096363,-0.025209,-0.83312,-0.63782,-1.6299,-2.6472,-2.4186,-2.4241,-2.1893,-2.3555,-1.7238,-1.5347,-0.99003,-0.86435,-0.75873,-0.0048747,0.31803,-0.027865,0.67834,0.12617,-0.2958,0.037312,0.2712,-0.15509,-0.40432,-0.10833,-0.43083,-0.6153,-0.31022,-0.30805,0.15451,-0.23349,-0.39458,-0.63484,-0.5169,-0.10994,-0.083565,0.28841,0.038475,-0.36317,-0.9762,-1.2302,-1.4474,-1.185,-1.4654,-1.7009,-0.73014,-0.68486,0.001513,-0.4371,-0.075311,-0.058801,-0.32854,-0.38439,-0.52988,-1.1424,-1.6448,-1.6599,-1.7566,-2.4457,-1.7033,-0.85693,-0.74681,-0.50781,-0.81234,-0.21337,0.027366,-0.11331,-0.27078,0.31465,-0.08829,-0.56741,-0.014422,-0.17622,-0.25794,-0.24175,0.92085,0.45718,0.67373,0.32908,-0.4766,-0.28268,-0.63566,-0.60929,-0.2971,0.49299,0.68086,0.7241,0.66644,0.26076,0.24279,0.39485,0.38817,-0.44341,-1.5872,-1.7167,-0.95569,-1.8882,-2.0311,-1.115,-0.3332,-0.22516,-0.57249,-0.052957,-0.19703,0.76414,0.49898,0.18756,0.48738,-0.33042,-0.62688,-0.53781,-0.78476,-0.76611,-1.303,-1.3894,-0.78869,-0.22549,-0.80707,-1.4809,-1.5441,-1.2343,-1.8889,-1.2577,-1.5837,-0.44407,-0.61126,-0.66952,-0.45309,-0.53835,-0.43504,-0.51273,-0.30898,0.3395,-0.18747,0.58809,0.026868,-0.54995,-0.7885,-0.28853,-0.1727,-0.054393,-0.70784,-0.38191,-0.065811,0.70513,0.69024,0.45717,0.42649,0.18276,0.14068,-0.61996,-1.1482,-1.7027,-2.2054,-2.2724,-1.8336,-1.0706,-0.89808,-0.31977,0.23481,0.4415,0.33383,0.6041,0.045793,-0.26918,0.20669,0.094527,-1.0036,-0.96195,0.26324,-0.31965,-1.0833,-1.2697,-0.85906,-0.74191,-1.1391,-1.5846,-1.3353,-0.66328,-1.7306,-2.1297,-2.0631,-1.3618,-1.2322,-0.62209,-1.0936,-0.10765,-0.60581,-0.70882,-0.50984,-0.07074,-0.20679,0.019767,0.41103,-0.418,0.66558,0.82888,0.53781,0.37608,1.1288,1.0894,1.6041,0.54797,0.53416,0.79978,0.97554,0.52298,0.58124,0.26876,0.25241,-0.6015,-0.10216,-0.25573,-0.27387,0.60034,0.42501,0.55257,0.47269,0.27888,0.035314,-0.31275,-0.35935,-0.57335,-0.6787,-0.60324,-0.57186,-0.65204,-0.38968,0.2327,-0.54265,0.33971,0.43171,0.12083,0.36649,0.31571,-0.48448,-0.78024,-1.0277,-0.70148,-0.99272,-0.21646,-0.098219,-0.22727,-0.098082,-0.46955,-0.13257,0.27672,1.1592,0.46239,0.63067,0.81578,0.77249,0.6254,-0.1571,0.81163,0.35406,0.64065,-0.45795,-1.0514,-1.0152,-1.1246,-1.2851,-2.2432,-1.4363,-1.6149,-1.659,-1.2504,-1.2015,-1.2103,-1.8426,-1.7659,-1.0595,-0.21011,-0.32793,-0.31093,-0.15517,-0.0075176,-0.27773,0.39352,0.31075,-0.45269,-0.2679,-0.86598,-0.46226,-0.8783,-0.92897,-0.38403,-0.29286,-0.069928,-0.20891,-0.51488,-0.75961,-0.44347,-0.90402,-1.1777,-0.74321,-0.33722,0.027826,-0.75525,-0.35424,-0.35636,-0.83497,-1.2893,-1.7515,-1.6637,-1.4524,-1.4519,-2.427,-1.5159,-1.1133,-1.1972,-1.1185,-0.40836,-0.53474,-0.80642,-0.60476,-0.50732,-0.85856,-0.85531,-0.56266,-0.58299,-0.019415,0.81792,1.2626,1.1864,1.745,1.4903,1.4442,1.4514,1.2096,1.2745,1.6414,1.9381,1.7405,2.0295,1.9446,2.1648,1.2284,0.84486,0.68153,0.72139,1.1441,0.96065,0.49747,0.07002,-0.32418,-0.10872,-0.72613,-1.2731,-1.3822,-1.5475,-1.3809,-1.7984,-2.2418,-1.2574,-1.378,-2.0341,-1.9032,-1.5336,-1.389,-1.3226,-1.4571,-1.9703,-0.85863,-0.36942,-0.37825,-0.95945,-0.47542,-1.4101,-1.3618,-2.072,-1.4548,-1.6089,-1.3572,-1.9039,-1.9917,-1.4509,-1.4227,-1.7602,-1.0722,-1.2052,-1.2081,-0.25639,-0.49087,0.13678,-0.087358,1.1476,1.296,0.55351,0.5429,0.77638,0.57406,0.59131,-0.62293,-0.42515,0.90998,0.11822,0.23242,0.026409,0.29452,0.49759,0.45908,0.49659,-0.017336,-0.0095533,-0.36561,-0.38779,-0.098364,-0.55104,-0.27135,0.71268,0.66698,1.5836,1.8761,1.3306,1.5348,1.7185,1.4781,1.6351,1.7233,1.26,1.4701,1.668,1.4527,1.1886,1.0385,1.361,0.73582,0.97652,0.46713,-0.081086,-0.39907,-0.13372,-0.37478,-0.82357,-0.49844,-0.21198,-0.52908,-0.44622,0.04012,0.10509,-0.45009,-0.70202,0.059126,0.34058,1.2023,0.67411,0.23707,-0.45455,-0.82165,-0.1601,-0.66391,-0.88038,-0.48437,0.58437,0.31521,-1.0632,-0.4418,-0.30163,-0.48188,-1.1407,-0.94351,-1.4071,-1.6112,-2.1362,-1.7802,-2.067,-1.9574,-2.0618,-1.9576,-2.1725,-2.2515,-2.2085,-2.4298,-3.0549,-2.4509,-1.7435,-2.2381,-1.7289,-1.518,-1.2,-0.78041,0.1647,-0.26709,0.25017,-0.17456,-0.85449,-2.1178,-2.2231,-2.2126,-1.9846,-1.7381,-0.89662,-0.32486,-0.66497,0.097305,-0.32609,1.0144,2.1102,2.2547,1.6986,1.8778,2.2949,2.2681,1.7014,1.4954,1.1327,1.1623,0.46916,-0.05213,-0.97568,-1.3287,-0.92099,-1.8214,-1.3581,-0.9325,-0.57283,-0.49389,-0.84474,-1.3481,-1.2647,-1.7452,-1.8872,-1.694,-1.7169,-0.9946,-0.31785,-0.49027,-0.011477,0.23644,0.84177,-0.31503,-1.0018,-1.3292,-1.4101,-1.304,-0.9741,-0.40705,-0.29413,0.23579,0.083458,0.35823,0.41994,0.51022,0.97949,0.53255,0.56165,-0.5252,-0.58361,-1.3267,-0.95596,-1.4308,-1.107,-0.91508,-1.5951,-1.3111,-0.89507,-1.5643,-1.2749,-1.869,-1.8502,-1.8134,-0.76067,-0.35143,-0.38497,0.71768,0.10084,0.66575,0.74736,0.35549,1.1136,1.0503,1.4498,0.49067,1.3552,1.1657,1.43,1.1216,0.90901,1.0289,0.47286,0.4063,0.15065,-0.51267,-1.4002,-1.2646,-2.4281,-2.3348,-1.7357,-1.1254,-1.4501,-1.2958,-1.4893,-1.6881,-1.4233,-1.5834,-1.3291,-1.2253,-0.55829,0.027218,0.39038,1.0551,1.0962,1.0062,0.86126,0.55221,0.69273,1.4473,1.0966,1.5166,2.4634,1.6354,1.5433,1.0041,1.2611,1.2178,0.69716,1.427,0.93152,1.2717,1.0386,0.88895,0.53456,0.4635,0.73391,0.50971,-0.023381,-0.037873,-0.53959,0.20071,0.50183,0.16205,-0.043694,-0.61429,-1.3571,-0.1188,-0.86628,-0.56487,-0.3978,-0.67728,-1.6866,-1.82,-1.6888,-1.8122,-2.0108,-1.9998,-2.3031,-1.6837,-1.3068,-0.95831,-0.81337,0.35367,1.1574,1.0934,0.84036,0.66242,1.0186,1.0091,0.93108,0.76369,0.61562,0.75352,0.23422,-0.35233,-0.67,-0.8574,-1.2115,-0.78731,-0.90921,-0.68292,-0.25745,0.71315,0.56267,0.94703,1.0015,1.6273,1.4734,1.1487,1.4653,1.2217,1.1562,0.67741,1.0252,0.26517,0.1777,0.68766,0.79572,0.8635,0.36198,0.44884,1.4041,1.1287,0.62136,1.4969,1.4568,1.1508,1.7126,1.2553,0.94026,1.1206,0.69084,0.95848,0.45077,0.76137,0.62922,0.86528,0.8488,0.25657,0.5061,-0.07003,0.43439,-0.26529,0.01525,0.30068,0.55315,0.61735,0.75539,0.80487,0.42123,0.59159,0.15202,0.47895,-0.31059,0.18476,0.5702,0.43022,0.63266,1.1133,1.3941,1.5149,1.2539,0.95481,0.95158,1.2443,0.72299,0.92118,1.3534,0.7016,1.5219,0.99682,0.57964,0.45979,0.13526,0.033956,0.50604,-0.010997,0.031822,0.048799,-0.14474,0.080483,0.06319,-0.075372,0.21806,0.90793,1.2753,1.1327,0.73724,0.72178,0.63595,1.1036,0.74623,1.3772,1.3256,1.4025,1.9973,2.3279,2.2373,2.1937,2.4749,2.5106,2.5899,2.5175,2.6479,1.8897,2.0088,1.9581,1.5284,1.3427,0.648,1.1157
-0.0016551,0.099951,0.57301,0.15816,0.55994,0.90568,1.4026,1.7523,1.6145,2.1804,2.1785,1.954,2.0299,1.6119,1.7486,1.3323,0.29281,0.50744,0.12076,-0.086591,-0.26825,-0.75947,0.043865,0.40758,-0.014063,0.29074,0.70608,0.095834,-0.91547,-0.010015,-0.040335,-0.80701,-1.3326,-1.1943,-0.44629,-0.68826,-0.19062,-0.54403,0.48926,0.12479,-0.42634,-0.26529,-0.12694,0.30036,-0.88917,-0.45935,-0.42597,-0.50658,-0.52851,-0.28387,-0.42179,-1.0078,-1.3123,-1.6136,-1.3442,-0.45704,-1.3352,-0.060686,-0.13144,0.42082,0.11373,0.073593,-0.82723,-0.54515,-0.68313,-0.95239,-0.32342,-0.70794,-1.4687,-0.6276,-0.96897,-1.2534,-0.41565,-1.2662,-1.0617,-0.72055,-0.76748,-0.33998,-1.2007,0.060986,-0.64221,-0.6789,-0.068676,-0.36244,-0.24702,-0.13735,-0.47698,-0.78797,0.3912,-0.17089,-0.13931,0.35906,0.69905,-0.12039,-0.33576,-0.15918,1.2598,0.42045,0.40242,-0.23465,0.51317,-0.30752,-1.255,-2.3622,-0.77158,0.47427,-0.29953,0.059751,0.12771,1.7849,1.1785,0.4969,0.54471,0.50251,1.2186,1.4765,0.92001,0.80992,1.0595,0.70811,1.5225,1.4611,1.7757,1.8825,1.5273,2.2112,1.8069,2.4225,2.5139,1.376,1.235,1.4338,1.362,1.6023,1.0032,0.80835,0.23324,-0.50685,-0.82339,-0.25591,0.72743,0.43837,1.2705,1.8241,2.3651,2.5936,3.2342,3.4322,2.5876,2.6536,2.3759,1.9733,2.3467,2.0504,2.2916,1.8266,2.1133,1.7137,1.7885,1.9522,1.9025,2.1329,1.5313,0.9368,1.2571,0.18135,0.72713,1.301,0.78119,0.39932,1.1732,1.8218,2.3174,0.30395,-0.0073618,0.40341,-0.90196,-0.64245,-0.22277,0.60889,1.176,0.37306,0.45153,-0.12901,0.32951,-0.68123,-1.214,-1.0436,-0.79709,-1.4503,-1.6149,-2.0123,-0.73184,-0.19199,-0.38393,-0.25928,-0.47753,-0.58681,-0.59072,-1.3324,-1.0592,-1.12,-1.0007,-1.3705,-1.2025,-0.57741,-0.38637,-0.96593,-0.67582,0.57533,-0.053458,-0.21964,-0.35666,0.60989,0.72957,0.34136,0.3536,0.53096,1.0765,1.0146,1.3545,0.97959,1.1231,1.8217,0.24924,-0.99312,-1.0626,-0.73583,-0.6799,-0.1936,0.76268,0.93335,1.249,0.43543,0.7681,1.4968,1.4155,1.1629,1.636,0.82691,1.3295,0.8378,-0.033741,0.39911,-0.20044,-1.3437,-0.70494,-1.0466,-1.0726,-1.598,-1.5593,-1.3727,-2.0473,-2.5554,-2.3484,-1.4402,-1.6151,-1.2538,-2.1229,-1.3118,-0.59669,-1.5619,-1.9082,0.047098,0.65337,-0.11073,-0.10206,0.64294,0.22048,-0.69498,-1.3782,-1.4103,-0.13565,-0.11861,0.15146,-0.26124,-0.2077,0.6598,0.26607,0.24796,-0.79237,-1.1082,-1.354,-0.58288,-0.1503,-0.63484,-0.055828,1.3078,1.4759,1.2001,1.1821,1.2983,1.9373,1.7922,-0.41173,-1.6234,-0.55874,-0.29182,-1.0037,-0.71504,-0.18355,0.27819,0.78243,0.4248,0.54092,0.4512,-0.20817,0.15786,-0.38681,-1.0537,-0.90174,-0.73672,-0.30137,-0.27782,0.47039,0.85412,1.2727,0.12804,0.79066,-0.019904,0.82048,-0.23735,-0.90453,-0.33235,-0.43888,-0.23635,-0.70132,-0.43357,0.41059,0.19556,0.61703,0.80947,0.50052,1.018,0.82613,0.072193,-0.058354,0.05736,0.22686,-0.96589,-1.333,-0.64462,-0.70891,-0.94408,-0.91654,-0.82245,-1.3915,-0.97233,-1.2249,0.59697,1.2814,1.2685,2.1381,2.6382,2.7668,1.7529,1.5159,1.8476,1.2216,0.0059087,-0.31299,0.36151,0.3989,-0.68385,-0.24754,-0.32918,-0.52711,-0.73154,-1.9697,-2.493,-1.7567,-1.7982,-1.5456,-1.1231,0.11187,0.43881,-0.36959,-0.39031,-1.1119,-1.0977,-1.4905,-1.123,-1.7122,-2.1023,-1.6131,-2.0331,-1.9743,-1.2628,-1.3228,-0.95256,-1.145,-0.74558,-0.93124,-0.5053,-0.37013,-0.16189,-0.35908,0.334,0.58421,0.059475,-0.40087,-0.98041,-0.68142,-1.4815,-1.4154,-1.6214,-0.65641,-0.82114,-0.5723,-0.062937,0.34079,0.11343,0.074204,0.19666,0.5954,-0.71126,-0.71278,-0.34961,1.0903,0.74729,0.38951,0.17747,0.34098,-0.42205,-0.51145,-0.82221,-1.1745,-0.92424,-0.82458,-1.2867,-0.86867,-0.85766,-0.077381,-0.27993,-0.52868,0.34125,1.0334,0.32784,-0.64334,-0.60098,-0.62008,-0.90731,-1.3186,-0.23031,-0.42237,0.077785,1.1832,0.53657,0.33057,0.71927,-0.97484,-0.81342,-1.5387,-1.2763,-1.1705,-0.84073,-0.68377,-1.0204,-0.49288,-0.35511,-0.291,-0.38716,0.073365,0.775,1.021,1.1576,1.303,1.1329,1.8187,2.1679,0.94545,0.71608,0.58046,0.6906,-0.39566,-1.3146,-1.9094,-1.6818,-1.1575,-1.4896,-1.0811,-0.86557,-0.81951,-0.51612,-0.35918,-0.69888,-0.45769,0.17939,0.80597,-0.50268,-0.4386,-0.99977,-1.2978,-1.0754,-1.7117,-1.1058,-0.31066,-1.3292,-0.86202,-0.30717,0.011867,0.65562,0.35777,0.80876,0.18095,0.46532,-0.0056979,-0.49954,-0.84056,-1.3155,-1.3452,-1.5491,-2.2069,-2.2613,-2.0483,-1.5294,-1.2304,-0.8456,-0.4805,-0.48314,-0.13089,-1.644,-0.78761,-1.0385,0.22219,0.047642,0.58975,1.6875,0.92761,1.172,0.89269,1.0692,1.3073,0.57374,0.4405,0.63812,0.59502,-0.27424,-0.31039,0.70742,-0.08902,0.68176,1.2188,1.1463,1.3159,1.5159,1.486,0.33076,-0.37603,-1.5241,-1.768,-2.4234,-2.3195,-1.3981,-1.0064,-0.55017,-0.46285,-0.88898,-1.1266,-1.8458,-0.3131,-0.41574,-0.39693,-0.0052262,0.97676,1.2468,0.046796,-0.056955,0.15751,-0.51908,-1.2942,-1.3495,-1.8165,-1.1165,-1.4838,-0.79276,-1.0658,-0.66221,-1.5081,-2.0683,-1.5864,-1.6299,-0.98164,-0.95728,-1.8865,-0.94862,-0.91121,-1.2393,-1.4942,-1.9244,-1.8061,-1.1796,-1.4132,-0.6827,0.33909,0.93449,1.961,1.5279,1.2254,0.27685,-0.5866,-1.0475,-0.87654,-1.162,-1.4327,-1.6954,-1.6557,-0.91608,-1.3967,-1.1874,-1.1471,-0.65405,-0.6089,-1.0329,-0.26679,0.24343,-0.16115,-0.94034,-0.81316,-1.0663,-1.4031,-0.2172,-0.31681,1.2015,2.0569,1.7186,1.907,1.5867,1.7717,1.0153,0.45535,0.45884,0.10205,-0.018964,0.20417,-0.42306,-0.60318,-0.89534,-0.96271,-0.87488,-1.0135,-0.17634,-0.2306,-0.52075,1.1796,1.0018,1.6225,1.6772,1.837,1.6016,1.4952,0.3124,-0.14098,-0.86509,-1.1135,-1.7348,-2.2274,-1.6691,-0.69529,-0.83402,-0.6792,0.30369,0.70998,0.34125,-0.040824,0.0061972,-0.49224,0.16817,-1.1514,-0.96463,-0.040076,1.5231,1.6905,1.0321,0.93629,1.2282,1.6416,0.57819,0.20483,-0.22986,-0.81874,-1.0743,-2.1416,-1.45,-0.18414,-0.22586,-0.53771,0.42633,1.3557,1.1263,1.7811,1.4016,2.0441,1.9899,2.2259,2.1962,1.4769,0.19515,0.39347,0.21855,-0.14796,-0.71923,0.13889,0.70443,0.084308,0.0054044,-0.31577,-0.16791,0.6492,0.76429,-0.33962,0.039927,-0.78827,-0.25894,-0.4534,-0.47469,0.18556,-0.3823,-0.66147,-0.21591,0.53333,0.37003,-0.047451,-0.28891,0.55698,0.88876,1.06,0.64258,1.0629,0.36443,0.10285,0.15343,0.013304,0.2401,-0.071348,-0.39803,-0.10056,0.97673,1.6128,1.1554,1.3916,1.9923,2.1018,2.8254,2.6911,2.402,1.854,0.86529,0.06915,-0.4027,-1.8314,-1.8103,-1.7701,-1.5794,-1.7844,-1.6036,-1.3008,-0.46471,-0.3511,-0.83862,0.34153,-0.49405,-0.28391,-0.60252,-1.2636,-0.63243,-0.29015,-0.7434,-0.85706,-0.9639,-0.44107,-0.45468,-0.45217,-1.4498,-0.58412,0.10621,-1.24,-0.21985,-0.083544,0.10462,1.0056,1.0969,1.1299,0.81738,1.0546,0.65138,-0.296,-1.042,-0.75028,-1.2707,-1.6314,-1.3906,-0.84194,-0.85133,-1.3155,-1.2497,-1.044,-0.48191,0.36993,0.074888,1.3265,1.4964,1.8413,2.763,2.7232,1.0586,0.91064,-0.055834,-0.68757,-2.3175,-1.9773,-0.69513,-0.041149,-0.37502,0.6066,1.1677,1.6781,1.0265,1.469,1.5677,1.6222,0.79671,0.60019,0.18764,0.011387,-0.33713,-0.68416,-0.53444,1.0845,0.51657,1.3039,1.3092,1.6523,1.4297,2.1072,2.1083,2.0622,1.2169,0.45924,0.33651,-0.18796,-1.0743,-1.7826,-1.1296,-1.1486,-1.1489,-1.1135,-0.45116,-0.11208,-0.36321,-0.63539,0.54405,-0.11725,-0.77693,-1.6397,-1.1688,-1.2786,-1.0415,-1.5331,-0.98251,0.15944,0.034163,-1.2892,-0.37745,-1.2341,-0.17265,-1.0677,-1.4821,-1.989,-1.6809,-0.37516,-0.58438,-0.85493,-0.52487,0.23738,-0.25014,-0.52873,0.38227,-0.20847,-0.95552,-0.98058,-0.28337,0.27736,0.73514,0.49013,0.62527,0.97736,0.79428,0.29282,-0.47307,-0.44544,-0.027764,-0.99195,-1.4269,-0.41435,-0.81052,0.26594,1.2348,1.6267,2.1405,1.989,2.0757,1.2608,0.36092,0.50331,-0.10149,-0.85156,-1.429,-1.6525,-1.3664,-1.0376,-1.7356,-1.2417,-0.52544,1.3683,0.30698,0.75896,1.9447,2.1031,1.8899,2.222,2.1464,2.2552,1.8478,1.2412,-0.78692,-0.6789,-1.1868,-0.86675,-1.3011,-1.0465,-0.91286,-0.40334,-0.90244,-0.61946,-1.021,-0.08646,-0.49423,-1.3896,-1.8147,-1.6379,-2.2078,-0.86908,-1.7255,0.10232,0.9251,1.4221,0.29183,0.63039,0.90148,1.1092,-0.06552,-0.79514,-0.93113,-0.87144,-0.85821,-1.3475,-1.6279,-1.6518,-1.6313,-1.7618,-1.6873,-0.070674,1.1866,1.7996,1.8531,0.71408,0.032056,-0.069374,-0.087567,-1.7235,-1.6218,-0.4468,0.1725,0.66772,0.32112,0.68987,0.81109,1.5601,-0.061383,-0.84403,-0.27526,-1.3878,-0.79951,-1.2341,-0.18567,-0.19598,0.38422,-0.20644,-0.11534,0.4792,1.0549,1.1305,1.2884,0.91639,0.9163,0.8347,-0.082787,-0.5668,-0.14536,0.36882,0.34558,0.91091,1.2768,1.202,1.1693,0.59299,0.26813,1.2545,1.0451,-0.095373,-0.034618,-0.030511,-0.96847,-1.359,-0.93788,-0.69271,0.070718,0.73512,1.245,1.0604,1.2359,0.75084,1.8279,1.592,0.87536,0.41849,0.80492,-0.35438,-1.2877,-1.4242,-1.0506,-1.5048,-1.9911,-1.772,-1.6532,-1.5733,-1.6115,-1.7021,-2.0274,-1.3846,-0.39731,0.22942,1.171,1.1923,1.7037,2.709,2.9272,2.6698,2.7045,1.9527,0.82735,-0.32027,-0.75637,-0.40008,-0.28233,0.10902,0.62563,1.1244,1.32,0.70871,0.33229,0.44598,-0.083958,-0.9749,-1.5859,-2.0943,-1.3968,-1.4883,-0.087819,-0.099716,1.2785,1.3611,1.958,1.8714,2.0006,1.8338,1.5846,1.2911,0.97386,-0.22048,-0.16216,-0.20228,-1.052,-1.6982,-2.3094,-2.2336,-2.265,-1.6502,-1.6992,-1.5523,-1.1005,0.090125,0.75092,-0.43435,0.70941,1.4694,1.0247,0.75561,-0.79655,-1.0547,-1.246,-2.0425,-2.218,-2.5378,-1.2735,-1.0328,-0.77627,-0.88088,-0.19201,0.81297,0.21773,1.1513,1.4798,1.6214,1.2903,1.0944,1.3973,1.2722,0.22132,0.69794,0.518,0.088672,0.24673,-0.14241,-0.08933,-0.020944,-0.049745,-0.51126,-1.2783,-1.1474,-0.34964,0.11911,-0.37979,0.050953,0.80917,1.0719,0.51981,0.42028,0.51722,0.73833,-0.15749,-0.14518,-0.94314,-0.50823,-0.28844,-0.28471,0.11982,-0.14802,-0.46667,0.3775,0.40141,-0.24206,0.36184,0.29568,0.95352,1.6689,1.093,1.4917,2.099,1.6982,1.9093,1.7706,1.6457,1.3085,0.70814,0.66952,0.78654,0.87451,0.43805,0.30381,1.1818,0.76134,0.85309,0.16333,-0.29374,0.12548,-1.2002,-1.7109,-1.8413,-2.3927,-1.7526,-1.0596,-1.2151,-0.98756,-0.6194,-0.15904,0.48453,1.4711,0.89,0.53305,0.49148,0.69464,0.29665,-0.33242
0.88221,0.99188,1.1421,1.3201,1.3242,1.9323,1.1574,1.232,1.3081,0.93299,0.45642,0.85444,0.30458,0.31791,-0.030993,0.73523,0.52465,-0.12831,-0.27483,0.22279,0.91301,-0.33405,-0.094371,-0.08655,0.95877,-0.11562,0.26548,0.26374,0.77239,0.28147,-0.35924,0.3388,0.67129,-0.45784,-0.29894,0.49652,0.95183,0.59312,-0.81567,-0.13998,0.02637,-0.11437,0.62826,-0.96875,-0.29631,-1.4353,0.053595,-0.89727,-0.087188,-0.46614,-0.30757,-0.0051935,-0.032248,-1.0774,-0.31402,-2.4118,-0.72664,-1.8583,0.16176,-0.027539,0.51956,-0.46132,-0.42288,0.14578,-1.0102,0.68849,0.47962,-0.49421,-0.5359,-1.1825,-0.77507,-0.1886,-0.1542,-1.9631,-0.20879,-0.74097,-0.070047,-1.0115,-1.2079,0.33731,-0.2874,-0.79632,0.11194,-0.35946,-0.36456,0.18226,-1.201,-0.20879,-0.86347,-0.45781,-1.6426,-0.53209,-1.1959,-1.0142,-1.512,-0.63513,-0.73655,-0.0055221,-0.43863,-0.46625,-2.0292,0.48556,0.4838,0.25736,-0.11573,-0.39068,0.49225,-0.16411,-1.1908,-0.77637,-0.5561,-0.5199,-0.6408,-0.70709,-0.86957,-1.0969,-0.32215,-1.6463,-0.6331,-0.97545,-1.0082,-0.29525,-0.87359,-1.0506,-1.0009,-0.7565,-0.32154,-0.61051,-2.093,-0.7701,-1.2468,-0.75694,-1.7756,-2.0385,-1.6346,-1.4221,-1.526,-1.7437,-2.6798,-2.0363,-1.5695,-1.6492,-1.2833,-1.2957,-1.8504,-0.95319,-0.57703,-0.87694,-0.94353,-2.0085,-1.5625,-1.2805,-1.5222,-1.0332,-1.3938,-1.1971,-1.0978,-0.67808,-1.1991,-0.68336,-0.54406,-1.3057,-1.1767,-1.1123,-0.9365,-0.91682,-1.4821,-1.3809,-1.086,-0.24082,-1.6123,0.2146,-0.20277,-0.32015,-0.4177,-0.56968,-0.23612,-0.41821,-0.57362,-0.5613,-0.86007,-0.12456,-1.3465,-0.90327,-0.68895,-0.33815,-1.2458,-0.59627,-0.64863,-0.61483,-0.88974,-1.2604,-0.88284,-1.3316,-0.93257,-1.4494,-1.9753,-2.097,-2.8196,-1.4428,-1.2591,-0.65467,-1.4067,-0.81095,-0.87589,-0.6676,-0.193,-0.13429,-0.41067,-1.2112,-0.023882,0.027934,0.023816,-0.32483,0.075617,-0.45002,-0.73429,-0.62476,-0.20631,-0.37307,-0.64424,0.053245,-0.97295,-0.79055,-0.61086,-0.29909,0.70411,-0.58262,-1.0174,-0.43046,-0.038682,-0.73185,-0.57945,-1.055,-1.0647,-0.60306,-1.3489,-0.23841,-0.67069,-0.28304,-1.5072,-0.54796,-1.1614,-0.54008,-0.77931,-1.6794,-0.08475,-0.95012,-0.38211,-0.76709,-0.79961,-0.1411,-0.20161,-1.2487,-1.5929,-0.89791,-0.087575,-0.29078,-0.67204,-0.58231,-0.86411,-0.67878,-0.94474,-0.89948,-0.51058,0.090284,0.36625,-0.22684,0.28817,0.6307,0.44326,0.36853,-0.76045,-1.328,-0.16868,0.066229,-0.27268,0.67789,0.19918,-0.61767,-0.32873,0.34731,0.21167,0.43025,0.49593,-0.042444,0.35336,-0.1222,0.25328,0.062573,0.43206,0.019868,-0.0087098,-0.6337,-0.36828,-0.91387,-0.22116,-0.74991,-0.61453,0.10392,-0.27982,-0.66554,-0.81147,-0.90684,-0.84172,0.50031,-0.19994,0.72615,-0.62128,-0.22097,0.24064,0.29574,-0.8437,0.043671,0.28619,1.3535,0.70201,0.37193,1.585,0.46097,1.1169,1.841,1.3342,0.77001,1.2809,0.17353,1.8121,0.82515,1.5332,0.8931,0.59628,0.83244,0.18836,0.3214,0.69334,1.1934,0.96416,-0.086054,1.0246,0.60689,0.25389,0.55165,1.2154,0.088655,0.14819,0.69282,0.5117,0.48602,0.36927,0.7535,0.80977,0.40707,1.0437,0.32641,0.23119,0.50272,0.82207,0.50615,0.51379,0.52809,0.42808,-0.1192,1.7832,1.0056,1.2057,1.5401,0.88986,1.9654,1.1564,1.8252,0.47149,0.99611,-0.13539,0.89255,1.7288,0.44091,0.68999,0.5099,0.97487,0.96622,0.81648,0.59556,0.8434,0.47215,1.0391,1.0342,0.71129,0.84248,1.2274,2.201,1.4258,1.1263,1.0225,0.91432,0.46741,0.41747,0.0076665,0.078564,0.50243,0.83705,-0.10045,0.26328,0.99192,0.5414,0.17786,-0.11835,0.3816,-0.01461,0.60427,0.49563,0.42926,0.68479,0.51688,1.1311,0.54937,0.32873,-0.69657,0.78295,0.93792,0.51692,0.56675,0.10861,0.73511,0.032935,0.52556,0.43186,0.88613,0.92784,0.96178,0.7397,1.3874,0.13365,1.1994,0.59028,1.4911,0.71756,1.3706,0.79555,-0.16781,0.27918,0.76027,0.35672,0.74534,1.0004,0.9123,-0.31236,1.0975,-0.019794,1.9377,0.029028,1.1944,0.95999,0.99666,0.88181,1.2331,1.0029,1.2604,1.5327,1.8708,1.687,1.6803,1.7285,1.0971,1.2085,0.36274,-0.073837,0.23427,0.04258,0.38994,-0.068774,1.1078,0.84384,0.99037,0.41003,0.43218,-0.21769,0.54758,0.7651,1.366,0.80306,1.4329,0.54647,0.47798,0.081103,0.29494,0.85299,-0.033192,1.4448,0.52526,1.304,2.3156,1.5519,1.5013,1.4732,1.2008,1.8441,1.271,1.0999,0.86584,0.67429,0.92389,1.2664,1.1708,1.2146,0.85265,0.61911,1.0808,1.0486,1.6235,1.9729,0.73158,1.7522,1.766,0.94866,2.2054,1.2061,1.6129,0.63876,1.2923,0.78857,0.48682,0.36381,0.8851,0.53968,0.87003,0.64621,0.05096,0.468,0.49543,0.69621,0.56806,0.83597,0.1711,0.88418,0.76887,1.421,0.99654,0.83909,1.2296,0.89121,1.0791,0.60998,0.70162,0.23914,0.35391,0.10176,0.17949,1.5495,1.5275,1.8547,1.4411,2.403,1.4718,1.9067,1.8686,2.6575,1.2984,1.7633,1.2394,0.42,0.6573,0.97545,0.35022,1.3362,1.1612,0.59643,1.2835,1.4395,1.5791,1.4492,0.72095,1.6348,1.2282,1.565,1.6118,1.2352,1.3731,0.7587,0.93539,0.77887,0.92298,1.048,0.74195,0.025466,0.34868,0.55468,0.76044,0.41467,-0.075059,0.42879,0.36479,0.50496,0.88519,0.20831,0.98161,1.0769,0.4672,0.62891,0.67496,0.58258,0.62244,0.6484,0.47848,1.2153,0.78194,0.93908,0.68939,0.4752,0.5173,1.0728,-0.024835,0.20817,0.29706,-0.2768,0.21617,0.66756,0.84363,-1.2403,-0.72563,-0.65636,-1.2088,-1.3085,-0.61211,-1.1702,-1.2117,-1.2924,-0.74518,-0.40399,-0.45456,-0.68434,-0.32505,-0.41649,0.13562,-0.2178,-0.015744,-0.26594,0.027388,-0.20243,-0.35552,-0.023351,0.11122,0.0062296,-0.44754,0.092991,0.026673,-1.5561,-1.109,0.030558,-0.45285,-0.90287,-0.46331,-0.019021,0.17147,-0.076774,-0.17398,-0.18147,0.082106,-0.29802,-0.76279,0.2429,0.14621,0.27346,0.12717,-0.17562,-0.0055616,0.37688,-0.073429,0.61693,1.0176,0.29884,0.21251,-1.4584,-0.76557,-0.73718,-0.63199,-0.68217,-0.51086,-0.10284,-0.61499,0.35979,0.17451,-0.40864,-0.28246,-0.2164,-0.24667,-0.12139,-0.23758,-0.59285,-0.69955,-0.39724,1.0429,0.20504,-0.80709,-0.046348,-0.32688,0.062846,-0.50975,-0.4654,-0.52914,-0.8074,-0.70576,-0.2388,-0.76714,-1.0048,-0.79342,-0.58072,-0.41458,-1.1333,-0.60985,-0.64543,-0.37165,-0.58504,-0.5097,0.011561,-0.1175,-0.50337,-0.96392,-0.38905,-0.086819,0.055843,-0.029914,-1.4644,-0.2556,-1.1434,-2.6569,-0.56916,-0.78857,-1.3854,-0.32457,-0.16387,0.5655,-0.021204,0.35407,0.27472,0.0057478,-0.96522,-0.4448,-1.1196,-1.0457,0.46521,0.41474,-0.20125,-0.29831,-0.10594,-0.033033,-0.48487,-0.29046,-0.12304,0.034986,-0.17785,-0.36138,-0.59126,-0.63026,-1.0607,-0.46835,-0.52122,-0.72955,-0.042846,-0.038779,-0.078649,-0.69583,-0.54524,0.22801,0.04495,-0.45626,-0.24644,-1.3825,-0.90591,-0.65458,0.047913,-0.54469,0.16067,-0.019187,0.049008,-0.26827,0.36602,0.87255,0.53683,-0.4765,-0.62345,-0.59659,-0.42346,-1.1803,-0.12722,-0.72444,-0.11795,-0.27841,-0.39285,-0.43275,0.32728,0.14517,0.48326,0.27057,-0.21325,0.096143,-0.50213,-1.373,-1.1159,0.54777,0.53586,-0.71591,-0.027389,-0.87374,-0.58301,-1.6148,-1.0459,-0.41987,-0.8177,-0.23967,-0.41512,-0.74226,-0.75448,-0.59947,-0.17492,-0.64731,-0.25231,-0.56978,-0.77542,-0.54127,-0.19364,0.32135,-0.58515,-0.081827,0.068536,-0.21261,-0.94999,-0.44189,-0.66475,-0.62721,0.018706,0.42458,0.92475,0.40534,0.096362,-0.29556,0.70044,0.19444,-0.1099,0.018369,0.49656,0.42495,0.14536,-0.037063,0.028104,0.0022674,-0.43589,0.0029832,-0.43589,0.043159,0.73723,-0.6773,-0.84519,-0.098414,0.38151,0.31975,0.52609,-0.41053,1.4123,1.5264,0.40991,1.2325,-0.16331,-0.072817,0.18998,0.85135,0.77222,1.4221,1.3538,1.753,1.2463,0.65552,0.041501,1.3802,1.2506,1.0087,0.93291,0.34834,0.2229,0.49866,0.27094,0.41084,0.18634,0.26089,0.2591,0.31835,0.20854,0.45824,0.70012,0.50968,1.1054,0.49587,0.86238,0.51894,0.32117,-0.12832,0.3266,0.3417,0.012467,0.26921,0.35343,-0.059101,-1.4238,0.34792,-0.24916,0.020977,0.40978,-0.084932,-0.18576,-0.25055,0.80212,0.52592,-0.12852,-1.1344,-0.34441,0.085822,0.56769,0.37629,0.20395,0.0057701,-0.043683,-0.20485,-0.079326,0.069406,-0.55183,0.17122,0.062941,0.17132,-1.5009,0.057902,-0.089114,-0.25069,-0.39928,-0.15831,-0.24194,-0.14849,-0.11321,0.70016,0.44595,0.83921,0.15211,0.34394,0.98117,1.522,0.025543,0.51705,-0.61022,-1.1998,-0.21021,0.12281,-0.26294,-0.78665,-0.60719,0.30682,0.22466,0.59153,0.62903,-0.45503,-0.81182,-0.79371,-0.59575,0.059519,0.40023,0.66173,0.9378,-0.36762,-0.4285,0.10596,0.39001,0.70713,-0.067643,-0.30177,0.74174,0.24313,0.46575,-0.87599,-0.07872,0.26141,0.47231,-0.23949,0.21489,-1.1522,0.6649,-0.0098454,-0.22957,-0.70659,-0.65528,-0.24329,-0.46066,-0.71102,-0.46691,-0.56687,-0.16746,-0.92956,-0.4121,0.6263,0.057412,0.1088,0.0067931,0.22851,-0.15901,-0.38845,-0.722,-0.42828,-0.66198,-0.37146,-0.10607,0.32012,0.03678,0.17258,0.44315,0.54124,-0.64863,-0.73522,-0.86785,-0.29848,-0.36683,-0.67382,-0.42881,-0.47606,1.0268,-0.54281,0.72351,-0.39457,0.040734,-0.94939,-0.70055,-0.044519,-0.60949,-0.48312,-0.623,-0.56213,-0.57178,-0.09992,0.18441,-0.7531,-0.46016,0.59027,0.95396,-1.1088,0.17547,-0.32567,0.46846,0.54829,-0.84885,0.30779,-0.57371,-0.09749,0.089268,-0.44715,-0.54202,-0.37947,0.071191,-0.77652,-1.011,-0.30721,-0.69139,-0.20003,0.029902,-0.96858,-1.1203,-0.22913,0.0072863,0.37962,-0.43951,-0.12277,-0.88178,-0.14395,-0.51556,-0.87475,0.8852,0.10515,-0.44431,-0.16879,-0.60583,-0.3789,-0.57701,-0.32374,-0.45243,-1.0396,-0.43863,-0.51459,-0.53304,-0.36427,-0.37208,-0.35874,-0.42408,-0.8321,-0.41764,-0.3142,-1.5781,-0.83743,-1.1953,-0.15996,-0.30758,-0.79099,-0.09665,-0.12012,0.098165,-0.42249,-0.16016,0.31,0.65115,0.63067,-0.57866,-0.05114,-0.28636,0.67795,0.6163,0.011476,0.51967,-0.32145,-0.034244,0.027242,0.080188,0.15417,-0.24706,0.23245,-0.47216,-1.1905,-0.26674,-0.38069,-0.17898,-0.7212,-0.90032,-0.47145,-0.48339,-0.18724,-0.65106,-0.41573,-0.64046,-0.23612,0.012608,-0.53785,-0.17443,-0.52595,-0.4671,-0.48908,0.22809,-1.1669,-0.61817,0.2664,-0.58665,-0.70557,0.063132,-0.15816,0.38282,0.77127,0.94935,0.50333,-0.041921,0.46117,0.73823,0.23573,0.11115,-0.090904,0.17983,-0.16069,0.37602,0.13108,-0.47957,-0.10702,0.012159,0.32745,-0.056425,-0.22266,-0.33519,0.025361,0.051638,0.13715,-0.45097,-0.26931,-0.26694,-0.091089,-0.25609,0.046052,-0.065249,0.57225,0.56325,0.28754,-0.34611,-0.28027,0.33455,0.14701,0.36353,0.3519,-0.6577,-0.69186,0.29147,0.42218,-1.0056,-0.73538,-0.2854,-0.028891,0.17195,0.019865
0.8851,1.1237,0.9709,0.43082,0.85016,0.53272,1.0108,1.1768,0.41994,1.1808,0.50168,-0.5793,-0.44268,0.36684,0.67896,-0.33065,-0.19445,2.1148,1.8224,0.82184,1.9134,2.6636,1.9021,0.80522,1.2392,1.2878,0.15671,-0.58304,-1.1482,-0.42282,0.10076,-0.89433,-1.1623,0.039105,0.0042198,-1.5978,-1.3311,-0.43775,0.19296,-1.4509,-1.3638,0.37016,-0.88674,-0.79679,-0.83684,-0.09576,0.50622,-0.73647,-0.79697,-0.75701,0.29007,-0.86031,0.22067,0.098895,-0.48475,-0.51329,0.08619,-0.23898,-0.16026,-0.042421,-1.1425,0.34753,0.013228,0.13837,-0.078525,-0.34556,0.16389,1.3497,0.64569,0.017587,0.0042884,-0.38284,-0.41803,-1.5415,-1.4518,-1.0255,-0.21647,-0.6741,-1.0382,0.32879,0.55757,0.2026,-0.83583,-0.47733,0.16551,-0.15504,0.22392,0.28966,0.25459,-0.81176,-1.4264,-1.2158,-0.58389,-2.1778,-1.3686,-1.4986,-0.79021,-1.1718,-1.205,-0.72155,0.47555,0.24696,-0.12798,-0.50823,0.62041,-0.11435,-1.0573,-0.89742,-0.95466,0.16396,-0.68094,-0.27864,0.065452,-0.56689,0.11784,-0.42201,0.086583,-0.49311,-0.091979,0.37161,0.12672,-0.034794,0.85092,0.64802,0.76937,0.64044,1.375,0.71583,0.87848,0.58334,-0.056697,0.34355,0.3659,-0.76295,-0.57935,0.011412,-0.19459,-0.13684,0.22711,0.85823,1.7376,0.55169,0.50048,1.4461,1.0728,0.68999,0.24582,0.5675,0.61785,0.91097,0.40054,-0.039754,0.39486,0.39646,0.93569,0.39155,-0.21006,-0.15532,0.13252,0.68282,0.66861,1.2047,2.5057,2.6705,2.5924,2.9968,2.461,2.2494,1.2869,2.3633,1.6998,1.2489,0.34825,0.10147,0.60425,0.066381,0.031636,0.060617,0.89808,0.1145,-0.03509,-1.4474,-0.67306,0.21268,-0.26065,-1.4352,-1.1744,-0.30378,-0.17835,-0.87082,-1.4226,-0.1134,0.035685,-0.27679,-0.64734,-0.68701,0.92867,0.86592,-0.41912,0.47423,1.3855,0.58016,0.42803,0.94333,0.56821,0.27438,0.24864,0.35225,0.92202,1.3363,0.62088,0.38019,0.71843,0.7169,1.5991,0.45702,1.5641,0.91681,-0.055395,0.16849,-0.50129,-0.18064,-0.44158,-0.45994,-0.8462,0.48295,0.013424,0.14711,-0.01586,0.15279,-0.95793,0.71533,0.46187,0.19962,-0.49429,0.033007,0.88644,0.91457,1.697,2.2519,1.674,1.316,1.7767,2.4343,2.6071,2.2447,1.8287,2.2565,1.7164,1.8145,1.687,1.8707,0.95153,1.7798,1.1104,0.2351,0.4438,-0.13101,0.14557,0.31861,0.040531,0.010841,0.77967,0.085039,-0.78216,-1.7997,-1.3729,-1.4679,-0.52039,-1.0014,-0.46972,-0.68823,-0.24923,-0.16043,-0.39652,0.1156,0.060243,-0.48964,-0.75921,-0.3721,-1.4218,-0.98731,-0.46115,0.56684,-0.15598,0.36578,0.95515,1.0998,0.40723,0.4447,-0.42258,0.025766,-0.86656,-1.0226,-0.48104,-0.44125,-1.2388,-0.77538,-0.46514,-0.57905,-0.73378,-0.64,0.041903,0.40614,-0.040809,0.30031,1.2553,1.4593,1.8196,1.9395,2.124,2.3892,2.0496,1.1196,2.1357,1.4582,1.0073,-0.39849,0.16315,0.52363,0.10777,0.60519,0.56001,0.36201,1.4371,1.6229,1.5353,1.3047,0.77376,1.8818,1.7095,0.96515,1.6414,1.6448,1.9355,1.79,0.87287,1.0315,0.40741,0.11375,-0.62279,-0.71511,-0.7265,-0.40657,-0.67774,-0.6634,-0.7305,-1.0386,-0.17855,-1.2333,-1.0954,-0.5945,-0.7256,0.35854,0.22693,0.47858,0.7062,0.90822,1.0258,0.387,-0.11138,-0.11776,0.054742,-0.54851,0.21544,-0.80493,-0.41778,-0.49926,-0.68937,-0.091036,0.8052,0.45755,-0.038022,-0.17,-0.48517,0.73924,-0.52675,-0.16614,-0.17246,-0.30638,0.3612,0.38743,0.94355,1.3626,1.1178,1.3843,0.91942,0.72283,0.68721,0.7689,0.16902,0.060434,0.28003,0.36403,-0.13319,0.13518,0.39374,0.6991,0.38992,-0.071089,0.4985,1.5666,0.74953,0.73462,0.75652,0.67318,0.37017,0.087357,-0.50208,-0.58521,0.27758,-0.1208,-0.82649,-0.72448,-0.61564,-0.9501,-1.4369,-1.5691,-1.1605,-0.95544,-1.0481,-1.1628,-1.0458,-1.8149,-1.3317,-1.0486,-0.31678,-1.1395,-1.4741,-0.92778,-0.43855,-0.53694,0.11817,-0.58312,0.37501,0.50069,0.6135,0.40629,-0.11459,0.13477,-0.86596,-0.08958,-0.21788,-0.6554,-0.26571,0.91238,0.14884,0.045911,-0.2247,0.60873,-0.32129,-0.71492,-0.95944,-0.689,-0.0022327,-0.93375,-0.63069,-0.69292,-1.0345,-0.34493,-0.23574,-0.10098,0.53235,0.47053,0.37486,0.023596,0.62493,0.12602,0.037994,0.30632,-0.81883,-0.4877,-0.45008,-0.31541,-1.0094,-1.4313,-0.82873,-0.22226,-1.1382,-1.7845,-1.1539,-0.20489,0.42009,0.44333,0.13184,-0.43755,1.4611,0.69823,-0.51775,-0.50395,0.19855,1.2684,-0.035123,-0.12447,0.10838,-0.21466,0.6373,0.042139,0.58177,1.5201,1.5235,1.3636,0.99716,0.70383,0.24702,-0.030856,-0.48137,-0.43894,-0.94599,-1.678,-1.3756,-1.5971,-1.2466,-1.0871,-0.048303,-0.20466,-0.28456,-0.22688,-0.021322,0.13508,-0.23464,0.026822,-0.5402,-0.36913,-0.2711,-1.3889,-0.92754,-0.77064,-0.34843,-0.20909,-1.023,-1.1834,-0.74095,-1.0182,-1.3424,-1.9832,-1.1612,-0.93513,-1.4183,-0.76452,-0.77247,-0.73238,0.014786,-0.70398,-1.0376,-0.754,-0.96497,-2.0138,-1.4571,-1.2525,-0.077529,0.3569,-0.090918,-0.43034,0.068563,0.024619,0.34004,-0.80488,-0.57906,0.1615,-0.57448,0.23942,-0.48466,0.010956,0.032132,0.19858,-0.026708,0.46051,0.68445,0.24949,-0.0042105,0.57573,1.1141,1.9488,0.6478,0.24548,0.62811,0.62702,-0.17129,-0.11864,-0.55011,-0.11726,-0.10636,-0.25361,-0.074245,-0.38029,-0.097157,0.16959,-0.65522,-0.068205,-0.29166,-0.58088,-1.5462,-1.0643,-1.147,-1.7934,-2.2403,-1.9608,-1.502,-0.30797,-1.3333,-1.1036,-0.67109,-1.1641,-1.2272,-0.95911,-0.69318,-0.80438,-0.8791,-0.91949,-0.87693,-0.016603,0.24069,-0.6703,-0.39176,0.41487,0.99229,-0.42202,-0.41381,-0.28834,-0.3201,0.6436,-0.31586,-0.7253,-0.67666,-0.34703,-1.0328,-1.4751,-1.2956,-0.92947,-0.75579,-1.3648,-1.4104,-0.9886,-0.46572,-1.0367,-1.0099,-0.91504,-0.29215,-0.30126,-0.64358,-0.51463,-0.62543,0.40195,0.092958,-0.4733,-0.022199,-0.72912,0.15884,-0.47776,-0.65849,-0.84808,-0.56667,-0.34929,-0.83799,-0.32746,-0.10586,-0.80952,0.049832,-0.67515,-0.77996,-0.32666,-0.19141,0.46653,-0.95837,-0.82496,-0.8916,-1.0184,-1.5716,-0.64132,-1.0959,-1.0713,-1.3193,-2.228,-1.5076,-1.5404,-1.5409,-1.6964,-0.98733,-0.90632,-0.40351,-1.1785,-0.9757,-0.72072,-1.0363,-0.53042,-0.59289,0.3735,0.54824,0.63256,0.94667,0.54287,0.63275,0.90434,1.0153,0.61815,0.63475,0.12038,0.25415,0.022971,-0.48971,-0.95892,-1.186,-0.29051,-0.61737,-1.0365,-1.1528,-0.6101,-0.95619,-1.2159,-1.7778,-1.4996,-1.0873,-1.5695,-1.5964,-1.4715,-1.2155,-1.1884,-1.4837,-1.1801,-0.79765,-0.80576,-1.0989,-1.0394,-0.38158,-0.31886,0.74243,1.5199,0.87773,1.2041,0.91734,-0.2219,-0.014324,-0.50325,-0.2475,-1.2204,-0.90398,-0.49138,-0.14697,-0.088887,-0.5382,-0.30567,0.41962,0.59572,0.85177,-0.1837,-0.71937,-0.2609,-0.38814,-0.5035,-0.63918,-0.49207,-0.2368,0.39761,0.40934,-0.86051,-0.21298,-0.17996,-0.50144,-0.2803,-0.25694,0.034658,0.28001,-0.31633,-0.8869,-1.1463,-0.71022,-0.087378,-0.87446,-0.46386,0.21016,0.29985,0.78862,0.53617,0.96107,1.63,2.097,1.5882,1.9533,1.664,1.6182,1.0501,0.77196,0.59498,0.28823,0.24871,-0.43209,-1.1363,-1.2642,-1.3043,-1.4636,-1.4928,-1.5704,-0.97368,-0.61439,-1.1928,-0.65279,-0.057705,1.3006,0.25765,-0.27093,0.8117,1.5275,-0.16963,-0.84787,-0.97136,-0.23176,-0.49708,-1.3778,-1.7756,-0.90008,-0.66341,-0.97564,-1.9906,-1.9537,-0.96955,-0.65049,-0.068018,-0.61735,0.11532,0.34809,0.30762,0.32319,-0.12208,0.36516,1.7233,0.69239,0.91573,0.66273,0.27817,0.84942,0.65062,-0.52894,-0.51796,-0.25722,-0.28256,-0.67568,-0.66652,-0.46135,0.062508,-0.42241,-0.75571,-0.82596,-0.81069,-0.33594,-1.075,-1.4318,-0.93801,-1.0116,-1.0414,-0.73511,0.82814,0.82832,-0.14229,0.098858,-0.059181,0.25249,-0.085584,-0.35962,-0.27056,0.35151,1.1309,1.1287,0.5568,0.74031,0.49297,0.81165,0.048958,0.48365,0.72834,1.1305,1.1785,0.93777,0.85318,0.99283,-0.035064,-0.89349,-1.2152,-0.21667,-0.24533,-0.9649,-0.33772,-0.16902,-0.39031,-0.21622,-0.86398,-0.39252,-1.2605,-0.7664,-0.86426,-0.68154,0.1153,-0.25137,0.1211,0.3433,0.97052,1.5423,2.2122,1.1341,1.8174,1.4603,0.88443,0.44758,-0.15444,0.06262,0.1032,-0.57681,-0.33223,0.52519,0.33309,-0.57108,-0.57883,0.44545,0.89572,1.3947,1.3744,0.091693,-0.23407,0.16361,0.5521,-0.091871,-0.00098103,-0.33105,-0.24416,-0.6688,-0.99903,-1.4267,-0.28456,-0.51618,-0.36496,0.11607,0.099739,0.82616,0.66222,0.65864,0.19778,-0.30235,0.20296,0.27315,0.41696,0.58003,1.6263,1.7028,1.8308,1.5578,0.65372,0.81456,0.30127,-0.13465,1.0099,-0.16952,0.10006,0.070303,0.00067784,0.011765,-0.27151,-0.29535,0.15211,0.28223,0.89395,1.6857,0.63182,1.257,1.0183,0.80938,-0.19199,0.28569,0.5616,0.25779,0.30423,-0.15383,0.3589,0.88867,0.085726,-0.20817,-0.38486,0.095778,0.12477,-0.95114,-0.20261,-0.13072,0.14155,0.036676,-0.15782,-0.34326,-0.39631,1.5033,0.73314,0.26561,0.43202,0.96945,0.90076,0.76513,0.90548,0.9871,1.376,1.0364,-0.63012,-0.31328,-0.57683,-0.66965,-1.5447,-0.52425,-0.62016,0.22371,0.083906,-0.10139,0.30983,1.0316,0.45847,0.19737,-0.096122,0.46154,1.1286,0.7807,0.39955,1.0149,0.98256,0.63031,-0.091952,0.2599,0.30314,0.47434,0.25195,-0.18072,-0.74901,-0.59833,-0.33784,0.19608,-0.64044,-0.16461,0.19943,0.8276,0.28152,0.67913,0.98366,1.7521,1.6057,2.0566,1.4454,1.4384,1.4018,1.4497,1.2383,1.0218,1.8112,0.981,0.3278,0.9805,1.0798,2.1632,1.5146,0.81974,1.7914,1.22,1.2192,0.47054,0.45865,0.41935,0.50314,0.71199,0.31742,1.2262,1.6997,2.8616,2.8369,1.7287,1.2047,2.9193,1.5205,0.92468,1.0431,1.5516,1.413,1.4213,0.94101,0.26788,0.47409,0.14246,-0.088143,-1.1363,-0.58874,-0.95068,-0.52177,-1.0122,-1.3191,-0.39265,-0.23442,-0.11,-0.27021,-1.2173,-0.551,-0.43008,-0.88404,-0.019969,-0.20575,0.68043,-0.065124,-0.66383,-1.1534,-1.5035,-0.88654,-0.93276,-1.9316,-1.2273,-2.174,-1.2196,-0.38766,-0.65536,-0.50437,0.35253,0.85007,0.41924,0.32432,0.3203,-0.28154,0.27684,-0.11998,-0.82612,-0.90149,-0.85505,0.1081,0.19487,0.056566,-0.17106,0.07185,0.53423,0.59725,0.60971,0.79074,1.0029,1.0089,1.1189,0.84438,1.1967,1.3423,1.3979,0.61834,0.54893,1.0368,1.0437,1.328,0.65405,1.1862,1.1449,0.89547,0.099855,0.077657,-0.1057,-0.092451,-0.30798,-0.032204,-0.72527,-0.60963,-0.9144,-0.54955,-0.49433,-0.70386,-0.24807,0.050005,0.093248,0.20558,0.23553,0.43918,0.60889,0.65463,0.90283,0.89716,0.62458,0.35566,0.56784,0.19642,0.35657,-0.85359,-0.93345,-1.4257,-0.97144,-0.86764,-0.5586,-0.74206,-0.35749,-0.24729,0.49255,0.059182,0.24748,-0.031218,0.076286,0.43678,0.43711,-0.032329,0.076926,0.33682,0.61582,0.47057,0.47543
-0.11332,0.10084,-0.27898,0.16164,-0.1886,0.15313,0.17585,-0.18034,-0.19252,0.36436,0.67674,0.20957,-0.53155,-0.43953,0.31441,-0.032377,-0.3719,-0.039205,0.96177,1.0552,0.21814,0.77907,1.2099,0.51149,1.1457,0.36278,-0.026795,0.8836,-0.018301,-0.0032792,1.513,-0.080366,-0.026516,1.0417,1.9505,1.8311,1.618,0.82453,1.1029,1.2545,1.1448,1.3009,2.3963,1.9317,2.2733,1.2864,1.5637,1.5446,1.6552,1.2667,1.7909,0.8733,0.48177,1.4656,1.4609,2.2141,2.3423,1.9909,2.5369,2.1743,1.2734,2.9723,2.5289,1.1925,1.0718,1.0865,0.93136,0.30277,0.70054,1.0692,0.65545,0.62712,1.1596,0.65115,0.70289,1.0202,1.4805,1.3484,1.1115,1.6572,1.5513,0.96538,0.19926,1.1863,0.9292,1.5704,-0.030894,1.3734,0.41099,1.1998,0.20247,1.2207,0.83908,1.4426,0.89841,1.4217,1.8141,2.2291,1.6538,1.0572,1.5071,1.751,1.6557,1.1341,2.7331,2.0382,1.7233,1.3956,1.8457,1.4205,2.0481,2.0255,1.9213,2.6741,2.1204,1.8083,1.599,1.9374,1.1011,1.0829,1.1953,0.59143,1.0016,0.72209,0.86871,1.0539,0.18909,1.6376,1.7992,2.1136,2.2447,2.4839,2.8729,1.2196,0.85483,1.5422,1.4668,1.5018,2.2328,2.9405,2.1869,2.4671,2.8497,1.3507,1.5551,0.89886,0.53712,0.34195,0.40808,2.1021,1.4387,1.8367,2.4663,2.2264,1.3585,2.1748,1.6738,1.5064,1.6514,1.8093,1.7485,1.4123,0.62626,1.1362,1.1923,0.87245,1.1313,0.99055,0.40489,0.49347,-0.43113,0.036429,-0.39108,-0.014393,0.43811,1.42,1.3849,1.4477,0.16882,1.0064,1.3109,1.0663,0.48907,1.0789,1.8803,1.3593,1.1479,1.016,1.6684,1.4309,2.0035,1.6899,1.8381,1.9441,1.7876,0.77707,1.9011,2.5321,1.5588,2.8187,1.1109,2.1232,2.9266,1.876,2.1915,2.4677,1.458,0.83714,1.0214,0.48114,0.67647,0.52359,-0.062729,0.82526,1.8389,1.0508,0.70603,1.1626,0.79365,1.2634,0.2495,0.21594,1.3184,1.8022,0.20549,-0.50458,0.095049,0.51427,0.35317,0.36603,1.1415,0.71981,0.97687,0.56218,2.2029,0.89728,1.4226,0.90468,1.2958,1.3507,1.6152,1.4376,1.4099,0.46985,0.64323,0.44298,-0.53781,0.67701,1.2045,0.80402,1.2209,0.37419,1.5041,0.86725,0.31588,3.2785,2.4149,1.5871,1.6031,1.7943,2.1607,2.1825,0.97075,0.30736,1.1172,0.014428,-1.7892,-0.24675,0.54556,1.4482,0.23496,0.89977,1.2684,1.0615,0.87393,0.10617,-0.15644,-0.85931,-0.76491,-0.37293,-0.16241,0.11918,-0.64897,-1.7549,-0.34715,-0.033124,0.39891,0.35848,0.53559,0.32338,-0.50666,-1.2063,-0.24047,-0.28416,0.75044,0.56566,1.8096,1.7047,1.7223,1.4904,2.0905,1.2944,0.79817,1.3529,0.97243,0.46144,-0.5341,-0.23509,-0.36378,-0.82265,-1.15,-0.2106,1.1809,0.9594,-0.16768,-0.78324,-0.36339,-0.22135,-2.1435,-1.3812,-1.8946,-1.7463,-2.2102,-2.3815,-2.5596,-1.9154,-2.382,-1.8163,-2.0238,-1.259,-0.45564,-0.34315,-0.099136,-1.4129,-1.3729,-1.4287,-1.6939,-1.4309,-1.0349,-0.92058,-1.0873,-0.91307,-1.6945,-1.822,-1.8334,-2.1963,-1.3941,-1.1643,-0.084327,-1.4485,-1.4143,-1.1951,-1.6793,-2.4458,-1.9379,-1.5693,-1.6658,-0.31749,0.02748,-0.87375,-0.47667,0.1016,-0.50238,-1.3956,-2.0243,-2.1151,-2.607,-1.6859,-1.8324,-0.37822,-1.2097,-0.10919,-0.78344,-1.1471,-0.32169,-2.5076,-1.1809,-1.8194,-1.7334,-2.5699,-1.5575,-1.6891,-0.7623,-1.1844,-2.0134,-1.8057,-2.0838,-2.3045,-2.9658,-2.5689,-2.6356,-1.7309,-1.9851,-1.5314,-0.80423,-0.73677,-0.80936,-1.0256,-1.5274,-1.7441,-0.92367,-1.4447,-0.77648,0.25787,-0.96329,-0.057522,-0.36919,-0.09937,-0.91595,-2.3747,-1.6392,-2.6608,-2.0067,-1.9977,-2.3177,-1.6753,-1.3384,-1.829,-2.45,-1.2034,-2.3112,-1.2268,-1.1493,-1.1453,-1.3773,-2.0568,-2.248,-1.5969,-0.89036,-2.2938,-1.278,-1.215,-1.2148,-1.1812,-1.1427,-2.3955,-1.912,-1.0085,-1.1547,-1.0429,-1.6856,-1.2985,-0.57116,-0.45004,-1.6205,-0.88163,-2.0961,-2.187,-2.5473,-2.5127,-2.6501,-2.0057,-1.9908,-2.0968,-2.4934,-2.7722,-2.1202,-2.2081,-3.1298,-2.4922,-1.9137,-1.4934,-1.6113,-0.941,-0.48427,-0.66455,-1.5464,-1.0882,-1.4549,-1.7717,-2.2545,-1.5615,-2.1287,-2.5901,0.050741,1.0611,-0.28162,0.73562,1.0146,0.89122,0.8551,0.76022,-0.28291,1.0785,1.1434,-0.49999,-0.95423,-0.70105,-1.3942,-2.2458,-2.0869,-0.98322,-1.1498,-2.0984,-2.3004,-1.5597,-1.8405,-2.3303,-1.3421,-1.267,-1.8247,-1.6921,-2.0214,-1.8956,-1.8656,-2.4669,-2.3555,-2.364,-1.9071,-2.0434,-2.4653,-1.6419,-1.7867,-1.4664,-1.4328,-2.0883,-1.8325,-1.6798,-1.5893,-1.4428,-0.65325,0.32094,0.44782,0.95824,-0.089396,-0.53551,0.076837,1.0227,0.020971,-0.43592,0.92813,1.0763,0.9282,0.50099,1.6339,0.62907,-0.075549,1.3188,1.4206,1.239,1.2986,1.2482,0.48053,-0.25069,-0.73416,-2.1312,-1.6939,-2.238,-2.0634,-2.6131,-2.5155,-2.4652,-0.4776,-1.6832,-2.0707,-2.1525,-1.7193,-1.6091,-1.235,-0.93018,-0.97422,0.64093,-0.36315,-0.50947,-1.0964,-1.5518,-2.176,-2.0239,-2.3454,-2.0412,-2.3026,-2.2495,-1.6921,-2.6062,-2.1162,-2.8969,-2.3267,-2.7322,-1.9924,-1.4755,-0.90939,-1.9931,-1.0922,-1.4593,-1.5296,-0.87595,-1.3827,-0.55318,-0.44257,-0.76295,-0.52237,0.1173,0.22729,0.035649,-1.3278,-0.14875,-1.1146,-0.8555,-2.3043,-1.506,-1.1212,-0.84192,-1.4119,-0.94299,-1.4314,-1.0099,-0.42974,0.092095,-0.47258,0.78364,0.81123,0.62456,0.84215,-0.19221,-0.33625,-0.068076,-0.42418,0.33499,-0.12573,0.58297,0.028702,-0.50319,0.16867,0.29537,-0.36219,0.65597,0.23045,-0.29726,-0.0017549,0.0044801,0.36534,0.33108,-0.37927,-1.0018,-0.85378,-0.79621,-1.3249,-0.85674,-1.9431,-1.2791,-1.364,-1.0532,-1.1772,0.37839,0.77601,0.35515,0.25414,-0.46518,-1.2816,-1.1754,-2.0159,-2.4136,-2.0021,-1.604,-1.9412,-1.5436,-1.8421,-0.78591,-1.7465,-1.0998,-1.3761,-2.0131,-1.4518,-1.625,-2.5843,-2.3093,-1.6565,-1.409,-0.78198,-0.71103,-0.69136,-0.74256,-0.096119,-0.53995,-1.5433,-1.9354,-1.3702,-2.222,-2.1709,-1.7228,-0.88444,-0.88523,-0.41957,-0.4561,-0.98244,0.59145,1.0833,1.225,0.9282,0.50577,0.60338,0.83532,0.53949,0.21543,0.60106,0.039757,-0.041162,-0.10229,0.018516,0.81927,1.3986,0.60213,0.64094,0.67057,0.78195,0.65454,0.37665,1.0793,1.3345,0.92405,1.9159,1.3516,1.8709,2.328,1.4282,1.7308,1.9992,1.4168,0.24352,0.10208,0.24791,0.48582,0.66492,0.68967,1.1084,0.81378,0.23051,-0.59854,-1.1468,-1.3894,-2.456,-2.2885,-2.0413,-2.0905,-1.0947,-0.80412,-0.86762,0.60821,0.25096,1.4813,1.1977,1.1479,-0.15231,0.18338,0.58827,-0.00089111,0.19699,-0.04012,-0.23842,-0.027837,0.97214,0.15013,0.63499,0.19218,0.75045,0.20907,-0.13172,-0.07771,0.11589,-0.28166,0.40661,-0.37419,0.098902,0.28924,-0.31497,-0.16322,-0.33599,-1.2116,-0.68474,-0.78142,-1.3851,-0.82083,-1.4145,-0.97604,-1.7254,-2.2255,-1.3371,-0.96603,-0.17685,-1.0019,0.5573,-0.032478,-0.63969,-1.7838,-1.4581,-1.2562,-1.611,-1.7114,-2.0967,-1.4281,-1.7339,-1.5435,-1.139,-0.87017,-0.42584,0.10623,0.42685,0.094585,-0.034958,1.229,1.0026,0.096691,1.6223,1.4404,0.73041,-0.21154,-0.24313,0.89195,0.55235,0.87327,1.331,1.7337,1.6561,1.1688,1.8835,2.3204,1.3353,0.14513,-0.45448,-1.1478,-1.0193,-0.59096,-1.2309,-1.862,-0.38909,0.84134,1.9956,1.5146,1.5631,1.8357,0.93437,0.93908,1.1506,1.0542,0.19949,0.55804,0.56642,1.0022,0.28421,0.35745,0.12498,0.74564,0.74991,0.80203,0.70646,1.2994,0.95469,0.59559,1.6087,1.4832,0.42628,-0.58944,-0.18552,-0.59399,-0.55318,-0.18786,0.032292,0.88276,0.47224,0.97812,0.36764,0.46114,-1.0152,-1.5237,-2.0755,-1.6358,-1.7877,-1.1776,-0.18283,0.99669,0.62571,0.43886,-1.9558,-1.5221,-1.7231,-2.6497,-2.4832,-2.357,-1.6865,-1.2347,-0.7686,-1.0664,-1.8265,-1.2853,-1.1094,-1.0148,-1.5702,-0.96105,-1.2806,-0.82335,-2.0792,-2.356,-1.2224,-0.93666,-0.48271,-0.56788,-1.1081,-0.43841,-1.5014,-0.66626,-1.2581,-1.4738,-1.6348,-2.1683,-2.2735,-1.9173,-1.2928,-1.2619,-0.98955,-0.89183,0.084634,0.29637,0.39374,0.26475,0.31449,0.24625,1.1547,0.69658,0.09203,-0.074608,-1.4911,-1.5505,-1.7459,-1.3462,-1.7168,-1.7771,-0.64897,-0.38627,-0.23237,-0.27949,-0.27891,-0.66568,-0.59569,-0.58621,-0.78009,-1.1173,-1.4402,-0.90213,-1.0727,-1.1439,-1.8253,-2.5793,-0.71163,-1.4194,-0.17342,-0.83071,0.0561,-1.0504,-1.5083,-1.2431,-1.1362,-1.0732,-1.5861,-1.7276,-0.78006,-0.78237,-0.032751,-0.062558,0.48872,0.21051,0.1354,-0.72138,-1.0666,-1.4079,-1.2731,-1.4279,-0.53682,-1.6293,-0.23276,-0.3647,-0.62056,-0.81,-0.97829,-0.77574,-0.54025,-1.2583,-1.8569,-1.4971,-0.41679,-0.19657,-0.14458,-0.98917,-0.48603,0.02875,0.71704,-0.82621,0.69788,0.83443,2.1714,1.6976,1.7737,1.7077,1.5109,1.2496,-0.60849,-0.25518,-0.4132,-0.59796,-0.36111,0.66941,-0.0053954,0.87813,0.14503,-0.45001,0.61511,-0.2668,0.10238,-0.39342,-1.0552,-0.31619,-0.98658,-0.31028,-0.12278,1.311,1.8971,1.8501,2.5162,1.5159,2.197,1.2338,2.3465,1.2454,1.6345,1.9222,1.0214,1.3865,0.5187,0.96014,0.59727,-0.83233,-1.48,-1.1784,-0.52443,-0.88625,-1.0526,-0.95931,-0.8289,-0.54499,-0.92999,-0.13702,-0.62875,-1.511,-1.9853,1.1228,0.9382,0.079682,0.052359,-0.29062,-0.93142,-1.3606,-1.344,-0.31265,-1.4146,-0.45709,0.21807,0.064786,-0.44075,-0.59476,-0.57932,-0.25194,-1.4569,-1.276,-1.9354,-2.3801,-1.883,-1.569,0.55511,1.0743,0.97669,1.2429,1.2764,1.1547,0.50916,-0.016178,0.26097,-0.18778,-0.29128,-0.28119,-0.51524,-0.67893,-0.20149,0.016286,-0.12271,0.83363,1.3269,1.0623,1.4628,1.0431,2.7078,2.8994,2.3875,2.0391,2.0462,1.6503,1.8474,1.2885,0.3866,1.346,0.90526,0.59393,0.84948,1.0336,2.0701,1.209,1.9046,1.5938,2.104,2.2878,1.834,1.2188,1.3946,1.0522,1.2227,0.79418,0.36736,0.53347,0.51399,0.88502,1.5953,1.7521,1.7428,0.45859,0.72239,1.0084,0.13086,0.19328,-0.29472,0.13523,0.20087,0.7313,1.6726,2.0255,2.1766,1.8939,2.4199,1.8606,2.2782,2.3004,1.9262,0.85394,1.198,1.914,1.5999,2.1167,0.97455,1.3759,1.6411,1.964,1.8941,1.5083,1.0282,1.5397,1.3023,1.281,1.6722,0.89699,1.3059,1.5056,1.1734,1.2062,0.83141,0.7609,0.83693,0.52621,1.0737,1.2148,0.54722,1.5006,1.3656,1.4829,0.90429,1.1708,1.2595,1.3454,1.4008,1.3925,1.4075,1.4484,2.113,2.3523,2.5535,2.2337,2.9945,2.8407,2.2533,2.2871,2.0617,2.1192,2.7389,1.3353,1.7353,1.5968,1.122,1.518,1.6448
-0.6321,-0.75771,-0.45472,-0.93064,-0.45693,-0.19427,0.86737,-0.080424,0.79666,0.73346,0.89898,0.33178,0.53331,-0.3101,0.32449,-0.78297,-0.73097,-0.10652,0.27929,-0.23021,0.39728,1.282,1.1441,0.89615,0.10947,1.4272,1.0816,1.1597,0.90831,1.9621,1.8362,0.98097,-0.78621,0.43237,2.0804,0.31454,1.2829,0.55244,1.5096,1.4294,0.010334,1.2487,0.7876,1.8084,2.141,1.5551,1.3063,1.32,1.0014,0.83831,2.153,1.582,0.82502,0.30255,1.2164,1.8836,1.9819,1.7394,2.0048,2.2011,2.4678,1.1983,0.3508,2.031,1.7289,0.15121,0.44609,1.2915,1.7694,1.3113,0.38834,0.73155,1.3902,1.3691,0.71225,0.38042,1.3906,1.1482,0.8497,0.25126,1.5646,0.57918,0.60429,-0.16262,0.91722,0.16546,0.52728,0.3693,0.76846,0.82773,0.50539,0.7347,0.84768,0.2619,0.1231,-0.30412,0.70975,0.54352,0.46451,-0.42919,0.20669,0.18949,0.44079,0.011425,0.27475,1.7478,0.52054,1.7156,0.36906,0.46413,1.0392,0.95562,-0.030732,-0.026128,0.66518,0.82451,0.47345,-0.35841,0.28923,0.33672,-0.04126,-0.36995,0.29558,0.47447,0.71858,0.76389,1.1439,0.2672,-0.052322,-0.2464,-0.21275,-0.65707,0.46828,-0.95091,-1.4502,-0.2016,-0.64128,-0.50617,0.18272,0.72894,0.43189,1.1955,-0.42052,0.46597,0.363,0.477,0.63417,0.50161,0.0824,0.67534,-0.50248,-0.63021,-0.82325,-0.028209,-0.65981,-0.51529,0.1001,0.51178,-0.32824,-0.12397,0.077115,0.49253,0.7506,-0.2442,-0.49038,-0.45693,1.3742,1.1191,0.099179,0.62904,0.050449,0.22249,0.37329,-0.89205,-0.58026,0.16677,0.63323,0.39769,0.1861,0.48922,0.25212,-0.18457,-0.76292,0.93031,1.4887,0.54092,0.32224,0.48122,0.57757,0.93577,-0.12041,0.63007,0.45112,0.035004,0.0084991,-0.21271,1.0501,0.76941,0.7924,-0.22503,0.8564,0.19523,0.47442,0.32914,0.18639,0.86716,0.78301,0.10132,0.22466,1.0222,0.65841,0.37167,-0.025481,0.88429,0.40969,0.80927,0.12801,-0.31087,0.50787,-0.22028,0.22982,-0.46102,-0.30749,-0.64471,-0.13176,-0.82531,0.3938,0.45918,0.89684,0.058596,0.0074355,0.43449,0.47387,-0.19028,-0.79037,-0.31802,-0.28584,-0.78046,-0.47351,-1.3546,0.52166,0.58679,0.19016,-0.009679,1.0867,-0.054853,0.30578,-0.22587,-0.045062,-0.70313,-0.36782,0.94575,0.30737,0.079458,0.65249,0.44632,0.60702,0.33243,0.82177,0.78677,-0.06707,0.0042183,-0.4754,0.24985,0.5596,0.40952,0.01785,0.028114,1.1598,1.3497,0.88266,1.516,0.80694,0.30908,0.96524,-0.24491,-0.45498,0.1077,0.16984,0.14304,-0.35654,-0.053351,-0.1277,-0.73385,-0.55031,-0.045383,0.104,0.33897,0.25922,0.69798,-0.13576,-0.26134,-0.716,-1.2061,-0.3158,1.0554,0.59118,1.3406,1.366,1.4929,0.97221,0.23945,1.4916,1.3917,0.93062,0.30819,0.80953,1.1466,0.042407,0.71875,0.41021,1.0151,0.62065,0.23299,1.8355,0.50841,0.13551,0.29494,-0.74909,-1.0316,-0.94859,-0.46104,-0.17185,-0.91125,-1.6746,-1.0637,0.0090415,0.31781,-0.3261,0.28634,0.7765,0.75712,0.081387,-0.0097182,-0.13523,-0.085846,-0.7174,-0.079492,0.59386,0.96692,-0.36565,0.013086,-0.17708,-0.033156,-0.24773,-0.20653,0.13261,0.49304,0.041342,0.40754,0.58676,0.25485,-0.081678,1.1161,-0.041395,-0.88024,-1.2418,-0.74503,0.15451,0.013616,-0.85949,-0.56932,-0.013629,-0.77928,-0.71207,-1.2601,0.63587,-0.68069,0.068723,-0.57041,0.089756,0.89406,0.25728,-0.45515,-0.51718,-0.68726,-0.11858,-1.0303,-0.87531,-0.78051,-1.2016,-1.0457,-1.0356,0.15633,0.45232,-0.29005,0.2058,-0.47203,0.59685,-0.097718,-0.72974,-0.52353,-0.68486,-0.18708,-0.25928,-0.034884,-0.20297,-0.32346,0.040904,-0.30946,-1.2798,0.051547,0.40435,0.11335,0.095445,-0.39892,0.90382,0.59992,0.48351,1.0581,1.1108,0.80206,-0.631,0.71827,1.1575,0.83711,0.73977,0.15486,0.48633,-0.42401,-0.068125,0.19327,0.52226,-0.45331,-0.33267,-0.3686,-0.35828,-1.07,-0.334,0.070331,0.39109,0.32923,1.432,0.36683,0.59118,0.12583,0.55246,-0.44839,-0.85856,-0.4511,0.15085,0.020313,-0.5539,-0.15577,-1.2175,-0.59733,-1.0157,-0.64203,-0.74042,0.22145,-0.57013,-0.21679,-0.61402,0.53261,0.68324,0.22523,-0.98314,-1.5994,-0.44649,-0.34151,-0.69148,-0.84299,-0.7506,-0.32199,-0.40372,-0.88713,-0.038876,-0.69433,-0.21432,-0.75605,-1.8344,-1.1446,-0.40549,-0.49826,-0.4824,-0.3628,-0.20707,-0.19449,-0.079131,-0.16713,-0.46163,0.17526,0.67665,0.42214,0.46061,0.069868,0.30303,1.1517,-0.313,-0.83007,0.10616,-0.41578,-0.24646,-0.32251,-0.20739,-0.37351,-0.26049,0.16854,-0.73181,-1.1504,0.17571,0.17881,0.62247,0.24843,-0.75273,-0.90935,-0.38766,-0.71246,-1.0516,-0.27746,-1.1575,-0.29683,-0.75666,-0.36636,-0.40632,0.18488,-0.068436,-1.0244,0.1267,0.032321,0.55138,-0.48778,-0.43735,0.19689,1.0649,-0.35908,0.52434,0.69048,1.3863,0.26345,-0.85445,-0.088885,0.3742,0.26164,-0.60689,-0.07255,0.06763,1.1032,0.022434,0.2355,-0.19132,0.49396,1.1504,0.73267,-0.24911,0.33967,-0.065268,-0.84262,-1.1715,-1.1989,-0.72196,-0.035519,-0.68709,-0.38775,0.78995,0.16756,-0.0040653,-0.38859,-1.0227,-0.38226,-0.50316,-0.8069,-1.3105,-1.6036,-0.73944,-1.2207,-2.1261,-1.0601,0.43706,-0.66796,-0.79836,0.16529,-0.074597,1.032,-0.78025,-0.3443,-0.51282,-0.23796,0.17912,-0.18948,-0.74554,-1.0931,-1.0396,-0.70525,-1.1752,-1.2882,-2.1165,-1.5524,-1.2193,-0.87307,-0.21513,-0.4579,-0.98673,-1.2893,0.14367,-0.93214,-1.21,-1.2846,-0.99258,0.35453,-0.4141,-0.037232,-0.086718,0.61268,0.098137,-0.88604,-0.30514,-0.10547,0.10863,0.38,-0.16728,0.68469,0.28888,0.24959,-0.55027,-1.0941,-1.216,-1.2586,-2.1934,-2.1579,-1.5708,-0.69818,-1.243,-2.1038,-1.0479,-0.50879,-0.57843,-0.22061,-1.3076,-0.82479,-0.5477,-0.84482,-0.49627,-0.38102,-0.38722,-0.6601,-0.15548,-0.65144,-0.6888,-0.31713,-1.2561,-0.90826,-0.83022,-0.96415,-0.75288,0.29718,-0.62021,-0.60313,-1.0122,-1.0207,-1.6111,-1.4992,-1.8754,-1.4804,-1.7058,-1.7893,-1.0461,-1.6562,-1.835,-1.7961,-1.045,-1.6794,-1.2128,-1.161,-0.51207,-1.8089,-3.1468,-1.8064,-1.6579,-1.2751,-2.6519,-1.7864,-1.374,-1.7891,-0.63386,-1.8446,-0.91906,-1.2307,-1.0968,-0.78849,-0.72765,-0.902,-0.42015,-0.46779,-0.22054,0.15134,0.34134,-0.066245,-0.63256,-0.75846,-1.0622,-0.60658,0.14712,-0.52138,-0.32668,-0.77209,-0.84335,-1.7014,-1.1922,-1.7916,-0.97752,-1.2693,-1.4636,-0.92982,-0.72348,-1.2746,-1.1174,-0.22109,-0.24067,0.12865,-0.4136,0.075439,-0.49625,-0.09105,-1.3012,-0.13972,0.77243,-0.070949,-1.3865,-0.38886,0.55458,0.91455,0.22623,-0.64272,-0.16686,-0.094484,-0.037464,-0.65969,-2.3025,-1.4183,-1.9387,-0.9762,-1.498,-1.6267,-0.49079,-0.57285,-1.6919,-1.0451,-1.8439,-0.91679,-0.55341,-1.2048,-0.38258,-0.13454,-0.2823,-0.32212,-0.5927,-0.76504,-0.36922,-0.84662,-0.78921,-0.82315,-0.71773,-0.22182,-0.7853,-0.6928,-0.49449,0.17354,0.11145,0.040541,-0.12649,0.75828,0.95601,0.46981,-0.41526,-0.35111,-0.48274,0.44734,-0.46424,-0.18643,-0.71117,-0.31388,-0.6078,-0.64189,-0.44758,0.36571,-0.10631,-0.43665,-0.43326,0.10718,0.052983,0.63134,-0.01549,-0.47332,-0.70609,-0.66293,-0.29447,-0.53678,-0.44154,-0.34324,-0.65479,-1.1313,-1.02,-0.97372,-0.59872,-0.564,0.24171,0.45844,-0.92189,0.0037392,-0.27492,0.5903,0.54157,-1.2272,-0.14012,-0.93355,-1.7842,-1.3285,-0.48401,-0.40094,-0.78983,-1.1047,-0.48604,-0.51093,-0.13598,-0.20614,0.36392,0.2679,0.028838,-0.48029,-0.69104,-0.72677,0.2413,-0.40496,-0.21296,-0.78729,-0.44037,-0.15614,0.077417,0.20235,-0.6135,-0.38512,-0.47327,-0.29641,-0.73397,-0.96657,-1.0814,-1.1358,-1.0295,-1.0773,-1.4744,-1.3412,-1.2181,-0.95051,-0.36669,-0.70836,-0.86015,-0.37853,-0.082759,-0.1153,0.22808,0.85134,0.83522,-0.090606,-0.51998,-0.64558,-0.46315,0.05855,0.072097,0.18702,0.19678,0.98608,1.0113,0.01541,-0.06953,0.16779,0.8905,1.1252,1.1028,0.58071,1.4748,1.567,0.42787,0.16258,0.043922,-1.39,-1.0171,-0.74237,0.29718,-0.063709,-0.35447,-0.053912,0.14167,0.7608,-0.56179,-0.39063,0.4509,-0.08495,-0.050881,-0.1758,-0.05387,0.29094,0.26276,0.30058,0.59316,0.43331,0.0040773,1.3197,0.25612,-0.053611,0.66035,-0.22405,-0.70802,-1.08,-1.1712,-1.0529,-0.82194,-0.5273,-1.4026,-1.1236,-0.70039,0.24762,-0.40583,-1.0942,-0.5844,-0.3321,-0.56502,-0.75345,-0.16402,0.41874,0.55332,-0.46528,-0.87191,-0.97211,-0.22404,-0.11164,-0.88812,1.003,-0.0031955,0.5093,0.37185,-0.0024892,0.036735,1.3537,0.52306,0.34267,-0.19742,0.66372,0.23157,0.91482,1.3431,0.39978,0.20652,1.8784,-0.71444,0.77376,0.98141,1.2268,-0.29045,0.34256,-1.134,0.10988,-0.77721,-0.11588,0.41459,-0.38134,-0.27798,0.37383,0.20202,0.42295,1.205,1.4317,1.0179,0.32383,1.5841,0.87837,0.58654,-0.61624,-0.046668,-0.99501,0.01361,0.58167,0.90974,0.39167,0.59459,-0.34251,-0.29108,0.04076,0.28116,0.067502,0.49188,0.035364,0.42458,1.051,0.80995,-0.15661,0.61556,0.43658,-0.084271,-0.089709,-0.08246,-0.14084,-0.013313,0.21759,-0.29932,-0.27192,-0.42715,-1.1255,-1.288,-0.60757,-0.20073,-0.48638,-0.78439,0.27233,0.26954,0.67922,-0.19211,-0.064193,0.55375,0.25441,0.38212,0.49481,1.273,1.5363,1.6304,0.58031,0.72987,0.64664,0.63458,1.248,1.0282,0.72604,0.86863,0.80831,-0.25179,-0.99764,-1.2796,-0.4669,-0.27284,-1.1061,-1.0904,-0.40378,-0.1084,0.34693,0.91603,0.92479,1.0499,1.562,-0.21326,1.5774,1.1996,1.706,0.22684,1.3494,1.2898,1.4909,1.3556,-0.075885,0.26412,0.44427,0.73697,-0.4856,-0.90531,0.36813,-0.29945,-0.018552,-0.4296,-0.072214,-0.060528,0.56872,0.31136,0.16318,0.063259,-0.53256,0.23598,0.1438,0.034863,0.64069,0.69114,0.55871,-0.17411,1.0421,0.42587,0.96336,0.79061,0.22539,0.10512,-0.066004,-0.07103,-0.089415,-0.8896,-0.291,-0.46926,0.038123,0.56118,0.90635,1.2035,1.6553,0.91339,1.9981,1.7337,0.98634,1.2817,0.92195,0.68538,1.1673,1.5403,0.82542,0.74695,0.96175,0.92972,-0.27647,-0.056823,1.3006,0.5463,0.29736,0.12975,-0.22861,0.11173,0.58913,0.35361,-0.014673,0.45688,0.8333,0.62338,0.62427,0.53769,0.68841,0.60779,0.15614,0.37706,1.4342,1.3983,1.7204,1.1694,1.2426,0.96603,1.4395,1.8603,2.1481,1.882,1.9273,2.2972,2.4056,2.5169,1.8762,1.6962,1.7677,2.3751,1.5071,0.17251,0.70634,1.0306,0.95902,0.35367,0.46788,0.87805,0.11267,0.082119,-0.1418,-0.19844,-0.11945,-0.47652,-0.33001,0.2772,-0.31176,-0.41485,-0.33914,0.028686,-0.25738,-0.69633,-0.050377,0.11352,0.065145,0.059629,0.23637,-0.38374,-0.31245,-0.25469,-0.18742,0.25617,0.51261,0.27962,0.31521,0.35511,-0.20849,-0.4733,0.43998,1.4728,1.4958,1.7644,0.83428,1.2667,1.5258,1.1994,1.2082,1.5634,0.39528,0.96631,1.4038,1.6981,1.1073,0.84905,0.40513,0.61493
-1.9779,-1.705,-1.3861,-1.7697,-1.2342,-1.9043,-2.1695,-1.8738,-1.9508,-1.8334,-1.0808,-0.98409,-1.9485,-1.5073,-0.99386,-1.8259,-2.5392,-1.7274,-1.5184,-1.8121,-1.6991,-0.84387,-0.1081,-1.6601,-2.1664,-1.3415,-1.3247,-1.8736,-1.9206,0.41205,-0.20949,-0.34795,-0.80502,-0.63074,1.5175,-0.50325,0.57838,0.78323,1.5147,0.4708,0.58317,1.0127,-0.038906,-0.19614,-0.057324,-0.22486,-0.0089135,0.83131,-0.5483,0.04189,-0.12829,-0.15962,-0.47549,-0.44588,-0.10309,0.34059,0.076363,-0.48733,0.79945,0.66328,0.38863,0.29626,-0.46637,-0.63817,0.49489,-0.21044,-0.68868,-0.28855,-0.31092,-0.38355,-0.68653,-0.50063,-0.69926,-0.018231,-0.55033,-0.054289,0.068673,0.1886,0.85139,0.20965,0.27358,0.16982,-0.54602,-0.20699,0.21938,-0.69166,0.028392,0.16598,0.1646,0.1221,-0.19432,-0.67671,0.39643,-0.37415,-0.41624,-0.13115,-0.53129,-1.2179,-0.86811,-1.1843,0.45989,0.40814,-0.019173,-0.10443,0.40054,0.60599,-0.23569,-0.36136,0.3174,0.65684,0.5076,-0.74325,-0.176,-0.12686,0.46528,0.29022,-0.14189,0.098753,-0.33239,-0.57723,-0.14576,-0.055481,0.28442,0.045304,0.13298,1.0104,0.0044578,0.82827,0.39163,-0.48693,-0.7422,-0.95933,-0.8661,-1.2723,-1.045,-0.47043,0.1896,0.17773,0.2557,0.027127,0.83763,0.32793,-0.14366,0.10478,0.43407,-0.56656,-0.75113,-0.59016,0.12762,0.17103,-0.22595,-0.63578,-0.61282,-1.1509,-0.60599,-0.96999,-0.50858,-0.66397,-0.41383,-0.34286,-0.40415,0.17978,1.1847,1.1319,0.70753,0.78489,0.75729,1.5695,0.72687,0.16497,0.33329,0.79942,-0.26175,-0.95464,-0.56018,-0.23598,-0.88673,-0.38014,-0.60046,-0.31461,0.10973,-1.0947,-1.1602,-0.41409,-0.25357,-0.3255,0.15168,0.60688,1.3937,0.13771,-0.43944,0.81054,0.90443,1.254,0.61249,1.0378,0.96234,0.84347,0.064524,-0.95552,-0.75363,0.68602,-0.058939,0.68921,-0.049377,0.022348,0.13997,-0.27874,0.37356,-0.11027,0.19966,-0.20247,-0.26121,-0.41828,0.22942,-0.36056,-0.54214,-0.82009,-1.2309,-1.3849,-1.8934,-1.4345,-1.3435,-1.2429,-1.8595,-0.58392,-0.5677,-0.21093,-0.33279,0.081751,-0.47938,0.73992,-0.56633,-0.080049,-0.39955,-0.051135,-0.0119,-0.56687,-0.68063,0.57242,0.29301,-0.30586,-0.40426,-0.16823,0.22898,0.1877,0.24347,0.28819,0.24204,0.53324,0.67013,0.75949,1.0918,0.94183,1.7845,1.2663,0.82103,0.42848,1.1195,1.4783,0.32589,1.2009,1.3154,1.3031,1.174,0.70877,1.5454,1.9343,1.7771,1.0431,0.40505,0.93431,0.82285,0.3484,-0.69318,0.11231,0.17218,-0.42051,0.023232,0.3211,0.81818,0.44067,0.55341,0.3602,-0.18179,-0.19076,0.22877,0.043913,-0.39322,-0.52077,-1.2954,-0.85164,-0.16006,-1.1659,0.038121,0.32852,-0.2998,0.88858,1.2711,1.0827,0.72096,0.46995,0.76245,0.82118,1.1073,0.65678,0.91069,0.65759,2.0844,1.3986,1.9707,1.7257,2.2601,1.7875,1.3935,0.0041928,-0.51869,-0.27793,-1.3818,-0.94396,-1.1876,-0.86759,0.094134,-0.29722,-0.81175,0.28078,-0.37879,-0.41026,-0.53921,-0.95982,-0.56956,-0.91148,-0.51716,-0.78226,-0.79898,-0.45136,-0.84091,-0.48215,-0.61475,0.016604,0.048637,0.2582,0.21267,0.49847,0.38293,-0.6158,0.12749,-0.09176,-0.12434,-1.0152,-0.35042,-0.11333,-0.39266,0.017081,-0.40984,-0.65623,-0.17067,1.1748,1.0852,1.9444,0.81112,1.3563,1.341,0.97309,-0.25716,0.90163,1.2054,1.5508,1.5451,1.5777,1.8915,1.5021,1.579,0.98488,0.94426,1.6993,0.73439,-0.01031,-0.32339,0.090499,0.43317,0.88464,0.59972,0.87908,1.0366,1.3569,1.7076,1.3624,0.35788,-0.14386,-0.29945,-0.74287,-1.0236,-0.076027,-0.64937,-0.41371,-0.80139,-0.14119,0.046678,-0.63684,-0.52391,0.28462,0.55894,0.81161,0.75715,0.99098,1.6063,1.6499,1.2885,1.6223,2.0804,0.85897,0.25095,0.50507,0.41694,0.4656,0.14527,1.6905,0.84927,1.7863,0.35278,1.1762,0.67419,0.99893,0.20653,-0.059681,0.95308,0.46251,0.1799,0.89261,1.5368,1.0541,0.25164,-0.019889,0.56531,0.61196,-0.088868,0.31349,1.1833,0.50892,0.6101,1.2217,1.4284,0.6165,0.75084,1.61,1.1982,0.62145,0.75406,1.7695,0.95606,1.2658,1.4988,1.3939,1.9373,0.75961,0.62914,0.33181,0.12585,0.4178,0.23407,-0.77737,-0.69536,-0.83715,-0.92185,-0.95524,-0.6706,-1.3466,-1.1255,-1.2319,-1.2626,-1.0494,-0.50126,-0.36622,1.1208,0.79941,1.7495,1.9081,1.4852,1.0951,1.6777,1.0316,1.6101,1.1647,1.3557,0.45995,1.1591,0.53098,0.90986,0.82906,1.0534,1.8195,1.227,0.76109,0.78668,1.3224,0.2638,0.75278,0.93535,0.87667,0.83479,-0.78883,0.40283,0.21387,-0.24612,-0.68586,-0.21219,-1.0035,-0.3179,-0.46974,-0.54834,-0.28087,-0.26362,-0.20784,0.19969,0.23667,-0.22656,0.59497,0.39485,0.54142,0.95941,1.2915,0.44717,0.57587,0.31738,0.76338,0.74961,2.0359,1.2743,0.82988,0.46342,0.23092,0.94379,0.65752,0.45947,0.83951,0.079976,0.28689,-0.78241,-0.70732,-0.57011,-0.1876,-0.029694,0.29121,-0.038589,0.17623,0.56585,0.85548,0.27388,0.077082,0.097953,1.1018,1.1972,0.37024,-0.067505,-0.30998,0.13877,-0.20385,-0.17142,0.98891,1.3386,0.67826,0.49479,-0.069474,0.52095,-0.43373,-0.52576,-0.32122,0.039156,1.1824,0.37727,-0.13886,0.27237,0.24694,-0.21298,-0.14973,0.18763,0.49326,0.0063836,-0.37408,-0.66009,-0.1695,-0.7053,-0.16349,-0.50215,-1.3872,-1.4268,-0.49441,-0.35097,-0.29176,-0.061803,0.043704,-0.29974,-0.58777,0.19146,0.39623,-0.36588,-0.65669,-0.46413,1.0744,0.64395,1.1896,1.0427,0.65184,1.0288,1.6841,1.368,1.2678,0.9018,0.81341,0.89541,1.488,0.67953,0.32712,0.61583,-0.22197,-1.3613,0.073179,-1.1536,-0.99992,-0.20784,0.82604,0.47486,-0.14571,-0.96081,0.0063786,-0.14723,-0.9181,-0.50618,0.66389,0.47842,0.3451,0.4689,0.23599,0.60747,1.1323,0.58416,0.091736,-0.50723,-0.43119,-0.097164,-0.78888,-1.3377,-1.7764,-1.0666,-1.7456,-1.4176,-1.7627,-1.3021,-1.4075,-1.7861,-1.7542,-1.2269,-0.84449,-0.58974,-0.70324,-0.34166,-0.68221,-0.47903,-1.2743,-0.31526,-0.98375,-1.0354,-0.77674,-1.1815,-0.82577,-0.85869,-1.7631,-2.3095,-1.3393,-1.0523,-1.6839,-0.61684,-1.859,-2.0173,-1.281,-1.5255,-1.3153,-0.76898,-1.2737,-0.52151,0.13589,0.15889,-0.15796,-0.4928,0.013929,0.22469,-0.0047012,-0.21408,-1.8845,-2.2508,-0.77766,-0.9038,-0.77183,-0.64726,-0.89664,-1.3936,-0.91325,-0.46247,-1.5462,-0.84313,-0.97737,-1.2694,-0.30432,0.19396,0.45347,0.13268,0.86237,0.55319,0.67543,-0.28739,-0.93145,-1.1972,-0.76882,-0.33543,-0.14998,-0.074125,-0.11817,-0.37095,-0.62335,-0.70437,-0.0030344,-0.27149,-0.29334,-0.30063,1.126,0.66572,0.59854,-0.35147,-0.049658,-0.54585,0.43405,-0.094944,-0.86529,-0.57188,-0.86307,-0.031638,-1.0351,-1.6438,-2.1552,-1.9214,-1.5031,-1.4541,-1.1981,-1.3057,-0.91353,-1.2096,-1.233,-1.0224,-0.52083,-0.44177,-0.62957,-0.43561,0.60491,0.41111,-0.099245,0.71889,0.3056,1.3067,1.4054,1.257,1.0946,0.90657,1.5331,0.55897,1.1372,1.082,1.4632,1.5595,0.57392,0.74388,0.70284,0.4063,0.78751,0.46657,-1.0708,-0.6021,-0.23527,-0.21108,-0.40734,-0.59396,-0.9684,-0.54203,-0.94138,-1.6407,-0.86264,-1.105,-0.83883,-0.18531,-0.03392,0.40118,0.49051,0.82779,-0.19941,0.73257,1.757,1.2421,0.43026,-0.98241,0.38632,-0.034901,0.66401,0.44205,-0.75592,-0.77872,-0.28279,-0.49061,-0.50786,-0.13113,-0.87549,0.031109,1.5936,0.7725,0.53029,0.24528,0.85091,0.81989,0.77292,0.041776,0.57046,0.23949,0.65088,0.9618,0.56804,-0.10292,0.54153,0.4059,0.65348,-0.20548,-0.24674,-1.6031,-1.6004,-1.4779,-1.7092,-1.9257,-2.4754,-1.9771,-1.7605,-1.8819,-1.5695,-1.9444,-1.1091,-0.69564,-0.43803,-0.11768,0.41277,-0.84213,-0.50718,0.21279,0.34108,0.45732,0.46702,1.2771,0.60996,1.1215,0.62607,0.70158,-0.64742,0.51638,0.95096,0.54545,0.43332,-0.14475,0.48071,0.020572,-1.2928,-0.4535,0.10043,0.10086,0.69595,-0.26249,1.0948,0.47412,0.05485,-0.33723,-0.8961,-0.1906,-0.35114,-0.078504,0.82688,0.17681,0.65462,1.2035,1.3991,1.4723,0.93194,0.98761,0.91108,1.2341,0.54756,0.33716,0.36471,-0.11495,0.95929,0.040848,1.0432,0.63088,0.92846,-0.30751,-0.11529,-0.47959,-0.27563,-0.44615,-0.011082,-0.30431,0.11254,0.52173,1.0608,0.008616,0.43801,1.1894,0.28943,0.96007,0.33568,-1.2089,-1.9832,-0.69835,-0.20799,-0.38803,-0.57141,-0.95519,-1.2849,-0.92344,-0.57202,-0.62952,0.50156,0.87592,1.1874,1.0476,1.8212,1.6251,1.5124,1.5,1.408,1.2632,1.6418,0.50507,0.74388,1.3224,1.5247,0.88693,0.094322,-0.96638,1.4166,0.85581,0.35511,0.25908,0.29182,-0.15108,0.9799,0.3245,0.85485,0.99437,0.93077,1.2872,0.95013,1.9843,2.3921,1.844,1.0331,1.7401,0.88615,1.5768,0.70664,0.14378,0.61693,0.57262,-0.08862,0.25417,0.052671,-0.45003,1.3657,1.0987,0.40117,1.2333,0.75717,0.0075705,1.0886,0.048616,1.9011,1.2651,0.6548,1.5538,1.8436,1.9411,1.7617,0.48015,1.1423,0.28858,-0.090082,0.10811,-0.07833,-0.027602,-0.29265,-0.38192,-0.57863,-0.86248,-0.7124,-1.0277,-0.10474,0.57368,0.2048,0.71239,1.4113,1.3043,1.1834,1.1843,1.4588,1.5411,1.4154,1.0353,1.668,1.2653,0.84814,0.95418,1.6342,0.74825,0.54897,-0.35303,0.42156,0.25709,-0.8366,0.23672,-0.24245,0.15609,-0.5893,-0.63632,-0.052381,0.55839,0.28263,0.92481,1.169,1.0776,1.4907,1.7712,1.5529,0.54756,1.8123,2.5,2.6162,1.514,1.3569,0.73951,0.89587,1.6422,1.436,0.34338,0.022986,0.17333,0.033687,0.48352,0.45086,1.5882,2.3755,1.7981,2.2697,2.0202,1.4865,1.6828,1.5015,1.358,1.5851,1.7766,0.9109,1.4878,2.231,0.25079,-0.34179,0.26305,-0.53815,0.29603,0.22554,-0.50813,0.1239,-0.22196,-0.062133,-0.68591,-0.72484,-0.51124,-0.33963,-0.44862,0.14554,-0.039538,0.88617,1.073,1.8793,1.961,1.1066,1.1619,1.6032,0.76209,0.73337,-0.82578,-0.62246,-0.2024,0.40183,-1.1502,-0.3525,-0.25369,-0.13995,-0.26852,-1.5407,-1.0577,-0.54916,0.83549,-0.9703,-1.854,-1.1542,-0.84601,-1.0968,-1.8202,-1.2467,-0.87238,-1.3432,-1.1234,-0.98883,-0.97361,-0.66523,-0.61487,-0.61307,-0.37813,1.0101,0.97967,1.569,1.1959,1.6245,1.1948,1.4057,1.2061,1.0624,0.74552,0.0088844,0.058727,-0.11085,0.16474,-0.26056,-0.67057,-0.72373,-0.87966,-0.26439,-1.508,-0.88504,-1.2704,-0.14787,-1.1146,-1.8422,-1.8843,-1.6094,-1.5628,-1.2256,-2.5982,-2.3966,-2.5856,-1.7117,-2.0779,-2.4731,-2.2376,-2.1888,-1.9086,-1.4843,-1.8328,-2.0546,-2.1468,-2.2121,-1.652,-1.8943,-2.2639,-1.6472,-1.3444,-0.80768,-0.97373,-0.92908,-1.2891,-1.1453,-0.85478,-1.038,-1.3422,-0.45882,0.39334,0.22816,0.45182,-0.38824,-0.55996,-0.72823,0.34014,0.29758,-0.022658,-1.2449,-0.74914,0.42528,-0.10248,0.02315,-0.44923,-0.27113,-0.22625
2.2838,2.2585,1.4305,1.6646,1.7435,1.986,1.2454,1.5719,1.7293,2.1268,2.4328,2.191,1.9568,2.1445,1.4826,1.5622,1.0232,0.8362,0.95983,0.77836,0.69949,1.0368,1.2784,2.2418,2.3926,2.2244,1.7745,2.2819,1.1369,0.66659,0.76845,0.39889,0.11272,0.08651,0.54973,-0.14404,0.91354,0.32854,0.21885,0.16208,0.67171,0.78077,0.47479,0.81017,0.79072,0.32978,-0.19582,1.1154,1.098,1.1363,1.1806,0.936,0.97887,1.1381,0.21947,0.17557,-0.40079,0.25134,0.60182,1.0382,1.5469,0.8674,1.2763,1.5457,1.7291,0.9397,0.16329,0.65891,0.42383,0.30115,0.64019,0.5219,0.1738,0.39504,1.3068,1.2619,0.77849,0.48149,1.0168,1.6772,1.0994,1.0313,0.61808,0.52607,0.77574,1.0688,0.31532,0.94253,0.11849,0.53779,1.2412,1.8377,2.2215,2.9658,3.4363,2.5324,2.3443,2.0029,1.4113,0.11665,0.067452,-0.4475,0.1175,-0.38828,-0.015023,1.2326,1.2575,1.7406,1.9196,1.0733,1.1197,1.6403,2.364,1.5355,1.7363,1.7148,1.8943,1.8127,1.8096,0.9252,0.52425,0.3481,0.43551,-0.17961,-0.61829,0.18034,0.21974,0.38494,1.1283,1.502,3.2573,2.5374,2.6482,1.9923,1.4946,0.69672,-0.39973,-0.34356,-0.3644,-0.035642,-0.27841,-0.59096,-0.60714,-0.62752,-0.92736,-1.7188,-2.2348,-2.4014,-1.6662,-1.1679,-0.19952,-0.31363,-0.5775,-0.78264,-0.44414,-0.30217,-0.070884,0.075919,0.18922,-0.17766,0.29339,-0.042254,-1.2975,-1.0312,-0.25103,-0.37991,-1.197,-0.32507,-1.5262,-0.62265,-1.8332,-1.2533,-0.66875,-1.0598,-0.71214,0.37747,0.81594,1.3333,1.0671,0.74757,0.91248,0.2534,-0.35059,-0.67099,-0.28166,-0.065219,-0.47588,-0.9608,-0.22771,0.62584,0.77091,0.38146,0.80154,1.2436,1.2897,1.2073,0.075437,0.219,0.79212,0.91699,0.60297,0.11181,0.85255,1.2386,0.43701,1.0721,1.9456,1.6058,1.2874,0.85161,1.5168,1.7255,1.6944,2.1329,1.8935,1.4626,1.3463,1.3758,0.73861,1.1745,1.0764,1.7008,2.082,1.9535,1.2746,0.64909,0.24885,-0.2844,1.6141,0.61679,1.7429,1.0141,1.6858,2.6259,3.5511,3.3601,1.9812,1.8964,1.1786,-0.66127,-0.40561,-0.50981,0.077983,-1.1189,-0.17986,-0.39845,0.12151,-0.40812,0.48532,-0.11443,-0.42792,0.029779,0.21431,-0.019849,-1.1886,0.7561,0.20426,0.8548,0.88582,0.57457,0.92857,0.77718,-1.2686,-1.8932,-2.2019,-1.3902,-1.9009,-1.5898,-0.89091,-0.37342,-0.43115,0.393,1.2509,0.36252,0.33187,-0.21026,-0.29603,-0.60787,-1.145,-0.97034,-0.85433,0.22987,-0.42938,0.42059,1.0054,1.6868,1.47,1.7224,1.7744,1.0333,0.64038,0.13687,-0.47371,-1.0051,-0.4059,0.59214,1.2684,1.6081,1.1306,1.3728,1.7003,1.3627,0.60161,0.37207,-0.20066,-0.79455,-1.3886,-1.126,-0.42971,-0.29209,-0.021788,-0.023134,0.64047,0.68252,1.4415,-0.18261,0.28801,1.5016,0.045102,0.086081,-0.63377,-0.078274,-0.17358,0.29462,0.33291,-0.21907,-0.26833,-0.18204,0.77525,0.39451,0.71512,1.001,0.95676,0.072387,-0.54069,-0.74808,-0.92267,-1.06,-1.4311,-1.0676,-1.1013,-0.99564,-1.6261,-1.4901,-1.6234,-1.3093,-0.44235,0.46022,1.4541,1.6484,1.6466,0.84057,1.3911,-0.028937,-0.99312,-1.0362,-1.4654,-0.62799,-0.069059,-0.0074347,0.16027,0.23494,-0.6848,-1.353,-1.4723,-1.6209,-2.4825,-1.9134,-1.621,-0.96722,0.43943,0.80338,1.6329,0.77195,0.52967,0.28175,-1.6758,-1.7694,-2.4598,-3.1749,-2.3574,-2.2445,-0.86897,-1.0457,-1.6133,-1.7658,-0.89966,-0.88945,-2.1207,-1.7685,-0.58613,0.1493,-0.18444,0.64359,0.99189,1.3707,1.4812,0.74524,0.63143,-0.1959,-0.31699,-1.7162,-2.1619,-0.97507,-1.3835,-0.59598,-0.80999,-1.0955,-0.14617,-0.61369,-2.2091,-1.081,-0.64445,-0.75987,-0.30633,-0.38228,-0.47491,-1.0008,-1.8691,-1.4353,-1.3322,-1.535,-0.87179,-0.97745,-1.2544,-1.3733,-2.2976,-1.7763,-1.3669,-1.1619,-1.0797,-0.17134,0.11488,0.18132,-0.40769,-0.94641,-1.4083,-1.4304,-0.87542,-0.8416,-0.58818,-0.60921,0.46486,-0.2607,-0.38119,-0.86247,-1.6697,-1.7667,-1.5324,-2.434,-1.9908,-0.14384,-0.9223,-1.2174,-0.71526,-0.66013,-0.56964,-0.68158,0.3507,-0.60858,-0.659,-0.27457,1.0076,0.97375,0.99821,1.7081,1.4015,0.81712,0.40792,-0.13147,-0.16058,-1.3118,-1.6707,-1.91,-0.78513,0.37742,0.42263,0.19562,1.0644,1.4207,1.3054,0.24828,0.62176,1.5797,1.8247,0.55194,0.63814,0.44035,-0.022915,-0.77883,-1.0798,-0.73639,-0.58126,-1.1266,-1.0644,-0.90589,-0.66934,-0.59045,-0.12639,0.96973,0.83886,0.90918,1.0243,-0.13356,-0.10168,-0.87045,-1.2739,-1.3181,-1.2583,-1.2346,-1.0609,-1.973,-1.3769,-0.19815,-0.83156,-0.31158,-0.19706,-0.71214,-0.84854,0.67613,1.0751,0.821,1.4415,0.90566,1.2931,1.2899,0.72259,0.61055,0.51103,0.19948,1.3878,1.6083,0.91878,0.55279,0.53906,1.2919,0.69217,0.88854,1.5838,2.3825,2.5391,1.8502,2.303,1.5641,0.71997,0.27872,-1.0835,-0.6106,-1.5524,-1.8552,-1.7073,-2.3484,0.15386,0.21482,-1.0473,-1.1815,-1.7825,-0.67455,0.18983,0.86333,1.1314,1.4285,0.98322,1.3128,0.51412,-0.009988,-0.58734,-1.5861,-2.0652,-2.5724,-1.9243,-2.1914,-0.97737,-1.314,-0.77202,-0.66641,-1.1475,-1.6071,-0.34624,-1.055,-0.33383,-0.06642,0.10036,-0.15919,-0.41356,-0.69188,-0.72942,-0.71507,-0.78218,-0.61071,-0.53071,-0.51121,0.059442,0.64552,0.7316,0.63773,-0.1747,-1.2089,-1.5897,-2.5642,-2.131,-1.2415,-1.9261,-0.8701,-1.2509,-1.049,-0.87034,-0.26673,0.17957,0.96613,1.2247,1.5845,1.409,1.5597,0.81595,0.65676,0.25455,-0.6121,-1.218,-0.58928,-0.17575,0.83157,0.99942,0.31119,0.039353,-0.4682,-0.57544,-1.6054,-2.452,-2.4864,-2.0578,-1.9002,-2.1872,-2.5336,-2.4338,-2.6484,-2.8412,-2.7796,-3.175,-2.9731,-1.9324,-1.8244,-2.2933,-0.66719,0.030808,0.89177,0.091086,-0.20637,-0.77526,-1.4395,-2.1167,-3.3862,-3.5828,-3.8008,-3.1728,-2.1306,-2.3174,-1.896,-1.587,-1.1923,-0.957,-1.2478,-1.87,-2.4496,-2.6597,-2.8095,-2.9723,-1.946,-2.3088,-1.0558,0.15745,-0.12753,-0.53241,-1.1272,-1.6984,-2.7453,-3.4275,-2.7528,-2.7946,-3.5179,-2.0127,-1.9964,-1.4842,-0.50875,-1.9221,0.46814,1.1981,1.8855,1.5889,0.6626,0.88363,1.9487,1.9012,2.1901,1.081,0.96699,1.0919,0.60535,0.32663,-1.0282,-0.40846,-0.67078,-1.2665,-1.6171,-1.6123,-1.7584,-1.9065,-1.7693,-1.0286,-0.58797,0.070838,1.1721,0.58024,0.98581,1.1834,1.3392,1.0083,-0.20812,-0.19287,-0.807,-0.98327,-1.5453,-1.3087,-0.062722,-0.84261,0.47745,-0.82483,-1.7578,-2.2596,-2.1941,-2.3654,-1.8397,-2.5575,-2.3831,-2.4796,-1.6101,-1.1007,-0.50392,0.53862,1.0096,1.5425,0.88924,0.54366,1.0856,0.43996,0.27713,0.16724,-0.36162,-0.92806,-0.96386,-0.7322,-1.2252,-1.2772,-1.4531,-1.9661,-2.0998,-2.1072,-2.1123,-1.4344,-2.0061,-1.8186,-2.2429,-1.6699,-1.7989,-1.7113,-1.0007,-0.94921,-0.47517,-0.56246,-0.42808,-0.29538,-0.62458,-0.8312,-0.83069,-1.6854,-1.8406,-1.8475,-0.36194,0.39901,0.14633,0.91984,0.22485,0.094161,-0.55099,-1.7705,-1.8562,-2.1876,-2.3663,-2.5305,-2.2917,-2.4406,-1.7039,-2.034,-2.0777,-1.791,-0.45199,-1.1225,-1.6968,-0.53613,0.60293,1.0072,1.3568,1.5147,1.6099,1.1428,0.50261,-0.77111,-0.24374,-0.88935,-0.54166,-0.5744,0.049513,-0.43443,0.44699,0.55134,-0.13144,0.062012,-0.47064,-1.8476,-2.5153,-2.4277,-2.7159,-1.7484,-1.1737,-1.8325,-0.17234,0.90552,1.4184,2.4062,2.6937,2.4489,2.4807,2.781,2.7278,1.9281,1.9029,1.8947,1.9796,2.0694,1.2597,1.1021,0.85882,0.88338,0.49311,0.04732,-0.22319,-0.37916,-0.37274,-1.0268,-1.0175,-0.94293,-1.8864,-1.9843,-2.233,-2.0762,-1.317,-1.549,-0.50154,-0.12796,0.64277,1.4962,-0.20644,-0.37299,-1.9909,-2.2986,-3.0703,-1.6751,-1.0587,-0.8141,0.23571,0.061212,0.32233,-0.40322,-0.85707,-1.5752,-1.3376,-1.4935,-1.7416,-1.2876,-0.4315,-0.26809,-0.090455,-0.16369,-0.16154,0.12161,0.37734,-0.29113,-0.1617,-0.99088,-0.90012,-1.4591,-1.8836,-1.8156,-0.97002,0.14571,0.69342,-0.11818,0.28771,0.6061,-0.37338,-0.9827,-2.4412,-3.1092,-3.0853,-3.0879,-2.8393,-2.5684,-2.533,-2.2424,-1.3858,-0.35001,0.51346,0.53358,1.0475,1.2361,1.667,1.7751,2.422,2.6101,1.822,1.6048,0.70442,-0.3889,-1.6093,-1.7093,-0.94022,-1.0972,-0.62139,-0.53891,-0.78641,-1.1058,-0.96461,-0.93622,-0.79713,-0.80551,-0.48837,-0.96305,-0.41658,-0.75034,-0.61704,-1.0448,-1.3722,-0.020726,0.00026715,1.5754,0.24619,0.089472,0.68317,-0.64217,-1.9781,-1.9675,-1.9825,-2.1694,-2.5758,-2.3291,-2.2332,-1.6285,-0.87281,-0.72555,0.79655,0.94883,1.4875,0.37674,0.62646,0.75907,0.29591,0.28447,-1.0781,-1.1683,-1.2411,-0.91138,-0.28435,-0.4019,0.11146,-1.3598,-1.3026,-2.9951,-2.58,-2.6175,-2.3256,-1.5052,-1.7915,-0.41875,0.062682,0.73869,0.54052,0.63744,1.1973,2.0898,1.4546,1.9731,1.2691,1.6165,1.898,1.1158,-0.14639,0.22609,0.1985,0.34351,-0.087001,-0.14359,0.36042,0.066528,-0.43016,-0.30002,-0.67986,-0.87935,-1.0985,-1.5878,-1.7377,-2.0757,-1.5346,-1.7076,0.74692,1.8849,2.6712,3.2336,2.6867,2.705,2.98,2.7433,2.6107,1.9872,1.498,1.4029,1.5713,0.037485,-0.50012,-1.1048,-2.1786,-2.2632,-2.5824,-2.2199,-2.1635,-2.7889,-1.5087,-1.6548,-1.725,-1.4551,-1.0571,-1.0703,-0.59702,-0.018303,0.57413,1.8447,1.6387,0.894,0.82539,-0.043289,-1.4119,-2.7432,-2.7812,-2.8117,-3.1025,-1.7774,-0.55037,-1.2838,-0.45538,0.049925,-0.11354,-0.21186,-0.82778,-0.95014,-1.5354,-2.2686,-1.5473,0.38577,1.1943,1.1554,1.2365,1.9901,1.9516,1.6916,0.88443,1.5302,1.4882,1.2,1.1556,0.21322,-0.60316,-0.60349,-0.2003,-1.3779,-1.3137,-1.1099,-0.46137,0.20993,0.21876,1.8661,2.0758,3.1567,3.1512,3.1774,2.7639,3.105,2.575,1.3147,1.1786,1.163,0.21513,0.45041,-0.046214,1.135,0.44833,1.4857,1.5407,1.1612,1.6528,2.2699,2.2521,2.6805,1.7302,1.5289,1.6388,1.7294,1.854,1.7936,1.4446,1.2166,1.096,0.26784,-0.4145,-0.20611,-0.72209,-0.99174,-1.4691,-1.9656,-1.3047,-0.774,0.1653,0.69569,1.6244,1.4877,2.1213,2.4857,2.3373,2.6899,3.1195,2.4296,2.6162,2.5374,2.9949,3.0492,3.3178,2.4145,2.0239,2.1735,2.8427,2.7632,3.064,2.3892,1.9607,2.7967,2.9871,3.3371,2.8883,2.6403,3.3618,3.2238,3.1902,2.386,1.9541,1.9107,1.7479,1.8251,2.1915,1.101,1.1271,1.8737,2.4201,2.2156,1.5523,1.2295,1.0618,0.88234,1.3122,-0.26473,0.41392,0.70023,1.4469,1.7145,2.0755,1.8459,1.75,2.2547,2.5807,2.466,1.82,1.5491,0.94493,1.0337,0.60007,0.037583,-0.40077,0.21343
-0.30782,-0.45998,0.12544,-0.19337,-0.34233,-0.51062,0.082488,0.038623,-0.29696,-0.18373,-0.19004,-0.6574,-0.9351,-0.18763,-0.50178,-0.67499,-0.87052,-0.038204,0.21306,0.063052,0.73672,0.66294,1.883,1.4614,0.29551,1.6539,0.84773,1.259,1.5977,1.3514,0.89575,1.6479,0.63191,0.88118,0.57553,0.48929,0.95798,0.61269,0.91762,0.98016,0.96781,0.43493,0.88543,1.6766,1.4625,3.0043,1.2885,1.2694,0.7231,1.4785,0.82997,1.4871,2.1354,1.4126,2.2186,1.8587,2.0303,2.0007,2.513,2.2002,1.329,1.7209,1.4305,1.2223,-0.20022,0.96934,1.8398,1.7948,2.0412,2.5998,1.9092,1.4282,1.2961,0.82897,1.0124,1.1753,0.86717,0.51394,0.60135,1.468,0.39211,0.068492,1.6899,1.3426,0.18542,0.13135,1.3648,0.24676,0.8769,0.95143,0.6064,0.21961,0.49935,-0.17934,0.23663,-0.64946,-0.40516,-1.5582,-1.0625,-0.22289,1.076,0.9712,0.32011,1.1619,1.3075,0.41206,0.83905,0.95214,0.26396,1.3253,0.63838,-0.24309,0.43762,0.86249,0.43722,-0.18216,0.060891,-0.044978,0.053185,0.48752,0.0019111,-0.077733,0.39874,0.55314,0.15755,-0.024901,0.65438,0.52542,0.029552,-0.36861,-0.10423,0.28925,0.021812,-0.028477,-0.057803,0.33562,0.19407,-0.62824,-0.47933,0.13699,-0.21963,0.10424,0.8939,1.2866,1.0657,0.41598,-0.10809,0.029472,0.23315,-0.36265,-0.10483,0.42971,0.72165,0.27295,-0.30776,0.43325,-0.81432,0.36392,-0.98884,-1.2851,-0.72598,-0.73289,-1.0669,-0.81795,-0.44469,-0.93171,-1.0303,0.018267,0.31498,0.48026,1.3295,0.44782,0.3715,0.14013,0.6262,1.1102,0.57759,0.6662,0.69867,0.20562,-0.96908,-0.10554,-0.46534,-0.72319,-0.78095,-0.22956,-0.27192,-0.30644,0.20353,-0.19478,0.43492,-0.52762,-0.71871,0.2023,0.003061,-0.27787,0.2571,-0.34492,0.23644,-0.23083,0.74636,-0.22475,0.88336,-0.069286,0.85555,-0.17295,0.044391,-0.75613,0.15672,-0.18313,-0.79717,-0.5534,0.069316,-0.074068,-0.28897,0.82655,0.9577,0.8039,0.58363,0.28914,0.38815,-0.50383,-1.0289,-1.1383,-0.63596,0.096713,-0.61464,0.44296,-0.28641,-0.28497,0.35165,-0.43965,-0.11285,-0.68568,-0.55869,-0.25919,-0.084914,-0.44791,-0.6237,0.10783,0.58155,0.30943,-0.3919,1.281,0.53071,1.5594,1.6922,1.5836,1.4681,0.47116,1.3433,1.3021,1.3274,0.68256,1.1867,1.0736,0.58794,0.47571,0.66543,0.29399,0.42597,-0.79006,0.35233,-0.33545,0.46151,-1.5241,-0.31734,0.33844,0.76813,-0.023707,0.64964,1.1632,0.67924,0.90301,0.72695,0.28263,0.41329,0.42015,0.30041,-0.12793,0.18884,-0.079818,1.1521,1.2411,-0.017142,0.59747,0.25736,0.2116,0.50385,-0.20309,-0.71072,-0.78185,-0.80738,-0.95301,-1.3044,-0.21333,-0.11259,0.16625,-0.70033,-0.16382,-1.067,-1.0855,-0.57817,-0.81049,-1.9258,-1.1993,-0.55154,-0.16162,-0.20608,0.20041,0.21363,0.16741,-0.39401,-0.054059,-1.2084,0.41589,-0.21913,-1.5885,-0.61238,-1.3749,-1.1457,-1.1939,-0.3533,-1.5271,-1.3997,-0.59585,-0.068915,-0.33904,-0.071332,-0.42528,0.11169,-0.061448,-0.20785,0.50457,1.2527,0.99761,1.2982,0.25701,-0.31993,-0.0004491,0.42551,-0.55997,-0.70973,-0.37572,-0.41628,-0.71514,-0.52839,-0.83182,-1.0172,-0.2474,-1.6113,-0.63916,0.069128,0.30533,-0.41116,-0.84643,-1.2696,-0.31705,-0.0042451,-0.44758,-0.095701,-0.12215,-0.61741,-1.8213,-0.73812,-0.80727,0.10158,-0.46239,-0.495,-0.38173,0.66829,0.29406,0.82375,0.55358,1.0472,0.56475,-0.52916,-0.05691,-0.5315,0.24083,-0.50224,0.048968,-0.32813,0.17729,0.61541,-0.033645,-0.27787,0.59702,0.041041,-0.26885,-0.28204,-0.98523,-0.14264,0.18751,0.63292,0.40224,0.71952,0.46577,0.97963,0.34322,0.59456,0.58699,0.63804,-0.048463,0.23342,0.095081,0.42822,0.84073,1.0054,0.58242,0.39637,-0.39817,-0.63491,-0.2561,-0.4805,-0.11976,-0.40058,-0.031896,0.20728,-0.0809,-0.67046,-0.31443,-1.0141,-1.3655,-1.7829,-1.0992,-1.1214,-0.97704,-0.51923,0.19803,0.4579,0.51044,0.81054,-0.49299,0.6057,0.089896,0.36337,0.97518,0.31129,0.26238,1.2394,-0.11559,-0.10154,-0.87655,-0.62689,-0.80311,-0.74725,-1.3624,-1.2751,-0.96863,-0.4763,-1.0888,-0.27597,0.07961,-0.38903,-0.88671,-0.7116,-0.56218,-0.67256,-0.26844,-0.5454,-0.85344,-0.46143,0.17656,-0.31073,0.0098089,0.22778,-0.30548,-0.6807,-0.18411,-0.9474,-0.25394,-0.49221,-0.11619,-0.28074,-0.28422,0.6678,0.32889,-0.17094,-0.17397,0.033007,0.59753,0.25829,-1.0806,0.4146,0.072636,0.19408,0.41862,-0.39645,-1.7022,-0.35855,0.42788,-0.52677,-0.29562,-0.40572,0.17817,-0.080246,-0.56723,-1.0385,-0.80087,-0.59983,-0.93223,-0.55465,-1.0597,-0.44064,-0.95566,-0.61635,-0.32301,-0.7769,-0.55466,-0.12591,-0.65229,-0.40869,-0.49596,-0.69559,0.71363,-1.1815,-0.18095,0.092062,-1.0162,-0.29165,0.45733,-0.10589,-0.31832,0.18033,-0.89209,-1.1147,-0.92747,-1.4718,-1.1347,-1.3154,-1.6626,-0.78679,-0.7349,-0.55044,-0.5572,0.62673,0.10106,0.79772,-0.11261,0.19797,0.11739,-0.39968,-0.34337,0.16704,-0.78306,-1.7287,-1.6179,-1.3512,-2.1788,0.047206,-0.76266,-1.5276,0.030711,0.073363,1.1929,-0.81042,-0.31118,0.087601,0.072576,0.15305,-0.15713,-0.7995,0.24318,0.2966,-0.51733,-0.0056601,0.14415,-0.71343,-0.84263,0.077656,-0.7306,1.1606,-0.32027,0.31172,0.31181,0.42159,0.90834,0.27053,-0.1736,0.015236,0.79967,0.73489,0.47825,-0.16782,0.29552,0.84999,0.7826,0.6659,0.32714,0.38114,0.24625,-0.0029918,0.16469,-0.65247,-0.98276,-1.17,-0.48755,-0.84233,-0.39587,-0.53702,-0.36007,-0.65842,-0.16295,-0.1951,-0.17837,-0.15521,0.87611,1.3278,0.49667,0.93869,0.5625,0.90533,0.33756,1.1051,1.6806,2.4571,-2.1627,-0.15298,-0.5161,0.88842,0.12543,-0.88706,-0.68294,-0.66373,-1.6727,-2.2287,-1.789,-2.6431,-1.5602,-1.9925,-1.7975,-1.4013,-1.6346,-1.3589,-1.6741,-1.5197,-1.6618,-0.94093,-0.89878,-0.45064,-1.1024,-0.90515,-0.8381,-0.16829,0.024584,-0.37874,-0.26751,-0.079374,-0.41162,-0.86524,-1.1128,-0.62786,-0.62899,-0.54567,-0.63902,-0.18574,0.23097,1.019,0.58022,-0.57064,-0.70955,-0.97553,-1.4131,-1.6712,-0.36503,0.19426,-0.12798,0.33559,-1.2037,-0.029643,-0.36722,-0.54619,-1.3553,-1.1538,-0.9284,-0.76709,-1.4946,-1.7534,-0.85407,-1.0011,-0.86794,-0.96575,-0.7265,-0.35082,-0.88301,-1.0796,-0.47543,0.016556,0.70042,0.94151,-0.041406,-0.30967,0.62133,0.3577,-0.2297,-0.88022,-0.15018,-0.97971,-1.5651,-1.4073,-1.7027,-1.8218,-1.3555,-2.2331,-2.1309,-1.0593,-1.4573,-1.1673,-1.1985,-1.0167,-1.5148,-1.3688,-1.3738,-1.0395,-2.0063,-1.6145,-2.6722,-1.6477,-1.4636,-1.9611,-0.86915,-1.6941,-1.3987,-0.27377,-1.0854,-1.8357,-1.7537,-1.2549,-0.89286,0.078173,-1.379,-0.15057,-0.10851,0.12334,-0.84713,0.38745,0.10887,1.8132,0.41762,0.13403,0.37973,0.18039,0.25081,0.44849,0.44981,0.40961,0.034449,0.42383,0.53371,0.34093,0.72972,0.52201,0.49266,0.32515,0.44381,0.1798,-0.27816,-0.67695,-0.35485,-0.23862,-0.47337,-0.4004,-0.75759,-1.262,-0.42301,0.12233,-0.6476,-0.65256,-1.2032,-1.2295,-0.69386,-0.80893,-1.0229,-0.77731,0.37215,0.46577,-0.45693,0.32596,0.16698,0.54755,0.070363,0.25727,0.82757,0.272,0.64675,-0.89663,-0.36005,-0.18061,-0.52601,-0.90562,-0.71015,-0.52493,-0.58649,-0.9853,-0.92169,-0.80142,1.1847,1.4325,-0.35329,0.28189,0.79566,0.041095,-0.31612,-0.36117,-0.1031,1.415,0.23742,1.2329,1.1936,0.31609,-0.060357,1.2795,-0.16143,-0.56496,-0.34424,-0.69191,-0.80857,-0.90246,-0.98261,-0.16977,-0.52308,-0.92943,-0.15663,0.41243,0.50962,0.57472,-0.28236,0.24947,0.39666,0.70965,-0.15259,-0.63875,-0.69755,-0.028062,0.29791,-0.16715,-0.028476,-0.3056,0.64001,0.27974,-0.23229,-0.30258,0.15351,-0.055444,-0.49142,-0.83802,-0.21803,-0.50752,-0.50285,-0.65855,-0.29129,-0.43185,-0.89063,-0.68526,-0.93792,-0.37682,0.88801,-0.31133,0.15546,1.1374,1.3556,2.5813,1.5547,1.1406,2.1522,2.1743,1.7347,1.2341,1.2846,2.6709,1.7039,1.8818,1.9987,1.5422,1.0419,0.19345,0.94165,1.3472,0.29188,-0.0685,0.044241,-0.082772,-0.48097,-0.094441,-0.55575,-0.55924,-0.54925,-1.094,-0.57632,-0.37417,1.4666,1.4079,-0.53412,0.54322,1.2104,0.84991,1.1265,0.99749,0.73888,0.088057,0.42669,-0.12308,0.042979,0.24351,0.35797,-0.3701,-0.18242,-0.028878,1.4232,0.44627,-0.52662,0.046189,1.163,1.5073,0.97259,0.19194,-0.44465,0.29123,-0.12196,0.277,-0.15899,0.036284,0.38177,0.88632,0.12811,-0.5821,-0.08642,-0.070358,0.071026,-0.23236,-0.031404,0.11394,-0.36687,-0.36078,-0.97332,0.069226,-0.034673,-0.44776,-0.78267,-0.040674,1.4235,1.2817,0.7855,0.78009,1.3079,-0.075292,-0.083222,0.79861,0.7096,-0.074606,0.81334,0.18589,-0.032105,0.59969,-0.3612,-0.037349,0.23395,0.97534,2.2236,1.9507,0.31959,0.65488,0.9862,0.93032,0.9294,0.19246,1.5659,2.3999,1.6395,1.0841,1.2299,2.1042,1.2045,0.86424,0.13064,-0.11118,0.36852,-0.7272,-0.30472,-0.29869,0.73328,1.1312,0.22437,-0.049844,1.9239,1.2291,-0.033522,-0.69881,-0.9296,0.57856,-0.10315,0.36257,0.12575,0.13114,0.61555,-0.2338,0.20218,0.51273,-0.048065,-0.83436,-1.5213,-0.66937,0.23023,-0.45308,-1.3504,-1.3471,-1.1474,-0.60049,-1.1075,-1.4234,-1.0731,0.41355,0.9236,-0.49216,0.096352,-0.67056,-0.2936,1.3015,0.058261,-0.84998,-0.26325,-0.43905,-0.43483,-0.085445,-0.095631,-0.16235,-0.018505,-0.48937,-0.96457,-1.1841,-0.50717,-0.68016,-1.0109,-1.4133,-0.99109,-0.34192,-0.41561,-0.12345,-0.85405,-1.0612,-0.42497,0.43909,0.4182,-0.14039,0.13542,0.39122,-0.27204,-0.068649,0.26103,0.86762,0.065861,0.038785,-0.15983,-0.14246,-0.55051,-1.2393,-1.8485,-1.1416,-1.1268,-1.82,-0.114,-1.0464,1.0212,0.85254,-0.36155,-0.58639,0.02188,-0.17928,1.5008,-0.42647,-0.085099,1.069,-0.23415,0.67926,0.06345,0.23648,0.57962,0.4263,0.38897,0.0024869,0.058317,0.94471,0.55137,-0.3621,0.21322,1.1327,1.4459,1.2173,0.88514,0.98687,1.073,1.9153,1.0558,0.16904,0.18543,0.93983,0.60127,0.18587,1.2776,0.44593,1.0666,0.69397,0.65829,0.29105,0.15858,0.76718,0.33132,-0.87035,0.53141,0.030353,0.095904,0.52553,-0.18603,0.66037,0.089718,0.63014,0.50693,1.5143,0.5236,0.27954,0.22692,0.03197,-0.090377,-0.29562,-0.051108,0.49302,0.099142,-0.012072,0.76623,0.61683,1.0733,1.0689,1.0448,1.0638,1.2985,1.0702,0.5389,-0.092704,0.69785,1.133,0.81717,0.20589,0.62025,0.4822,0.82845,0.64036,0.39856,-0.43453,0.059277,0.58291,-0.10897,-0.63507,-1.253,-0.13953,0.13129,0.17035,-0.67797,-0.83102,-1.2642,-0.34205,-0.20547,0.046292,-0.32205,-0.58756,-0.77472,0.42699,0.31568,-0.34444,-0.56206,-0.56268,-0.30963,0.36706,-0.51634,0.14188,0.45796,1.8788,1.9211,1.3662,0.62883,0.67962,1.3038,1.8568,1.7316,1.1027,0.62932,1.1384,1.5071,1.5198,1.0985,1.0775,1.7832,2.108,2.0133,1.4997
-0.26093,0.23154,-0.075803,-0.4912,-0.22187,0.38936,-0.20943,0.36972,-0.07589,0.0028426,0.084584,0.11756,1.1079,0.44385,0.0084798,-0.050562,-0.75529,-0.64848,-0.89699,-1.0418,-0.50555,-0.32372,-0.72627,-0.38982,0.011691,0.61237,-1.1651,0.48279,0.013243,-0.18869,0.27661,0.76968,-0.73626,0.10158,0.028366,-0.34523,-0.23324,-0.80263,-0.32046,0.40466,0.23766,-0.75097,0.043067,-1.014,0.44584,0.45588,-0.81869,-0.98418,0.87131,-0.19937,-0.88276,-1.2149,-0.60698,-0.61986,-0.2725,-0.97577,-0.97502,-0.23615,-0.14727,-0.88941,-0.50344,-0.14408,0.1607,-0.057498,-0.082624,0.51154,-0.72514,-0.25563,0.64322,-0.71838,-1.2282,-0.52606,-0.60206,-0.089788,-0.89771,-0.57731,-0.62417,-0.024219,-0.38033,-0.20425,-0.74137,-0.56195,-1.0605,-0.19388,-0.9601,-0.82382,-0.27982,-0.36618,-0.72348,-0.25491,-0.80837,-1.0547,0.44522,0.8295,-0.87026,-0.36415,-0.070484,-0.34547,0.92322,-0.31821,-0.51403,-0.35871,-0.42724,0.21348,-0.0086696,0.29928,0.54018,0.76169,-0.40091,0.024291,0.26501,0.97972,1.0313,0.61327,0.0042438,0.11578,0.72421,0.81518,0.50932,-0.22067,-0.38763,-0.12452,-0.90158,-0.82175,-0.50293,-0.6275,0.29042,-0.70275,-0.094787,0.068754,-0.19874,0.45171,0.3959,-0.043304,0.42085,-0.17019,-0.1335,-0.82546,-0.3849,0.40023,0.17662,0.30454,0.35408,-0.44599,0.28837,0.2219,0.43146,-0.68116,-0.60033,-0.31324,-0.067924,0.44715,0.34417,-0.081856,-0.52927,0.14529,-1.0562,-0.11025,-0.2838,-0.26528,0.019051,-0.8438,-0.031321,-0.041329,-0.33163,-0.63717,0.24111,0.1255,-0.99938,-0.78761,-1.1304,-0.82766,-1.1309,-1.184,-0.78077,-0.61047,-0.01167,0.066461,-0.96596,-0.1786,-0.21654,-0.43623,-0.66128,-0.22371,1.0246,0.026588,-0.16097,-0.51254,0.35457,0.72775,0.50394,0.34227,0.28517,0.35228,1.6623,-0.14043,-0.052654,0.8351,1.8288,0.86667,0.2367,-0.25492,0.49539,-0.0064579,-0.9434,-0.38326,0.64022,-0.14743,-0.15016,0.20555,-0.098602,0.07924,-0.56288,0.026402,-0.78886,-0.35688,-0.3637,-0.044167,-0.43356,-0.34135,-0.60333,0.1613,0.8642,0.40278,0.21235,0.99252,-0.85051,0.20472,-0.57624,0.13423,-0.71995,0.12362,0.087625,-0.82574,-0.01412,0.011981,-0.11002,-0.38402,0.35353,-0.18184,0.69083,0.41024,-0.25769,0.56793,0.053051,-0.68196,-0.26199,0.022962,-0.88878,-0.92107,-0.29923,-0.58944,0.22333,0.15152,0.17524,-0.12514,0.60537,0.16237,0.44815,-0.4698,0.34441,0.55161,-1.2613,-0.14189,1.177,1.8485,-0.12922,-0.31673,-0.32615,0.57001,-0.14462,-0.1798,0.36299,0.13795,-0.076893,-0.46347,0.27383,-0.0087563,-0.033689,-0.27105,0.094713,-0.22604,-1.3212,-0.80282,-0.70545,-0.052122,-0.17332,-0.13739,0.0096561,0.5037,-0.46476,0.055428,-0.28536,-0.15691,-0.33777,1.5464,1.481,1.6327,0.46493,0.55276,1.4307,0.84086,1.3408,0.44707,1.2314,1.1784,0.4394,0.72635,0.23937,0.16522,0.37106,0.80045,0.14676,0.88728,-0.85902,-1.2358,0.85289,-0.91591,-0.54887,-1.3861,-0.7664,0.43058,-0.34255,-0.28704,-0.16843,-0.71767,0.069717,0.44185,-0.58279,0.19748,0.76089,-0.13021,0.58957,-0.32991,0.23066,0.15278,-0.14665,-0.4608,-0.061567,-0.25913,-0.44853,-0.18505,-0.32127,0.64572,0.54279,0.0079354,0.51516,1.5379,1.1803,1.2432,1.5513,1.3298,1.0675,0.71074,1.1143,0.01236,0.24825,0.35522,0.0062859,0.474,0.20641,0.68307,0.81073,0.72525,-0.18495,0.11533,0.43454,0.060079,0.14869,0.054478,-0.5121,0.034232,0.24224,0.51893,0.17499,-0.3231,-0.003239,-0.8028,-0.20804,-0.96793,-1.3726,-0.63226,-0.57441,-0.1192,0.15111,-0.20304,0.28021,-0.16459,-0.58374,-0.5172,0.026102,0.41618,0.077026,-0.81976,-0.22313,-0.10957,-0.69351,-0.094209,0.49547,-0.24444,0.091638,0.29971,0.3701,0.57233,1.0756,-0.20262,-0.15923,0.20631,1.2294,0.35009,0.69297,1.1307,0.45312,0.68223,0.97266,1.4036,1.3421,0.025688,1.4176,0.16205,-0.63532,-0.15132,-0.033108,0.38487,0.079366,-0.58918,-1.0668,0.45711,0.53793,-0.041956,0.99266,0.84731,1.0208,0.21218,-0.058236,0.58741,0.51043,1.1546,-0.019432,-0.47658,0.54528,0.54187,0.78458,-0.061551,-0.80852,0.64393,0.3692,-0.8164,-0.10723,-0.019879,-0.14349,0.10985,-0.28321,-0.17834,-0.33917,0.17042,0.21255,-0.63922,-1.0948,-0.30325,-0.6521,-0.22955,-0.33517,-0.28747,-0.02048,-0.24374,0.26651,-0.071911,-0.08257,-0.38702,-0.15364,-0.15828,-0.26232,0.49016,1.1555,0.076314,0.80873,1.0147,0.045296,0.69511,0.98525,1.093,1.1455,0.69912,1.0903,0.68003,1.1415,0.7619,0.63315,0.43846,1.4289,0.1167,0.60876,0.4092,0.21615,0.4388,-0.037628,-0.019486,0.052024,0.26492,-0.6027,0.45643,0.022067,0.34649,0.017575,-0.62975,-0.19269,-0.085197,-0.15685,0.14898,-0.41028,-0.76144,0.11184,-0.651,-0.089735,0.36423,-1.1662,-0.4508,-0.18008,-0.062098,1.1027,1.6416,2.0703,0.88084,1.1647,0.50681,1.5859,1.0631,0.27536,0.42336,0.74109,0.8328,1.5829,1.0341,0.70743,0.94511,1.3312,0.025853,0.47882,-0.07436,-0.16364,-0.39799,0.73411,1.0378,-0.18149,0.86266,0.66985,0.57,0.7554,0.83941,-0.52407,0.95896,0.99525,0.79234,0.25432,0.17175,0.13597,-0.33259,-0.29863,-0.458,0.23917,-0.55867,-0.096435,-1.1198,-0.32713,1.3864,-0.48043,0.14397,-0.06006,0.84263,1.2561,0.30114,0.48735,0.9066,-0.078423,0.1122,-0.42539,-0.23385,-0.74462,0.31181,-0.66684,-0.21291,-0.12051,-0.14867,-0.61608,-0.96479,-1.2545,-0.84014,-0.88372,-0.7858,-0.041776,-0.29116,0.29947,0.28044,0.9814,0.92431,0.93049,-0.26611,0.18153,0.63647,0.73351,-0.22168,0.60635,0.27894,-0.58693,0.68228,0.087707,0.53589,0.067576,0.10524,0.078925,-0.21439,-0.76325,-0.15207,-0.67541,-0.91583,-1.1273,-0.39807,-0.70013,-0.78343,0.00947,-0.41279,-0.36095,-0.85286,-0.47733,0.60523,0.47367,0.17507,0.5534,0.23182,0.9294,-0.14917,0.18661,0.65978,0.57975,0.85684,0.28573,0.82384,0.67258,-0.74995,-0.18894,-0.80082,-0.21605,-0.82099,-1.2863,0.40239,-0.60328,-0.69078,0.075093,-0.1918,-0.078453,-0.4015,-1.0083,-0.30205,-0.2843,0.63968,0.20257,0.017558,-0.84651,-1.0594,0.26583,-0.04925,-0.35095,0.20457,-0.2348,0.10692,-0.35141,-1.2672,-0.65806,-1.2765,-1.4006,0.055522,-0.78297,-0.32101,0.29414,-0.076425,-0.96403,-0.29135,0.087176,-0.47178,0.1768,0.15381,-0.50681,0.50692,-0.35779,0.01814,-0.15387,-0.15548,0.84918,0.43849,0.52184,0.59497,-0.39147,-0.5742,-0.11106,-0.053474,-0.78895,-1.0093,-0.068315,0.085652,0.33664,0.21664,-0.29902,0.35608,0.75711,0.44669,0.73825,0.69977,0.83606,0.8068,0.82654,1.3316,1.1715,1.1138,0.99719,1.025,0.98979,0.48101,-0.11926,0.48077,1.1178,0.35384,0.16865,0.87402,0.10963,-0.11794,0.98688,0.37645,0.49244,-0.25978,0.36732,-0.14138,-0.40045,-1.1459,-0.65529,-0.17616,0.16984,-0.81887,-0.92943,-0.64873,-0.59285,0.41034,-0.45952,-0.45043,-0.96692,-0.37532,-0.5995,-0.59858,0.10549,-0.63469,0.19568,-0.15688,-0.24684,0.28631,-0.085301,0.97434,1.2748,0.35893,1.3921,0.72133,0.38129,1.0994,0.74963,0.81004,0.82432,1.2556,1.3712,0.51814,0.35715,0.78438,-0.0029363,-0.26848,-0.49971,0.72166,-0.22155,-0.61287,-0.40926,-0.80391,-0.49156,-0.52011,-1.596,-0.3478,0.01674,-0.1647,-0.89843,-0.71133,-0.60838,0.0041788,0.17004,-0.041435,-0.39845,0.54024,-0.32954,-0.79556,-0.52019,0.27752,0.53219,0.34101,-0.099706,-0.37373,1.08,0.22568,1.0874,-0.9812,0.093777,0.27566,-0.3388,-1.4373,-0.19803,-0.023343,0.92317,0.32531,0.67648,0.75454,0.54661,1.0451,0.63294,1.0955,0.91601,-0.039935,0.86624,0.503,0.87627,0.99644,0.94753,0.061979,-0.2623,0.35972,0.34487,0.4104,-1.0137,-0.37342,0.37544,-0.62392,-1.002,-0.68997,-0.43333,-0.39814,-0.9614,-1.1098,-1.0257,-1.2939,-1.1413,-0.83502,-0.47437,-0.49475,-0.17559,0.090235,0.7416,0.36738,1.2556,0.099229,0.69793,0.47426,-0.069327,1.277,-0.15668,-0.42348,-0.089591,-0.024883,-0.60052,-1.3232,-1.0843,-1.06,-0.037378,-0.70484,-0.61944,-0.2671,-0.95561,-0.34459,-0.41446,-0.51054,-0.39859,-0.60329,-0.224,0.34247,-1.1,-0.28209,-0.53971,-0.3403,0.40821,-0.52766,0.092246,-0.28282,-0.14083,0.54826,0.31547,-0.73988,0.29798,0.56931,-0.16609,-0.21804,0.89551,0.28938,-0.94085,-0.67682,-0.49841,-0.80415,-1.6537,0.26256,-0.80129,-0.49035,-0.4232,-0.51392,-0.64213,-0.74192,-0.57814,-1.1303,-0.84992,-1.2644,-0.77335,0.028813,-0.34692,-1.0931,-1.0351,-0.61168,-0.78838,-0.39673,0.057323,-0.10186,0.8992,-0.50399,-0.46622,-0.82693,-0.63108,-0.55486,-0.57955,0.65381,-0.18498,0.19321,0.0086878,-0.45136,0.12129,0.42926,0.092099,0.48535,0.69418,0.54941,0.78613,-0.10389,0.24279,-0.17768,-0.58455,0.54681,-0.88897,-1.4154,0.065626,-0.27037,0.14132,-1.0537,-1.1438,-0.21172,-0.80171,0.26238,0.038028,0.16111,0.08506,0.50425,0.80973,0.82018,1.512,0.97549,0.92562,1.3793,0.14096,-0.63006,-0.24812,-0.80122,-0.54685,-0.37359,0.18371,-1.3641,-0.34297,-0.56809,-0.83325,-0.50537,-0.21224,0.58976,0.37193,1.0047,0.44621,-0.39935,0.66084,0.29667,0.31075,-0.16546,-0.82862,-0.6086,-0.16041,0.34936,-0.084302,-0.39738,-0.32201,-0.27912,-0.19309,-0.50982,-0.51545,-0.26725,-0.044926,-0.55234,1.0392,1.1136,0.56748,1.2388,0.53337,0.78418,0.846,0.53643,0.29946,0.20089,0.79175,1.5126,0.12424,1.4562,0.59558,0.55365,0.47351,0.52237,0.069926,0.62783,-0.34364,0.18551,-0.45254,-0.44936,0.98279,-0.77988,-0.42513,-0.52882,0.55579,0.11197,0.27719,0.41975,-0.26303,0.031117,0.14249,0.029854,-0.51926,0.43509,0.83395,0.47734,0.49918,0.89825,-0.64277,0.94704,0.10795,0.41531,0.1574,0.40101,-0.3472,0.3099,-0.056779,0.28535,-0.24849,1.0868,0.72627,0.5454,0.098948,0.17644,0.58,0.98471,1.5042,1.0643,0.88462,1.1544,1.1658,0.98837,0.83482,0.52941,-0.75166,-1.1172,-0.84008,-0.071303,-0.79308,-0.23846,-0.20962,-0.15511,0.060903,-0.30492,-0.05786,-0.012939,-0.081899,-0.10715,-0.41404,-0.3731,-0.11912,0.33376,0.00061135,-0.54295,0.66865,0.62899,0.3251,1.1028,0.45075,0.49276,-0.25698,0.056588,-0.21777,0.46493,0.052088,-0.38515,-0.14342,-0.3312,-0.76098,-0.48601,-0.43161,-0.97547,-1.5683,-0.89286,-0.46503,-0.33958,-0.57892,-0.77188,-0.13089,-0.38047,-0.23665,-0.33288,-0.23433,-0.16639,0.51266,-0.48355,-0.26789,0.13035,0.59611,0.82126,0.26507,0.55134,0.59256,0.88981,1.0486,1.0741,1.1131,0.99387,1.9077,1.3969,0.73976,1.0933,-0.01005,0.69564,1.0735,0.758,-0.57191,-0.26556,0.097669,0.037317,-0.76231,-0.81642,-0.87637,-0.72767,-0.42008,-0.74985,-0.85824,-0.77867,-0.98392,-0.81399,-1.1646,-1.0694,-0.77766,-1.081,-0.91277,-0.43572,-0.49098,-0.94801,-0.76379,-0.57373,-0.91623,-0.37792,-0.9686,-0.8746,-0.42189,-0.65089,-0.48097,-0.8276,-0.45756,-1.006,0.13871,0.20279,-0.88609,-0.74248,0.46255,-0.094497,0.62437,-0.27977,-0.30774,0.012224,0.19865,0.62753,0.75053,0.20846,0.040262,1.1815,0.82852,0.22209,0.25386,0.20771,-0.24566
-0.7015,-0.59201,-0.49226,-0.52848,-0.25837,-0.60079,-0.68319,-0.45372,-0.048458,-0.62237,0.060057,0.66316,-0.018491,-0.084262,0.10549,0.10393,-0.48888,-1.0321,-0.84025,-0.64102,-0.58741,-0.0643,-0.31152,-0.15218,0.10313,0.57378,0.99425,-0.38409,0.20768,1.5784,0.85141,1.365,0.52498,0.55671,1.3962,0.29751,1.244,0.1519,1.3216,0.90979,0.41819,0.20634,-0.63669,0.090071,0.41388,0.73391,0.41197,1.2987,0.43449,1.3102,0.95853,1.0685,0.46863,0.52418,0.38463,1.4636,0.016385,0.44726,0.64345,0.52087,0.20753,0.6569,0.72409,0.73021,1.6946,-0.63442,-0.033421,-0.64979,0.0093381,-0.2505,-1.2089,0.2015,-0.02876,0.92988,-0.42585,0.091999,0.33399,0.55548,0.37346,0.42917,0.23244,0.56054,-0.015003,-0.32127,0.013637,-0.49172,-0.16461,0.1441,0.40641,0.73329,-0.10571,-0.0068016,0.41231,-0.18104,-0.60241,0.76225,0.90415,0.27278,0.081062,1.0401,1.0012,1.0633,-0.19637,0.79181,0.87224,0.68108,0.86799,0.99582,1.0837,0.88147,0.77948,1.5331,0.72478,-0.29577,0.017988,0.49303,0.087911,0.055458,0.2866,-0.54879,-0.4695,-0.18351,-0.10952,0.19584,-0.21062,0.18256,0.68574,0.06799,-0.46649,-0.74687,-0.76142,-0.172,0.059313,-0.31906,0.10972,0.17945,-0.58316,-0.5562,-0.98353,0.17942,0.72466,0.31742,-0.83366,-0.40179,-0.77201,0.036457,0.20755,-1.1764,-0.32357,-0.19063,-0.20544,0.33643,0.20178,0.044136,0.2706,-0.041012,-0.70056,-1.0699,0.17143,0.023237,-0.1791,-0.81808,0.5178,-1.1932,-0.58632,-0.40848,0.10726,0.25561,-1.1872,-0.54911,-1.0938,0.10039,0.24135,-1.1916,-1.0718,0.15631,-0.26172,-0.78978,-0.62964,-0.40063,-0.59957,-0.56767,-1.6772,0.098536,0.50612,-0.28604,-0.46202,0.15017,0.64826,0.72459,-0.29441,-0.20343,0.24005,0.88765,0.57767,0.093834,0.99243,0.57317,0.8019,0.023942,0.69282,0.21114,1.2227,-0.49283,-0.27952,0.1533,0.11093,0.24326,-0.73637,0.17041,0.37423,-0.16647,-1.157,-0.23204,-0.83244,-0.40567,-0.91255,-0.43891,-0.63033,0.04768,-1.0263,-0.42115,-0.37681,0.074813,-0.50752,0.59802,-0.58514,0.80747,0.12298,0.53244,-0.91847,0.39933,0.41494,-0.30134,-0.48407,-0.26075,-0.099887,0.19707,0.063137,-0.063031,-0.20236,-0.5646,-1.2818,-0.4851,-0.73912,-0.29989,-0.66026,-0.19161,0.10053,0.06995,0.24234,-0.0913,-0.10079,0.001504,-0.17616,0.61323,0.84626,1.4463,1.0994,0.6669,1.9593,1.2066,0.32533,2.2493,0.94449,2.3504,0.13449,0.58471,0.57731,1.3709,-0.022233,-0.1177,0.069156,-0.35143,-0.31564,-0.30418,-0.71262,-0.058686,-0.35029,-0.21075,-0.44973,-0.71463,-1.0665,-1.0641,-0.79421,-0.71045,-1.0226,-0.83931,-0.39625,-0.11921,-1.3779,-1.8403,-1.5243,-1.3428,-1.7789,-0.46552,-0.25746,0.76891,0.81799,0.66625,-0.084865,0.95538,0.13372,0.36494,-0.9331,-0.11925,0.37361,0.047526,0.21238,0.35171,0.41684,0.52272,-0.053269,-1.2649,-0.72538,-1.1916,-0.98895,-0.79862,-1.8942,-1.3069,-1.6567,-0.81375,-1.2464,-1.5732,-1.3959,-1.8992,-1.6198,-1.3246,-1.3719,-0.82458,-0.62466,-1.2331,-1.0395,-0.82197,-0.77601,-0.93614,-1.9526,-0.44242,-0.46125,-0.35287,-0.51833,-0.16815,-0.31415,0.14851,-0.66078,-0.61219,0.16075,0.10436,-0.12008,0.084207,-0.71279,1.0453,0.098091,0.79821,-0.41483,-1.7082,0.45757,0.46811,1.1227,0.80012,0.21842,0.5731,1.2825,0.88772,0.22687,0.90914,0.67803,0.73992,0.91769,0.49857,1.2604,1.862,0.5242,0.90934,-0.36898,0.83049,-0.28824,-1.1293,0.32061,-0.3815,-0.32828,-0.22316,-0.069838,0.14977,0.86418,0.24874,-0.047324,0.18589,0.30205,-0.58431,0.24894,0.40383,-0.18111,0.14866,-0.61818,-0.25957,-0.99097,0.3339,0.22889,-0.80616,-0.90716,-0.30761,0.036123,-0.15336,0.29037,0.52466,0.87711,0.8425,1.3095,1.4335,1.8586,1.9828,1.2402,1.5674,1.9703,2.1267,2.0175,1.5675,1.158,2.1518,1.0403,2.0895,1.7003,1.1051,0.9748,0.49465,0.81693,0.75739,0.74804,0.63368,1.9458,1.5282,0.86767,1.1163,0.31942,-0.089181,1.0229,0.88042,0.72207,0.18099,0.48897,0.84955,1.5397,0.40875,-0.074381,1.2663,0.46751,0.10974,0.54046,0.049582,0.63997,0.94999,0.97667,0.65309,0.96839,0.50719,0.27468,-0.42184,-0.25767,0.27043,-0.24453,-0.90843,0.045599,0.11039,0.45313,-0.30774,-0.1059,-0.7525,-0.69045,-0.57508,-0.86712,-0.63696,0.031944,-0.066701,0.48898,-0.34719,0.16221,1.0206,-0.035657,0.82853,0.27147,0.1252,1.3593,0.74418,1.039,1.173,1.0722,0.052058,0.090313,0.27995,1.3319,0.23928,0.76557,0.46325,-0.13707,-0.085763,-1.0196,0.19099,-0.055392,-0.14116,-0.65792,0.44943,0.15361,-0.52849,-1.2779,-0.5391,-0.76328,-0.67692,-1.3766,-0.75571,-1.2267,-1.0158,-0.26045,-0.65249,-0.22493,0.63474,-0.90494,-1.2885,-0.66089,-0.024921,-0.21804,0.071959,-0.66493,0.17877,0.59215,-0.15469,0.31895,0.52831,0.64967,0.76246,-0.3097,-0.19471,0.20638,0.4426,0.059319,-0.10336,-0.73973,-0.28024,0.74077,0.064756,-0.56592,-0.53464,0.86466,-0.79628,-0.42254,0.13054,0.58839,0.42959,-0.80414,-0.37215,-0.63852,0.43052,0.7976,0.07902,0.10326,0.43568,-0.13601,-0.43309,-0.24465,-0.46689,0.83376,-0.39809,-0.31152,-1.166,-0.30686,0.079768,-0.38523,-0.15105,-0.12201,0.27841,0.51627,0.29036,0.68981,1.2212,-0.28565,-0.0052544,-0.46794,0.10255,-0.53211,-0.71785,-1.4686,-0.97072,-1.2681,-1.6961,-1.4781,-1.4318,-1.5219,-1.2327,-1.4672,-1.3926,-0.55222,-0.62171,-0.80987,-0.95638,0.31406,0.68568,0.099442,-1.1395,0.30168,0.95957,0.64717,-0.19706,0.40034,0.18499,0.15724,-0.44854,-0.15214,-0.094959,0.25175,-0.36838,0.055424,-0.51486,0.1014,-0.47645,-2.0867,-1.6197,-1.8822,-0.87964,-1.88,-1.373,-1.1002,-0.54633,-0.53264,-1.3467,-0.14461,0.30266,0.88378,0.45618,0.2393,0.55064,0.84954,0.67102,0.10877,0.64997,0.75579,0.69879,0.62678,0.24988,0.066006,-0.10402,-0.27693,-0.6655,0.12399,-0.8378,-1.1503,-1.2322,-1.0118,-1.0105,-0.56529,-0.52359,-1.1444,-0.84645,-1.0371,-0.77252,-0.96953,-0.24148,-0.5267,-1.6101,-1.4302,-1.2825,-0.055977,-0.61067,-0.79278,0.47547,-0.3577,-0.51103,-0.97267,-1.5849,-1.8319,-0.83998,-1.7792,-1.3764,-0.88286,-1.1525,-0.56373,-0.93546,0.14128,-0.76291,-0.77489,-0.44335,-0.52083,0.13385,-0.32637,-0.19212,-0.50214,0.14658,-0.32552,-0.9752,-0.85191,-1.3416,-0.44808,-1.9566,-2.2722,-1.4065,-1.0602,-1.5542,-1.819,-1.5078,-0.91219,-0.90554,-0.90985,-0.66216,-0.68098,0.35352,0.1981,0.48633,0.29626,0.84755,1.3163,0.35156,0.43113,1.4142,0.83631,0.034803,0.25834,0.90576,1.0655,1.1683,-0.21198,0.21735,1.1152,0.77682,1.2425,0.057661,0.1422,0.44945,1.2935,1.178,0.21497,0.27974,0.22738,0.62376,-0.2972,-0.68372,0.40225,-0.40736,-0.091766,-1.2538,-1.306,-1.0752,-1.3001,-0.195,-0.47869,-0.03212,-0.66268,-0.63385,-1.2303,-0.80198,-0.82696,-0.41322,-1.0474,-0.091469,-0.28116,0.56085,-0.052267,0.58139,0.80621,1.2686,1.6909,0.72575,1.1785,1.744,1.6604,1.5147,1.3893,0.69279,0.75567,1.4085,1.2927,0.32162,0.30471,0.49319,0.55698,0.77089,-0.16134,-0.39851,0.18492,0.015163,-0.15603,-0.028494,-0.48435,0.0066903,-0.24934,0.016936,-0.48507,0.19547,-0.25806,-0.55387,0.39977,0.63656,0.25279,0.10033,0.16714,0.16251,1.0547,0.22453,0.12105,0.66758,0.46135,-0.73175,0.080804,0.63438,0.6726,-0.363,-0.89215,-0.3308,-0.71644,-0.64841,-1.2635,-0.50014,-0.085422,0.18363,1.1471,1.0224,0.78315,0.94011,1.1331,1.0286,0.65906,0.97434,0.68739,0.67702,0.7838,0.95528,-0.40685,-0.75265,0.058671,0.31724,-0.721,-0.49132,-1.1684,-1.4662,-1.3689,-1.4309,-1.7912,-1.4985,-1.5952,-1.4056,-1.4378,-1.5345,-1.5827,-1.4391,-1.6202,-0.59239,-0.061907,0.049069,-0.3323,-0.11072,0.34973,0.53965,0.47661,0.50109,0.85337,0.64169,0.61889,0.37957,-0.031304,-0.13693,0.29305,-0.076424,0.14807,0.40993,0.64776,-1.1846,-0.87532,-1.1589,-0.6753,0.6813,0.46301,0.18625,0.8733,0.031751,-0.06028,0.66918,1.0179,-0.025555,0.38507,0.2767,0.11565,0.59692,0.25562,0.28588,0.7033,1.3815,0.5643,0.65122,0.57007,0.64695,1.3627,0.29119,0.60811,0.099472,1.1106,1.0268,-0.03759,-0.0081977,0.89801,0.13973,-1.1348,0.22239,-0.87155,-0.49834,-0.77378,-0.68176,-0.49009,-0.35384,-0.026818,0.19086,-0.081279,-0.85512,-0.15733,-0.23218,0.011262,-0.95523,-0.94318,-0.87079,-0.66205,0.53893,0.42541,0.6278,0.59508,-0.24113,-0.70513,-0.21859,0.066005,0.64528,0.22428,0.55781,1.0279,1.1633,0.73157,0.80942,1.3126,1.5084,0.97296,1.3254,1.0058,1.4191,1.8445,1.2074,0.91953,0.57421,0.35628,1.6811,0.45241,0.94819,1.6644,0.93612,0.62884,0.64201,0.49829,0.1884,0.091841,1.3033,0.90394,0.84467,0.47989,1.2597,0.73293,0.83863,2.243,0.33288,1.5261,1.6164,1.2947,0.011483,0.5156,-1.018,-0.34045,-0.33061,0.41569,-0.22282,0.99787,0.79921,0.74645,1.0582,0.29483,1.9085,1.2554,2.0008,0.64637,0.98001,0.64431,0.66532,1.0163,-0.10288,-0.81252,-0.040864,-0.33183,-0.60163,0.22023,-0.61155,-0.041033,0.061837,0.13822,-0.26066,-0.36127,0.036676,-0.18688,-0.1809,1.0533,0.41378,0.61331,1.32,1.3016,1.2829,0.67732,0.96338,1.6071,1.3223,1.3125,1.4743,0.90138,1.1435,0.34908,0.61578,0.93691,0.32851,0.16816,0.37045,0.16405,0.097548,0.47939,0.0092917,0.032348,-0.059491,0.1652,0.4744,0.66047,0.22766,0.16714,0.52427,0.7009,0.9678,0.47123,0.59905,0.49292,0.87686,2.0334,1.58,0.99245,1.0679,-1.003,0.60112,0.83285,1.39,1.3399,0.439,-0.58088,0.37815,0.17967,0.82039,0.21092,1.5239,2.6411,1.8516,0.76659,1.141,1.5511,1.4219,2.1172,1.0417,0.85097,1.5642,2.0961,1.2293,0.26668,0.075893,-0.25708,-0.25493,-0.69536,0.42854,-0.82815,-0.061962,0.34782,-0.25495,0.017213,0.16829,-0.25409,0.10934,-0.56225,-0.061466,-0.58382,0.43907,0.72142,0.75918,1.1783,0.86668,-0.034637,1.1417,0.90772,0.88357,-0.19209,0.48156,0.56064,0.68728,-0.0086703,0.16676,-0.025801,-0.68965,-0.38318,-0.75294,-0.88416,-1.3499,-0.85352,-1.5383,-1.2404,-0.78386,-0.0095,-0.94469,-1.0758,-0.80642,-0.12779,-0.084644,-0.42114,-0.49979,-0.415,-0.17605,0.09384,-0.45685,0.22834,1.42,1.49,1.2481,1.2371,0.99767,1.2362,1.408,1.2628,1.4218,1.4113,0.77764,1.2198,1.2641,1.1928,0.14013,0.7525,0.37252,0.42076,0.26647,-0.62305,-0.25051,-0.20854,0.10295,-1.2875,-0.98655,-0.83226,-0.98788,-1.0343,-0.94915,-1.2823,-1.5975,-1.1846,-1.4602,-1.315,-1.959,-1.7393,-1.4076,-1.3069,-1.2487,-1.523,-1.3958,-1.4531,-1.4869,-1.4869,-1.3217,-1.8502,-1.7398,-1.3021,-1.3121,-1.4183,-1.5476,-0.93234,-1.4505,-1.1329,-1.5055,-1.7247,-1.0906,-0.32868,-0.0096411,0.55557,-0.61233,-0.32579,-0.70234,-0.28374,-0.029101,0.055031,-0.73162,-0.013728,0.38985,-0.28206,-0.37392,-0.88146,-0.40708,-0.89358
